Data Start: 2020-09-21 14:12:21
Data End: 2020-09-21 14:33:54
Devicename: Multi Plankton Sampler MPS
IdentNo.: 1020

Net []
Range1: 0 to 5

Pressure [dbar]
Range1: 0.0 to 3000.0  Cal0: -8.585877E+2  Cal1: 1.175972E-1  Cal2: -1.044298E-6  Cal3: -1.441992E+0  Cal4: 9.253807E-5  Cal5: -8.766143E-10  Cal6: 7.97392E-2  Cal7: 7.856609E-2  Cal8: -1.359118E-8

Volume [m³]
Range1: 0 to 65000  Cal0: 2.5E-1

Flow in [m/s]
Range1: 0.0000 to 9.9000

Flow out [m/s]
Range1: 0.0000 to 9.9000

Flow ratio [%]
Range1: 0.00 to 200.00

Header Comment

Ship: Barker Boys
Cruise:
Station: 007
Cast: 011
Position: Start: 44 41.206 N  66 29.146 W | End: 44 41.853 N  66 29.085 W
Operator: Davies/Pearson


Time [hh:mm:ss]	Net []	Pressure [dbar]	Volume [m³]	Flow in [m/s]	Flow out [m/s]	Flow ratio [%]	Comments  [Index]
14:12:21	0	0.2	0	0.0000	0.0000	0.00	
14:12:22	0	0.2	0	0.0000	0.0000	0.00	
14:12:23	0	0.3	0	0.0000	0.0000	0.00	
14:12:24	0	0.3	0	0.0000	0.0000	0.00	
14:12:25	0	0.1	0	0.1000	0.0000	0.00	
14:12:26	0	0.1	0	0.1000	0.0000	0.00	
14:12:27	0	0.1	0	0.0000	0.0000	0.00	
14:12:28	0	0.1	0	0.0000	0.0000	0.00	
14:12:29	0	0.1	0	0.0000	0.0000	0.00	
14:12:30	0	0.1	0	0.0000	0.0000	0.00	
14:12:31	0	0.1	0	0.0000	0.0000	0.00	
14:12:32	0	0.1	0	0.0000	0.0000	0.00	
14:12:33	0	0.1	0	0.0000	0.0000	0.00	
14:12:34	0	0.1	0	0.0000	0.0000	0.00	
14:12:35	0	0.1	0	0.0000	0.0000	0.00	
14:12:36	0	0.2	0	0.0000	0.0000	0.00	
14:12:37	0	0.1	0	0.1000	0.0000	0.00	
14:12:38	0	0.2	0	0.1000	0.0000	0.00	
14:12:39	0	0.2	0	0.2000	0.0000	0.00	
14:12:40	0	0.2	0	0.2000	0.0000	0.00	
14:12:41	0	0.2	0	0.1000	0.0000	0.00	
14:12:42	0	0.3	0	0.1000	0.0000	0.00	
14:12:43	0	0.1	0	0.1000	0.0000	0.00	
14:12:44	0	0.3	0	0.1000	0.0000	0.00	
14:12:45	0	0.1	0	0.3000	0.0000	0.00	
14:12:46	0	0.1	0	0.3000	0.0000	0.00	
14:12:47	0	0.1	0	0.0000	0.0000	0.00	
14:12:48	0	0.1	0	0.0000	0.0000	0.00	
14:12:49	0	0.1	0	0.0000	0.0000	0.00	
14:12:50	0	0.1	0	0.0000	0.0000	0.00	
14:12:51	0	0.1	0	0.0000	0.0000	0.00	
14:12:52	0	0.1	0	0.2000	0.0000	0.00	
14:12:53	0	0.1	0	0.2000	0.0000	0.00	
14:12:54	0	0.3	0	0.0000	0.0000	0.00	
14:12:55	0	0.1	0	0.1000	0.0000	0.00	
14:12:56	0	0.2	0	0.3000	0.0000	0.00	
14:12:57	0	0.3	0	0.3000	0.0000	0.00	
14:12:58	0	0.1	0	0.1000	0.0000	0.00	
14:12:59	0	0.1	0	0.1000	0.0000	0.00	
14:13:00	0	0.1	0	0.0000	0.0000	0.00	
14:13:01	0	0.1	0	0.0000	0.0000	0.00	
14:13:02	0	0.1	0	0.0000	0.0000	0.00	
14:13:03	0	0.2	0	0.0000	0.0000	0.00	
14:13:04	0	0.2	0	0.0000	0.0000	0.00	
14:13:05	0	0.2	1	0.6000	0.1000	600.00	
14:13:06	0	0.2	1	1.2000	0.1000	1200.00	
14:13:07	0	0.2	1	1.0000	0.0000	0.00	
14:13:08	0	0.2	1	0.3000	0.0000	0.00	
14:13:09	0	0.2	1	0.0000	0.0000	0.00	
14:13:10	0	0.2	1	0.0000	0.0000	0.00	
14:13:11	0	0.2	1	0.0000	0.0000	0.00	
14:13:12	0	0.2	1	0.7000	0.1000	700.00	
14:13:13	0	0.2	2	1.3000	0.3000	433.33	
14:13:14	0	0.2	2	1.3000	0.3000	433.33	
14:13:15	0	0.2	3	2.3000	1.3000	176.92	
14:13:16	0	0.2	4	3.1000	3.1000	100.00	
14:13:17	0	0.3	5	4.1000	4.1000	100.00	
14:13:18	0	0.3	6	5.5000	4.9000	112.24	
14:13:19	0	0.3	8	6.0000	5.7000	105.26	
14:13:20	0	0.2	9	6.3000	5.0000	126.00	
14:13:21	0	0.2	11	6.6000	2.3000	286.96	
14:13:22	0	0.3	12	5.9000	0.3000	1966.67	
14:13:23	0	0.3	13	4.0000	0.2000	2000.00	
14:13:24	0	0.2	14	3.0000	1.2000	250.00	
14:13:25	0	0.2	14	2.2000	1.9000	115.79	
14:13:26	0	0.3	15	2.5000	1.3000	192.31	
14:13:27	0	0.3	16	3.5000	1.8000	194.44	
14:13:28	0	0.3	17	3.7000	3.3000	112.12	
14:13:29	0	0.3	18	4.5000	4.0000	112.50	
14:13:30	0	0.3	20	5.6000	4.8000	116.67	
14:13:31	0	0.3	21	5.5000	5.2000	105.77	
14:13:32	0	0.2	22	4.7000	4.7000	100.00	
14:13:33	0	0.3	23	4.2000	4.4000	95.45	
14:13:34	0	0.3	24	4.2000	4.2000	100.00	
14:13:35	0	0.2	25	4.6000	4.4000	104.55	
14:13:36	0	0.3	27	5.1000	4.4000	115.91	
14:13:37	0	0.3	28	5.3000	3.6000	147.22	
14:13:38	0	0.3	29	4.3000	3.1000	138.71	
14:13:39	0	0.2	30	3.1000	1.7000	182.35	
14:13:40	0	0.2	30	1.4000	0.2000	700.00	
14:13:41	0	0.2	30	0.1000	0.0000	0.00	
14:13:42	0	0.3	30	0.2000	0.3000	66.67	
14:13:43	0	0.3	30	0.8000	0.8000	100.00	
14:13:44	0	0.3	31	1.9000	0.6000	316.67	
14:13:45	0	0.2	31	2.7000	0.5000	540.00	
14:13:46	0	0.2	32	2.3000	0.3000	766.67	
14:13:47	0	0.3	32	1.8000	0.0000	0.00	
14:13:48	0	0.3	33	2.0000	0.0000	0.00	
14:13:49	0	0.3	33	1.9000	0.2000	950.00	
14:13:50	0	0.3	34	1.8000	0.4000	450.00	
14:13:51	0	0.2	34	1.9000	0.2000	950.00	
14:13:52	0	0.2	35	2.1000	0.1000	2100.00	
14:13:53	0	0.2	35	2.3000	0.3000	766.67	
14:13:54	0	0.3	36	1.8000	0.3000	600.00	
14:13:55	0	0.3	36	0.7000	0.0000	0.00	
14:13:56	0	0.3	36	0.1000	0.0000	0.00	
14:13:57	0	0.3	36	0.0000	0.0000	0.00	
14:13:58	0	0.3	36	0.0000	0.0000	0.00	
14:13:59	0	0.3	36	0.0000	0.0000	0.00	
14:14:00	0	0.3	36	0.0000	0.0000	0.00	
14:14:01	0	0.3	36	0.0000	0.0000	0.00	
14:14:02	0	0.3	36	0.0000	0.0000	0.00	
14:14:03	0	0.3	36	0.1000	0.0000	0.00	
14:14:04	0	0.3	36	0.1000	0.3000	33.33	
14:14:05	0	0.2	36	0.3000	0.8000	37.50	
14:14:06	0	0.3	36	1.1000	0.8000	137.50	
14:14:07	0	0.3	37	1.6000	1.0000	160.00	
14:14:08	0	0.8	37	1.6000	1.3000	123.08	
14:14:09	0	0.9	37	1.6000	1.5000	106.67	
14:14:10	0	1.5	38	1.5000	1.6000	93.75	
14:14:11	0	1.9	38	1.4000	1.5000	93.33	
14:14:12	0	2.4	39	1.6000	1.3000	123.08	
14:14:13	0	3.1	39	1.5000	1.3000	115.38	
14:14:14	0	3.5	39	1.5000	1.2000	125.00	
14:14:15	0	3.8	40	1.2000	1.0000	120.00	
14:14:16	0	4.4	40	1.1000	0.9000	122.22	
14:14:17	0	4.9	40	1.3000	1.0000	130.00	
14:14:18	0	5.5	41	1.2000	1.0000	120.00	
14:14:19	0	6.1	41	1.2000	1.0000	120.00	
14:14:20	0	6.7	41	1.2000	1.0000	120.00	
14:14:21	0	7.3	41	1.2000	0.9000	133.33	
14:14:22	0	7.9	42	1.1000	0.9000	122.22	
14:14:23	0	8.7	42	0.8000	0.7000	114.29	
14:14:24	0	9.2	42	1.1000	0.7000	157.14	
14:14:25	0	9.9	42	0.9000	1.0000	90.00	
14:14:26	0	10.5	43	0.8000	0.9000	88.89	
14:14:27	0	11.0	43	1.2000	0.9000	133.33	
14:14:28	0	11.7	43	1.0000	0.9000	111.11	
14:14:29	0	12.4	43	1.0000	0.6000	166.67	
14:14:30	0	12.8	44	1.1000	0.7000	157.14	
14:14:31	0	13.6	44	0.7000	0.8000	87.50	
14:14:32	0	14.1	44	1.0000	0.7000	142.86	
14:14:33	0	14.6	44	1.1000	0.8000	137.50	
14:14:34	0	15.3	44	0.6000	0.8000	75.00	
14:14:35	0	15.8	45	0.9000	0.8000	112.50	
14:14:36	0	16.5	45	1.1000	1.0000	110.00	
14:14:37	0	17.2	45	1.0000	0.8000	125.00	
14:14:38	0	17.7	46	1.1000	0.8000	137.50	
14:14:39	0	18.4	46	1.0000	1.0000	100.00	
14:14:40	0	18.8	46	1.0000	0.9000	111.11	
14:14:41	0	19.5	46	1.1000	0.9000	122.22	
14:14:42	0	19.9	47	1.1000	0.9000	122.22	
14:14:43	0	20.6	47	1.0000	0.8000	125.00	
14:14:44	0	21.1	47	1.0000	0.7000	142.86	
14:14:45	0	21.7	47	0.9000	0.8000	112.50	
14:14:46	0	22.6	47	0.7000	0.5000	140.00	
14:14:47	0	23.0	48	1.0000	0.5000	200.00	
14:14:48	0	23.8	48	0.7000	0.7000	100.00	
14:14:49	0	24.6	48	0.7000	0.5000	140.00	
14:14:50	0	25.1	48	0.9000	0.8000	112.50	
14:14:51	0	26.0	48	0.5000	0.6000	83.33	
14:14:52	0	26.4	49	0.8000	0.5000	160.00	
14:14:53	0	27.1	49	0.8000	0.8000	100.00	
14:14:54	0	27.9	49	0.8000	0.5000	160.00	
14:14:55	0	28.4	49	0.9000	0.6000	150.00	
14:14:56	0	29.1	49	0.5000	0.8000	62.50	
14:14:57	0	29.8	49	0.6000	0.6000	100.00	
14:14:58	0	30.4	50	0.9000	0.6000	150.00	
14:14:59	0	31.0	50	0.6000	0.7000	85.71	
14:15:00	0	31.8	50	0.6000	0.5000	120.00	
14:15:01	0	32.5	50	0.9000	0.7000	128.57	
14:15:02	0	33.0	50	0.8000	1.0000	80.00	
14:15:03	0	33.8	51	0.8000	0.8000	100.00	
14:15:04	0	34.3	51	1.0000	0.8000	125.00	
14:15:05	0	34.8	51	1.0000	1.0000	100.00	
14:15:06	0	35.5	51	0.8000	0.8000	100.00	
14:15:07	0	35.8	52	1.0000	0.9000	111.11	
14:15:08	0	36.4	52	0.9000	1.0000	90.00	
14:15:09	0	36.9	52	0.8000	0.8000	100.00	
14:15:10	0	37.3	52	1.0000	0.9000	111.11	
14:15:11	0	37.8	53	1.0000	1.0000	100.00	
14:15:12	0	38.2	53	1.0000	1.0000	100.00	
14:15:13	0	38.6	53	1.0000	1.0000	100.00	
14:15:14	0	38.9	53	1.1000	1.0000	110.00	
14:15:15	0	39.5	54	1.1000	1.0000	110.00	
14:15:16	0	39.9	54	1.0000	0.9000	111.11	
14:15:17	0	40.1	54	1.2000	1.0000	120.00	
14:15:18	0	40.8	54	0.8000	0.8000	100.00	
14:15:19	0	41.0	55	0.9000	0.8000	112.50	
14:15:20	0	41.2	55	1.2000	1.0000	120.00	
14:15:21	0	42.1	55	0.7000	0.8000	87.50	
14:15:22	0	42.1	55	1.0000	0.8000	125.00	
14:15:23	0	42.7	55	1.0000	1.0000	100.00	
14:15:24	0	43.3	56	0.7000	0.8000	87.50	
14:15:25	0	43.4	56	1.0000	1.0000	100.00	
14:15:26	0	44.0	56	0.9000	1.0000	90.00	
14:15:27	0	44.2	56	0.9000	1.0000	90.00	
14:15:28	0	44.4	57	1.2000	1.0000	120.00	
14:15:29	0	45.2	57	1.0000	0.9000	111.11	
14:15:30	0	45.3	57	1.0000	1.0000	100.00	
14:15:31	0	45.6	57	1.1000	1.0000	110.00	
14:15:32	0	46.5	58	0.8000	0.7000	114.29	
14:15:33	0	46.4	58	1.2000	0.8000	150.00	
14:15:34	0	47.1	58	1.0000	1.0000	100.00	
14:15:35	0	47.6	58	0.7000	0.6000	116.67	
14:15:36	0	47.9	59	1.0000	0.7000	142.86	
14:15:37	0	48.5	59	0.7000	0.9000	77.78	
14:15:38	0	48.9	59	0.8000	0.9000	88.89	
14:15:39	0	49.2	59	1.0000	1.0000	100.00	
14:15:40	0	49.8	59	1.0000	1.0000	100.00	
14:15:41	0	50.2	60	1.1000	1.0000	110.00	
14:15:42	0	50.7	60	1.0000	1.0000	100.00	
14:15:43	0	51.0	60	1.0000	1.0000	100.00	
14:15:44	0	51.4	60	1.0000	1.0000	100.00	
14:15:45	0	51.6	61	1.1000	1.0000	110.00	
14:15:46	0	52.1	61	1.0000	1.0000	100.00	
14:15:47	0	52.5	61	1.0000	1.0000	100.00	
14:15:48	0	52.8	62	1.1000	0.9000	122.22	
14:15:49	0	53.5	62	0.7000	0.7000	100.00	
14:15:50	0	53.6	62	1.0000	0.8000	125.00	
14:15:51	0	54.1	62	1.0000	0.9000	111.11	
14:15:52	0	54.6	62	0.6000	0.7000	85.71	
14:15:53	0	54.8	63	1.0000	0.8000	125.00	
14:15:54	0	55.5	63	0.6000	0.7000	85.71	
14:15:55	0	55.8	63	0.8000	0.5000	160.00	
14:15:56	0	56.0	63	1.1000	0.8000	137.50	
14:15:57	0	56.8	63	0.6000	0.7000	85.71	
14:15:58	0	56.9	64	0.8000	0.7000	114.29	
14:15:59	0	57.6	64	0.8000	0.9000	88.89	
14:16:00	0	58.2	64	0.6000	0.6000	100.00	
14:16:01	0	58.5	64	0.9000	0.6000	150.00	
14:16:02	0	59.2	64	0.6000	0.7000	85.71	
14:16:03	0	59.4	65	0.8000	0.8000	100.00	
14:16:04	0	60.0	65	0.8000	0.8000	100.00	
14:16:05	0	60.6	65	0.8000	0.5000	160.00	
14:16:06	0	60.6	65	1.2000	0.8000	150.00	
14:16:07	0	61.4	65	0.7000	0.8000	87.50	
14:16:08	0	61.8	66	0.8000	0.7000	114.29	
14:16:09	0	61.9	66	1.2000	1.0000	120.00	
14:16:10	0	63.0	66	0.7000	0.8000	87.50	
14:16:11	0	63.4	66	0.9000	0.6000	150.00	
14:16:12	0	63.7	66	1.1000	0.8000	137.50	
14:16:13	0	64.5	67	0.5000	0.6000	83.33	
14:16:14	0	64.9	67	0.8000	0.6000	133.33	
14:16:15	0	65.5	67	1.0000	0.9000	111.11	
14:16:16	0	66.2	67	0.7000	0.7000	100.00	
14:16:17	0	66.5	67	0.9000	0.8000	112.50	
14:16:18	0	67.1	68	0.8000	1.0000	80.00	
14:16:19	0	67.5	68	0.8000	0.9000	88.89	
14:16:20	0	68.0	68	1.0000	1.0000	100.00	
14:16:21	0	68.5	68	1.0000	1.0000	100.00	
14:16:22	0	68.8	69	1.1000	1.0000	110.00	
14:16:23	0	69.3	69	0.9000	0.9000	100.00	
14:16:24	0	69.6	69	0.9000	0.8000	112.50	
14:16:25	0	70.0	69	1.0000	0.8000	125.00	
14:16:26	0	70.5	69	0.8000	0.8000	100.00	
14:16:27	0	71.0	70	0.9000	0.9000	100.00	
14:16:28	0	71.4	70	1.0000	1.0000	100.00	
14:16:29	0	72.0	70	0.7000	0.8000	87.50	
14:16:30	0	72.5	70	0.8000	0.5000	160.00	
14:16:31	0	73.0	71	0.8000	0.7000	114.29	
14:16:32	0	73.6	71	0.6000	0.7000	85.71	
14:16:33	0	74.1	71	0.7000	0.7000	100.00	
14:16:34	0	74.4	71	0.8000	0.9000	88.89	
14:16:35	0	74.8	71	0.8000	0.9000	88.89	
14:16:36	0	75.1	72	0.8000	0.8000	100.00	
14:16:37	0	75.3	72	0.9000	0.9000	100.00	
14:16:38	0	75.5	72	0.9000	0.9000	100.00	
14:16:39	0	75.9	72	0.9000	0.8000	112.50	
14:16:40	0	76.2	72	0.9000	0.9000	100.00	
14:16:41	0	76.7	73	0.8000	0.8000	100.00	
14:16:42	0	77.2	73	0.7000	0.5000	140.00	
14:16:43	0	77.7	73	0.8000	0.5000	160.00	
14:16:44	0	78.5	73	0.5000	0.4000	125.00	
14:16:45	0	78.8	73	0.7000	0.5000	140.00	
14:16:46	0	79.6	73	0.8000	0.6000	133.33	
14:16:47	0	79.9	74	0.8000	0.5000	160.00	
14:16:48	0	80.3	74	0.9000	0.7000	128.57	
14:16:49	0	80.6	74	0.5000	0.8000	62.50	
14:16:50	0	80.7	74	0.8000	0.8000	100.00	
14:16:51	0	81.0	74	0.8000	0.8000	100.00	
14:16:52	0	81.3	75	0.8000	0.8000	100.00	
14:16:53	0	81.6	75	0.9000	0.8000	112.50	
14:16:54	0	82.1	75	0.8000	0.8000	100.00	
14:16:55	0	82.7	75	0.8000	0.6000	133.33	
14:16:56	0	83.2	75	0.9000	0.7000	128.57	
14:16:57	0	83.9	75	0.5000	0.5000	100.00	
14:16:58	0	84.4	76	0.7000	0.3000	233.33	
14:16:59	0	84.6	76	0.9000	0.7000	128.57	
14:17:00	0	85.3	76	0.5000	0.6000	83.33	
14:17:01	0	85.4	76	0.7000	0.6000	116.67	
14:17:02	0	85.5	76	1.0000	0.8000	125.00	
14:17:03	0	86.4	77	0.6000	0.5000	120.00	
14:17:04	0	86.2	77	1.0000	0.6000	166.67	
14:17:05	0	86.9	77	0.9000	0.8000	112.50	
14:17:06	0	87.3	77	0.5000	0.5000	100.00	
14:17:07	0	87.7	77	0.8000	0.5000	160.00	
14:17:08	0	88.5	77	0.5000	0.5000	100.00	
14:17:09	0	89.0	78	0.8000	0.4000	200.00	
14:17:10	0	89.5	78	0.9000	0.6000	150.00	
14:17:11	0	90.3	78	0.7000	0.5000	140.00	
14:17:12	0	90.6	78	1.0000	0.6000	166.67	
14:17:13	0	91.3	78	0.5000	0.6000	83.33	
14:17:14	0	91.6	79	0.5000	0.5000	100.00	
14:17:15	0	91.9	79	0.9000	0.7000	128.57	
14:17:16	0	92.5	79	0.5000	0.6000	83.33	
14:17:17	0	92.8	79	0.6000	0.6000	100.00	
14:17:18	0	93.4	79	0.6000	0.6000	100.00	
14:17:19	0	93.9	79	0.7000	0.5000	140.00	
14:17:20	0	94.4	80	0.8000	0.5000	160.00	
14:17:21	0	95.0	80	0.6000	0.5000	120.00	
14:17:22	0	95.5	80	0.7000	0.5000	140.00	
14:17:23	0	95.9	80	0.7000	0.6000	116.67	
14:17:24	0	96.4	80	0.8000	0.8000	100.00	
14:17:25	0	96.8	80	0.8000	0.8000	100.00	
14:17:26	0	97.5	81	0.6000	0.5000	120.00	
14:17:27	0	97.7	81	0.8000	0.6000	133.33	
14:17:28	0	98.3	81	0.8000	0.6000	133.33	
14:17:29	0	98.8	81	0.5000	0.4000	125.00	
14:17:30	0	99.1	81	0.8000	0.5000	160.00	
14:17:31	0	99.7	81	0.5000	0.6000	83.33	
14:17:32	0	100.2	82	0.6000	0.5000	120.00	
14:17:33	0	100.6	82	0.9000	0.6000	150.00	
14:17:34	0	101.2	82	0.5000	0.4000	125.00	
14:17:35	0	101.4	82	0.8000	0.4000	200.00	
14:17:36	0	101.9	82	0.8000	0.7000	114.29	
14:17:37	0	102.4	83	0.5000	0.6000	83.33	
14:17:38	0	102.5	83	0.8000	0.7000	114.29	
14:17:39	0	103.1	83	0.6000	0.8000	75.00	
14:17:40	0	103.5	83	0.6000	0.7000	85.71	
14:17:41	0	104.0	83	0.8000	0.8000	100.00	
14:17:42	0	104.5	83	0.9000	0.7000	128.57	
14:17:43	0	105.0	84	0.8000	0.5000	160.00	
14:17:44	0	105.6	84	0.8000	0.6000	133.33	
14:17:45	0	106.1	84	0.8000	0.7000	114.29	
14:17:46	0	106.5	84	0.7000	0.7000	100.00	
14:17:47	0	107.1	84	0.6000	0.5000	120.00	
14:17:48	0	107.2	85	0.8000	0.6000	133.33	
14:17:49	0	107.6	85	0.8000	0.7000	114.29	
14:17:50	0	108.6	85	0.5000	0.4000	125.00	
14:17:51	0	108.5	85	1.0000	0.7000	142.86	
14:17:52	0	109.3	85	0.8000	0.7000	114.29	
14:17:53	0	110.0	85	0.5000	0.4000	125.00	
14:17:54	0	110.2	86	1.0000	0.7000	142.86	
14:17:55	0	111.0	86	0.5000	0.5000	100.00	
14:17:56	0	111.7	86	0.7000	0.3000	233.33	
14:17:57	0	112.0	86	1.0000	0.6000	166.67	
14:17:58	0	112.7	86	0.5000	0.6000	83.33	
14:17:59	0	113.4	87	0.5000	0.5000	100.00	
14:18:00	0	113.7	87	0.8000	0.7000	114.29	
14:18:01	0	114.5	87	0.5000	0.5000	100.00	
14:18:02	0	114.8	87	0.8000	0.5000	160.00	
14:18:03	0	115.2	87	0.9000	0.8000	112.50	
14:18:04	0	115.7	87	0.5000	0.7000	71.43	
14:18:05	0	116.1	88	0.8000	0.7000	114.29	
14:18:06	0	116.7	88	0.9000	0.8000	112.50	
14:18:07	0	117.1	88	0.9000	0.7000	128.57	
14:18:08	0	117.5	88	1.0000	0.8000	125.00	
14:18:09	0	118.1	89	1.0000	0.8000	125.00	
14:18:10	0	118.5	89	1.0000	0.8000	125.00	
14:18:11	0	119.0	89	0.9000	0.8000	112.50	
14:18:12	0	119.5	89	0.9000	0.8000	112.50	
14:18:13	0	120.1	89	0.8000	0.8000	100.00	
14:18:14	0	120.4	90	0.8000	0.7000	114.29	
14:18:15	0	120.8	90	1.0000	0.8000	125.00	
14:18:16	0	121.3	90	0.8000	0.8000	100.00	
14:18:17	0	121.6	90	0.8000	0.8000	100.00	
14:18:18	0	121.9	90	1.0000	0.8000	125.00	
14:18:19	0	122.4	91	0.8000	0.8000	100.00	
14:18:20	0	122.7	91	0.8000	0.8000	100.00	
14:18:21	0	122.7	91	1.0000	0.8000	125.00	
14:18:22	0	123.6	91	0.6000	0.7000	85.71	
14:18:23	0	123.8	92	0.8000	0.6000	133.33	
14:18:24	0	124.1	92	1.0000	0.7000	142.86	
14:18:25	0	124.9	92	0.5000	0.5000	100.00	
14:18:26	0	125.0	92	0.9000	0.5000	180.00	
14:18:27	0	125.6	92	0.7000	0.8000	87.50	
14:18:28	0	126.0	92	0.5000	0.7000	71.43	
14:18:29	0	126.3	93	0.9000	0.8000	112.50	
14:18:30	0	126.7	93	0.8000	0.8000	100.00	
14:18:31	0	127.1	93	0.9000	0.8000	112.50	
14:18:32	0	127.5	93	1.0000	0.8000	125.00	
14:18:33	0	127.7	94	1.0000	0.8000	125.00	
14:18:34	0	128.3	94	0.8000	0.8000	100.00	
14:18:35	0	128.6	94	0.9000	0.8000	112.50	
14:18:36	0	129.0	94	0.9000	0.8000	112.50	
14:18:37	0	129.7	94	0.5000	0.5000	100.00	
14:18:38	0	129.8	95	0.8000	0.6000	133.33	
14:18:39	0	130.2	95	0.9000	0.8000	112.50	
14:18:40	0	130.9	95	0.5000	0.5000	100.00	
14:18:41	0	130.9	95	0.8000	0.7000	114.29	
14:18:42	0	131.5	95	0.8000	0.9000	88.89	
14:18:43	0	131.9	95	0.8000	0.8000	100.00	
14:18:44	0	132.1	96	1.0000	0.9000	111.11	
14:18:45	0	132.7	96	0.8000	0.8000	100.00	
14:18:46	0	133.2	96	0.8000	0.7000	114.29	
14:18:47	0	133.4	96	1.0000	0.8000	125.00	
14:18:48	0	134.3	96	0.6000	0.6000	100.00	
14:18:49	0	134.4	97	0.9000	0.5000	180.00	
14:18:50	0	134.9	97	0.9000	0.7000	128.57	
14:18:51	0	135.5	97	0.6000	0.5000	120.00	
14:18:52	0	135.5	97	1.0000	0.6000	166.67	
14:18:53	0	136.2	97	0.6000	0.8000	75.00	
14:18:54	0	136.4	98	0.6000	0.7000	85.71	
14:18:55	0	136.8	98	0.8000	0.8000	100.00	
14:18:56	0	137.2	98	0.8000	0.8000	100.00	
14:18:57	0	137.7	98	0.9000	0.8000	112.50	
14:18:58	0	138.1	98	1.0000	0.8000	125.00	
14:18:59	0	138.6	99	1.0000	0.8000	125.00	
14:19:00	0	139.1	99	1.0000	0.8000	125.00	
14:19:01	0	139.5	99	1.0000	0.8000	125.00	
14:19:02	0	140.0	99	0.9000	0.8000	112.50	
14:19:03	0	140.5	100	1.0000	0.8000	125.00	
14:19:04	0	140.6	100	1.0000	0.8000	125.00	
14:19:05	0	141.0	100	0.8000	0.8000	100.00	
14:19:06	0	141.4	100	0.8000	0.8000	100.00	
14:19:07	0	141.5	101	1.1000	0.9000	122.22	
14:19:08	0	142.0	101	0.8000	0.8000	100.00	
14:19:09	0	142.2	101	0.8000	0.7000	114.29	
14:19:10	0	142.3	101	1.0000	0.8000	125.00	
14:19:11	0	142.7	101	0.8000	0.8000	100.00	
14:19:12	0	143.1	102	0.9000	0.8000	112.50	
14:19:13	0	143.3	102	1.0000	0.8000	125.00	
14:19:14	0	143.9	102	0.8000	0.8000	100.00	
14:19:15	0	144.0	102	1.0000	0.8000	125.00	
14:19:16	0	144.5	103	1.0000	0.8000	125.00	
14:19:17	0	145.2	103	0.8000	0.5000	160.00	
14:19:18	0	145.2	103	1.0000	0.6000	166.67	
14:19:19	0	146.1	103	0.7000	0.7000	100.00	
14:19:20	0	146.3	103	0.8000	0.6000	133.33	
14:19:21	0	146.5	104	1.0000	0.8000	125.00	
14:19:22	0	147.3	104	0.5000	0.6000	83.33	
14:19:23	0	147.4	104	0.8000	0.6000	133.33	
14:19:24	0	147.7	104	0.9000	0.8000	112.50	
14:19:25	0	148.3	104	0.6000	0.8000	75.00	
14:19:26	0	148.6	105	0.8000	0.8000	100.00	
14:19:27	0	148.7	105	1.0000	0.8000	125.00	
14:19:28	0	149.3	105	0.8000	0.8000	100.00	
14:19:29	0	149.5	105	0.8000	0.7000	114.29	
14:19:30	0	149.8	105	1.0000	0.8000	125.00	
14:19:31	0	150.5	106	0.7000	0.6000	116.67	
14:19:32	0	150.8	106	0.9000	0.6000	150.00	
14:19:33	0	151.5	106	0.7000	0.8000	87.50	
14:19:34	0	152.0	106	0.5000	0.5000	100.00	
14:19:35	0	152.3	106	0.8000	0.6000	133.33	
14:19:36	0	153.0	106	0.6000	0.6000	100.00	
14:19:37	0	153.3	107	0.9000	0.7000	128.57	
14:19:38	0	153.7	107	0.9000	0.9000	100.00	
14:19:39	0	154.1	107	0.8000	0.8000	100.00	
14:19:40	0	154.2	107	1.0000	0.9000	111.11	
14:19:41	0	154.6	108	0.9000	0.9000	100.00	
14:19:42	0	154.9	108	1.0000	0.8000	125.00	
14:19:43	0	155.2	108	1.0000	0.8000	125.00	
14:19:44	0	155.6	108	0.9000	0.9000	100.00	
14:19:45	0	156.0	109	1.0000	0.9000	111.11	
14:19:46	0	156.6	109	1.0000	0.8000	125.00	
14:19:47	0	156.8	109	1.0000	0.8000	125.00	
14:19:48	0	157.3	109	1.0000	0.8000	125.00	
14:19:49	0	157.7	110	0.8000	0.8000	100.00	
14:19:50	0	157.9	110	1.0000	0.9000	111.11	
14:19:51	0	158.4	110	1.0000	0.9000	111.11	
14:19:52	0	158.7	110	1.0000	0.8000	125.00	
14:19:53	0	159.1	111	1.0000	0.9000	111.11	
14:19:54	0	159.3	111	1.0000	0.9000	111.11	
14:19:55	0	159.8	111	1.0000	0.9000	111.11	
14:19:56	0	159.9	111	1.0000	0.9000	111.11	
14:19:57	0	160.3	111	1.0000	0.8000	125.00	
14:19:58	0	160.4	112	0.9000	0.8000	112.50	
14:19:59	0	160.7	112	1.0000	0.8000	125.00	
14:20:00	0	161.0	112	1.0000	0.8000	125.00	
14:20:01	0	161.2	112	1.0000	0.8000	125.00	
14:20:02	0	161.5	113	1.0000	0.8000	125.00	
14:20:03	0	161.6	113	0.9000	0.8000	112.50	
14:20:04	0	162.1	113	0.9000	0.8000	112.50	
14:20:05	0	162.3	113	1.0000	0.8000	125.00	
14:20:06	0	162.7	114	1.0000	0.8000	125.00	
14:20:07	0	163.1	114	0.9000	0.8000	112.50	
14:20:08	0	163.5	114	1.0000	0.9000	111.11	
14:20:09	0	163.7	114	1.0000	0.9000	111.11	
14:20:10	0	164.3	115	0.8000	0.8000	100.00	
14:20:11	0	164.4	115	0.9000	0.8000	112.50	
14:20:12	0	164.7	115	1.0000	0.8000	125.00	
14:20:13	0	165.0	115	0.9000	0.8000	112.50	
14:20:14	0	165.1	115	0.9000	0.8000	112.50	
14:20:15	0	165.1	116	1.0000	0.9000	111.11	
14:20:16	0	165.5	116	1.0000	0.9000	111.11	
14:20:17	0	165.8	116	0.9000	0.8000	112.50	
14:20:18	0	165.9	116	1.0000	0.8000	125.00	
14:20:19	0	166.3	117	0.9000	0.8000	112.50	
14:20:20	0	166.7	117	0.9000	0.8000	112.50	
14:20:21	0	166.8	117	1.1000	0.8000	137.50	
14:20:22	0	167.5	117	0.7000	0.8000	87.50	
14:20:23	0	167.8	118	0.7000	0.8000	87.50	
14:20:24	0	168.0	118	0.9000	0.8000	112.50	
14:20:25	0	168.5	118	0.7000	0.8000	87.50	
14:20:26	0	168.6	118	0.8000	0.9000	88.89	
14:20:27	0	169.0	118	0.9000	0.8000	112.50	
14:20:28	0	169.2	119	0.8000	0.8000	100.00	
14:20:29	0	169.4	119	0.8000	0.9000	88.89	
14:20:30	0	169.7	119	0.8000	0.8000	100.00	
14:20:31	0	169.8	119	0.9000	0.8000	112.50	
14:20:32	0	170.2	119	0.8000	0.8000	100.00	
14:20:33	0	170.3	120	0.8000	0.9000	88.89	
14:20:34	0	170.8	120	0.9000	0.8000	112.50	
14:20:35	0	170.9	120	1.0000	0.8000	125.00	
14:20:36	0	171.4	120	0.8000	0.8000	100.00	
14:20:37	0	171.6	120	0.8000	0.7000	114.29	
14:20:38	0	172.1	121	0.8000	0.8000	100.00	
14:20:39	0	172.7	121	0.7000	0.6000	116.67	
14:20:40	0	172.8	121	0.8000	0.7000	114.29	
14:20:41	0	173.5	121	0.6000	0.7000	85.71	
14:20:42	0	173.5	121	0.8000	0.8000	100.00	
14:20:43	0	173.9	122	0.9000	1.0000	90.00	
14:20:44	0	174.1	122	0.8000	0.9000	88.89	
14:20:45	0	174.0	122	1.0000	1.0000	100.00	
14:20:46	0	174.4	122	1.0000	0.9000	111.11	
14:20:47	0	174.4	123	0.9000	0.9000	100.00	
14:20:48	0	174.8	123	1.0000	0.9000	111.11	
14:20:49	0	175.0	123	1.0000	0.9000	111.11	
14:20:50	0	175.4	123	1.0000	0.9000	111.11	
14:20:51	0	175.7	123	0.9000	0.9000	100.00	
14:20:52	0	176.2	124	0.9000	0.9000	100.00	
14:20:53	0	176.5	124	1.0000	0.9000	111.11	
14:20:54	0	176.5	124	1.1000	1.0000	110.00	
14:20:55	0	176.5	124	1.0000	0.9000	111.11	
14:20:56	0	176.1	125	1.2000	1.0000	120.00	
14:20:57	0	175.9	125	1.4000	1.1000	127.27	
14:20:58	0	175.5	126	1.4000	1.2000	116.67	
14:20:59	0	174.9	126	1.6000	1.1000	145.45	
14:21:00	0	174.7	126	1.3000	1.1000	118.18	
14:21:01	0	174.0	127	1.4000	1.3000	107.69	
14:21:02	0	173.5	127	1.5000	0.8000	187.50	
14:21:03	0	173.5	127	1.0000	0.8000	125.00	
14:21:04	0	172.8	128	1.2000	1.2000	100.00	
14:21:05	0	172.7	128	1.4000	1.2000	116.67	
14:21:06	0	172.5	128	1.3000	1.2000	108.33	
14:21:07	0	171.9	129	1.5000	1.2000	125.00	
14:21:08	0	171.9	129	1.4000	1.2000	116.67	
14:21:09	0	171.4	129	1.4000	1.2000	116.67	
14:21:10	0	170.9	130	1.6000	1.2000	133.33	
14:21:11	0	171.0	130	1.2000	1.1000	109.09	
14:21:12	0	170.5	130	1.2000	1.2000	100.00	
14:21:13	0	170.2	131	1.5000	1.3000	115.38	
14:21:14	0	170.2	131	1.2000	1.2000	100.00	
14:21:15	0	169.6	131	1.4000	1.2000	116.67	
14:21:16	0	169.4	132	1.6000	1.3000	123.08	
14:21:17	0	169.2	132	1.4000	1.2000	116.67	
14:21:18	0	168.6	132	1.6000	1.4000	114.29	
14:21:19	0	168.2	133	1.6000	1.5000	106.67	
14:21:20	0	168.1	133	1.2000	1.4000	85.71	
14:21:21	0	167.4	134	1.5000	1.3000	115.38	
14:21:22	0	167.2	134	1.6000	1.2000	133.33	
14:21:23	0	167.2	134	1.2000	1.1000	109.09	
14:21:24	0	166.6	135	1.5000	1.4000	107.14	
14:21:25	0	166.9	135	1.5000	1.4000	107.14	
14:21:26	0	166.7	135	1.3000	1.2000	108.33	
14:21:27	0	166.3	136	1.6000	1.4000	114.29	
14:21:28	0	166.4	136	1.4000	1.3000	107.69	
14:21:29	0	166.1	136	1.4000	1.2000	116.67	
14:21:30	0	165.8	137	1.7000	1.4000	121.43	
14:21:31	0	165.5	137	1.7000	1.4000	121.43	
14:21:32	0	165.5	138	1.5000	1.4000	107.14	
14:21:33	0	164.8	138	1.7000	1.5000	113.33	
14:21:34	0	164.7	138	1.6000	1.5000	106.67	
14:21:35	0	164.8	139	1.2000	1.2000	100.00	
14:21:36	0	164.1	139	1.4000	1.4000	100.00	
14:21:37	0	164.3	139	1.3000	1.2000	108.33	
14:21:38	0	164.1	140	1.2000	1.2000	100.00	
14:21:39	0	163.7	140	1.6000	1.4000	114.29	
14:21:40	0	163.7	140	1.4000	1.4000	100.00	
14:21:41	0	163.6	141	1.3000	1.2000	108.33	
14:21:42	0	163.3	141	1.6000	1.4000	114.29	
14:21:43	0	163.4	142	1.5000	1.3000	115.38	
14:21:44	0	163.3	142	1.3000	1.2000	108.33	
14:21:45	0	163.0	142	1.5000	1.2000	125.00	
14:21:46	0	162.9	143	1.6000	1.3000	123.08	
14:21:47	0	162.6	143	1.6000	1.4000	114.29	
14:21:48	0	162.1	144	1.7000	1.4000	121.43	
14:21:49	0	161.9	144	1.6000	1.4000	114.29	
14:21:50	0	161.2	144	1.7000	1.4000	121.43	
14:21:51	1	161.1	0	1.6000	1.4000	114.29	
14:21:52	1	160.9	0	1.2000	1.3000	92.31	
14:21:53	1	160.4	1	1.6000	1.4000	114.29	
14:21:54	1	160.4	1	1.6000	1.4000	114.29	
14:21:55	1	160.2	1	1.4000	1.2000	116.67	
14:21:56	1	159.9	2	1.4000	1.3000	107.69	
14:21:57	1	159.7	2	1.4000	1.4000	100.00	
14:21:58	1	159.4	2	1.3000	1.3000	100.00	
14:21:59	1	159.3	3	1.2000	1.2000	100.00	
14:22:00	1	158.6	3	1.5000	1.3000	115.38	
14:22:01	1	158.6	3	1.4000	1.3000	107.69	
14:22:02	1	158.2	4	1.2000	1.3000	92.31	
14:22:03	1	157.5	4	1.6000	1.4000	114.29	
14:22:04	1	157.8	4	1.2000	1.2000	100.00	
14:22:05	1	157.2	5	1.1000	1.2000	91.67	
14:22:06	1	156.9	5	1.4000	1.4000	100.00	
14:22:07	1	156.8	5	1.2000	1.3000	92.31	
14:22:08	1	156.4	6	1.3000	1.2000	108.33	
14:22:09	1	156.1	6	1.6000	1.3000	123.08	
14:22:10	1	155.7	6	1.4000	1.4000	100.00	
14:22:11	1	155.3	7	1.3000	1.4000	92.86	
14:22:12	1	154.7	7	1.6000	1.4000	114.29	
14:22:13	1	154.5	7	1.4000	1.4000	100.00	
14:22:14	1	154.2	8	1.2000	1.3000	92.31	
14:22:15	1	153.9	8	1.4000	1.4000	100.00	
14:22:16	1	153.9	8	1.2000	1.2000	100.00	
14:22:17	1	153.5	9	1.3000	1.2000	108.33	
14:22:18	1	153.4	9	1.4000	1.3000	107.69	
14:22:19	1	153.3	9	1.2000	1.2000	100.00	
14:22:20	1	152.9	10	1.4000	1.3000	107.69	
14:22:21	1	152.5	10	1.5000	1.4000	107.14	
14:22:22	1	152.0	10	1.4000	1.4000	100.00	
14:22:23	1	151.3	11	1.5000	1.6000	93.75	
14:22:24	1	150.9	11	1.3000	1.5000	86.67	
14:22:25	1	150.3	11	1.3000	1.5000	86.67	
14:22:26	1	150.1	12	1.4000	1.4000	100.00	
14:22:27	1	149.7	12	1.5000	1.4000	107.14	
14:22:28	1	149.5	12	1.4000	1.4000	100.00	
14:22:29	1	149.3	13	1.4000	1.4000	100.00	
14:22:30	1	148.8	13	1.5000	1.4000	107.14	
14:22:31	1	148.9	13	1.2000	1.2000	100.00	
14:22:32	1	148.5	14	1.3000	1.2000	108.33	
14:22:33	1	148.5	14	1.4000	1.2000	116.67	
14:22:34	1	148.2	14	1.2000	1.2000	100.00	
14:22:35	1	147.7	15	1.5000	1.3000	115.38	
14:22:36	1	147.7	15	1.4000	1.2000	116.67	
14:22:37	1	147.1	16	1.4000	1.4000	100.00	
14:22:38	1	146.8	16	1.5000	1.5000	100.00	
14:22:39	1	146.6	16	1.4000	1.4000	100.00	
14:22:40	1	146.1	17	1.6000	1.4000	114.29	
14:22:41	1	145.4	17	1.7000	1.5000	113.33	
14:22:42	1	145.1	17	1.3000	1.4000	92.86	
14:22:43	1	144.7	18	1.4000	1.4000	100.00	
14:22:44	1	144.4	18	1.6000	1.5000	106.67	
14:22:45	1	144.4	18	1.2000	1.3000	92.31	
14:22:46	1	144.1	19	1.2000	1.2000	100.00	
14:22:47	1	143.8	19	1.5000	1.2000	125.00	
14:22:48	1	144.0	19	1.2000	1.1000	109.09	
14:22:49	1	143.7	20	1.2000	1.2000	100.00	
14:22:50	1	143.7	20	1.4000	1.2000	116.67	
14:22:51	1	143.3	21	1.5000	1.2000	125.00	
14:22:52	1	143.0	21	1.6000	1.2000	133.33	
14:22:53	1	142.3	21	1.6000	1.3000	123.08	
14:22:54	1	142.2	22	1.4000	1.3000	107.69	
14:22:55	1	141.3	22	1.4000	1.4000	100.00	
14:22:56	1	141.0	22	1.6000	1.4000	114.29	
14:22:57	1	140.9	23	1.1000	1.2000	91.67	
14:22:58	1	140.2	23	1.2000	1.4000	85.71	
14:22:59	1	140.3	23	1.2000	1.3000	92.31	
14:23:00	1	140.2	23	1.0000	1.1000	90.91	
14:23:01	1	139.9	24	1.4000	1.2000	116.67	
14:23:02	1	140.0	24	1.2000	1.2000	100.00	
14:23:03	1	139.8	24	1.1000	1.1000	100.00	
14:23:04	1	139.6	25	1.4000	1.2000	116.67	
14:23:05	1	139.7	25	1.3000	1.2000	108.33	
14:23:06	1	139.4	25	1.3000	1.1000	118.18	
14:23:07	1	139.0	26	1.4000	1.3000	107.69	
14:23:08	1	138.7	26	1.4000	1.4000	100.00	
14:23:09	1	138.0	27	1.6000	1.4000	114.29	
14:23:10	1	137.5	27	1.5000	1.4000	107.14	
14:23:11	1	137.0	27	1.2000	1.4000	85.71	
14:23:12	1	136.4	28	1.5000	1.4000	107.14	
14:23:13	1	136.3	28	1.2000	1.2000	100.00	
14:23:14	1	136.0	28	1.1000	1.2000	91.67	
14:23:15	1	135.7	29	1.4000	1.4000	100.00	
14:23:16	1	135.6	29	1.4000	1.3000	107.69	
14:23:17	1	135.7	29	1.1000	1.2000	91.67	
14:23:18	1	135.2	30	1.4000	1.2000	116.67	
14:23:19	1	135.3	30	1.3000	1.2000	108.33	
14:23:20	1	134.7	30	1.2000	1.2000	100.00	
14:23:21	1	134.3	30	1.1000	1.0000	110.00	
14:23:22	1	134.3	30	0.8000	0.9000	88.89	
14:23:23	1	133.5	31	1.2000	1.2000	100.00	
14:23:24	1	133.5	31	1.0000	1.2000	83.33	
14:23:25	1	133.3	31	0.8000	1.2000	66.67	
14:23:26	1	132.7	32	1.3000	1.4000	92.86	
14:23:27	1	133.1	32	1.1000	1.2000	91.67	
14:23:28	1	132.6	32	1.0000	1.2000	83.33	
14:23:29	1	132.4	32	1.3000	1.3000	100.00	
14:23:30	1	132.3	33	1.2000	1.2000	100.00	
14:23:31	1	131.7	33	1.4000	1.4000	100.00	
14:23:32	1	131.6	33	1.3000	1.3000	100.00	
14:23:33	1	131.3	34	1.2000	1.2000	100.00	
14:23:34	1	131.2	34	1.3000	1.2000	108.33	
14:23:35	1	130.8	34	1.3000	1.2000	108.33	
14:23:36	1	130.4	35	1.4000	1.2000	116.67	
14:23:37	1	130.5	35	1.1000	1.2000	91.67	
14:23:38	1	129.9	35	1.2000	1.2000	100.00	
14:23:39	1	129.7	36	1.4000	1.3000	107.69	
14:23:40	1	129.4	36	1.4000	1.2000	116.67	
14:23:41	1	128.7	36	1.6000	1.4000	114.29	
14:23:42	1	128.6	37	1.4000	1.4000	100.00	
14:23:43	1	128.1	37	1.2000	1.3000	92.31	
14:23:44	1	127.8	37	1.5000	1.4000	107.14	
14:23:45	1	127.4	38	1.4000	1.4000	100.00	
14:23:46	1	127.1	38	1.4000	1.4000	100.00	
14:23:47	1	126.8	38	1.4000	1.3000	107.69	
14:23:48	1	126.7	39	1.2000	1.2000	100.00	
14:23:49	1	126.1	39	1.4000	1.3000	107.69	
14:23:50	1	126.1	39	1.2000	1.2000	100.00	
14:23:51	1	125.6	40	1.2000	1.1000	109.09	
14:23:52	1	125.3	40	1.4000	1.2000	116.67	
14:23:53	1	124.8	40	1.4000	1.2000	116.67	
14:23:54	1	124.3	41	1.6000	1.4000	114.29	
14:23:55	1	123.9	41	1.4000	1.3000	107.69	
14:23:56	1	123.6	41	1.2000	1.2000	100.00	
14:23:57	1	123.1	42	1.4000	1.2000	116.67	
14:23:58	1	122.8	42	1.2000	1.2000	100.00	
14:23:59	1	122.6	42	0.8000	1.0000	80.00	
14:24:00	1	122.1	43	1.2000	1.1000	109.09	
14:24:01	1	121.9	43	1.4000	1.1000	127.27	
14:24:02	1	121.4	43	1.3000	1.1000	118.18	
14:24:03	1	121.0	44	1.5000	1.2000	125.00	
14:24:04	1	120.4	44	1.4000	1.2000	116.67	
14:24:05	1	119.8	44	1.4000	1.2000	116.67	
14:24:06	1	119.2	45	1.3000	1.2000	108.33	
14:24:07	1	118.8	45	1.0000	1.2000	83.33	
14:24:08	1	118.4	45	1.1000	1.2000	91.67	
14:24:09	1	118.1	46	1.3000	1.2000	108.33	
14:24:10	1	117.6	46	1.3000	1.2000	108.33	
14:24:11	1	117.2	46	1.3000	1.2000	108.33	
14:24:12	1	117.0	46	1.2000	1.0000	120.00	
14:24:13	1	116.6	47	1.3000	1.0000	130.00	
14:24:14	1	116.3	47	1.4000	1.0000	140.00	
14:24:15	1	115.9	47	1.2000	1.0000	120.00	
14:24:16	1	115.4	48	1.4000	1.2000	116.67	
14:24:17	1	115.0	48	1.4000	1.1000	127.27	
14:24:18	1	114.6	48	1.2000	1.0000	120.00	
14:24:19	1	114.0	49	1.3000	1.2000	108.33	
14:24:20	1	113.4	49	1.4000	1.2000	116.67	
14:24:21	1	113.0	49	1.0000	1.2000	83.33	
14:24:22	1	112.6	50	1.0000	1.0000	100.00	
14:24:23	1	111.9	50	1.4000	1.1000	127.27	
14:24:24	1	111.7	50	1.4000	1.0000	140.00	
14:24:25	1	111.2	51	1.3000	1.0000	130.00	
14:24:26	1	110.9	51	1.4000	1.1000	127.27	
14:24:27	1	110.5	51	1.3000	1.1000	118.18	
14:24:28	1	110.1	52	1.4000	1.2000	116.67	
14:24:29	1	109.9	52	1.2000	1.0000	120.00	
14:24:30	1	109.3	52	1.2000	1.0000	120.00	
14:24:31	2	109.1	0	1.4000	1.1000	127.27	
14:24:32	2	108.7	0	1.4000	1.1000	127.27	
14:24:33	2	108.2	1	1.4000	1.2000	116.67	
14:24:34	2	107.7	1	1.3000	1.2000	108.33	
14:24:35	2	107.4	1	1.1000	1.0000	110.00	
14:24:36	2	106.7	2	1.3000	1.2000	108.33	
14:24:37	2	106.1	2	1.4000	1.3000	107.69	
14:24:38	2	105.5	2	1.2000	1.3000	92.31	
14:24:39	2	105.1	2	1.0000	1.3000	76.92	
14:24:40	2	104.8	3	1.0000	1.2000	83.33	
14:24:41	2	104.4	3	1.2000	1.2000	100.00	
14:24:42	2	104.2	3	1.2000	1.1000	109.09	
14:24:43	2	103.9	3	1.2000	1.1000	109.09	
14:24:44	2	103.4	4	1.3000	1.2000	108.33	
14:24:45	2	103.3	4	1.0000	1.0000	100.00	
14:24:46	2	103.1	4	0.9000	1.0000	90.00	
14:24:47	2	102.2	4	0.9000	0.9000	100.00	
14:24:48	2	102.4	5	0.5000	0.6000	83.33	
14:24:49	2	101.5	5	0.8000	0.8000	100.00	
14:24:50	2	100.9	5	0.8000	1.0000	80.00	
14:24:51	2	100.6	5	0.5000	0.9000	55.56	
14:24:52	2	100.0	5	1.0000	1.0000	100.00	
14:24:53	2	99.8	6	1.0000	1.0000	100.00	
14:24:54	2	99.4	6	1.0000	1.1000	90.91	
14:24:55	2	99.5	6	1.0000	1.0000	100.00	
14:24:56	2	99.1	6	1.0000	1.0000	100.00	
14:24:57	2	98.7	7	0.9000	0.9000	100.00	
14:24:58	2	98.7	7	0.5000	0.8000	62.50	
14:24:59	2	98.0	7	0.9000	1.0000	90.00	
14:25:00	2	97.7	7	0.8000	1.0000	80.00	
14:25:01	2	97.2	7	0.8000	1.0000	80.00	
14:25:02	2	96.5	8	1.0000	0.9000	111.11	
14:25:03	2	96.4	8	0.7000	0.7000	100.00	
14:25:04	2	95.8	8	0.9000	1.0000	90.00	
14:25:05	2	95.6	8	1.0000	1.1000	90.91	
14:25:06	2	95.4	8	0.9000	1.0000	90.00	
14:25:07	2	95.0	9	1.1000	1.0000	110.00	
14:25:08	2	94.7	9	1.2000	1.1000	109.09	
14:25:09	2	94.1	9	1.2000	1.2000	100.00	
14:25:10	2	93.6	10	1.2000	1.2000	100.00	
14:25:11	2	93.4	10	0.8000	1.0000	80.00	
14:25:12	2	92.7	10	1.0000	1.1000	90.91	
14:25:13	2	92.1	10	1.0000	1.0000	100.00	
14:25:14	2	91.8	11	0.8000	0.9000	88.89	
14:25:15	2	91.2	11	1.0000	1.2000	83.33	
14:25:16	2	90.6	11	1.1000	1.2000	91.67	
14:25:17	2	90.4	11	0.8000	1.0000	80.00	
14:25:18	2	90.0	11	0.9000	1.0000	90.00	
14:25:19	2	89.4	12	1.2000	1.2000	100.00	
14:25:20	2	89.2	12	1.0000	1.1000	90.91	
14:25:21	3	88.9	0	1.0000	1.0000	100.00	
14:25:22	3	88.1	0	1.2000	1.0000	120.00	
14:25:23	3	87.7	0	1.1000	1.0000	110.00	
14:25:24	3	87.1	1	1.0000	1.2000	83.33	
14:25:25	3	86.5	1	1.0000	1.2000	83.33	
14:25:26	3	85.9	1	0.8000	1.2000	66.67	
14:25:27	3	85.4	1	0.7000	1.2000	58.33	
14:25:28	3	84.7	1	0.9000	1.2000	75.00	
14:25:29	3	83.9	2	0.9000	0.9000	100.00	
14:25:30	3	83.8	2	0.5000	0.6000	83.33	
14:25:31	3	83.0	2	0.9000	0.9000	100.00	
14:25:32	3	82.7	2	1.0000	1.0000	100.00	
14:25:33	3	82.4	2	0.7000	1.0000	70.00	
14:25:34	3	81.8	3	1.0000	1.2000	83.33	
14:25:35	3	81.6	3	1.0000	1.1000	90.91	
14:25:36	3	81.2	3	1.1000	1.1000	100.00	
14:25:37	3	80.8	4	1.2000	1.2000	100.00	
14:25:38	3	80.4	4	1.1000	1.2000	91.67	
14:25:39	3	79.7	4	1.1000	1.2000	91.67	
14:25:40	3	79.3	4	1.1000	1.1000	100.00	
14:25:41	3	78.5	5	1.2000	1.3000	92.31	
14:25:42	3	77.9	5	1.2000	1.3000	92.31	
14:25:43	3	77.3	5	1.1000	1.2000	91.67	
14:25:44	3	76.8	5	1.2000	1.4000	85.71	
14:25:45	3	76.2	6	1.2000	1.4000	85.71	
14:25:46	3	75.9	6	1.1000	1.3000	84.62	
14:25:47	3	75.4	6	1.2000	1.2000	100.00	
14:25:48	3	74.9	7	1.2000	1.2000	100.00	
14:25:49	3	74.6	7	1.0000	1.2000	83.33	
14:25:50	3	74.0	7	1.2000	1.2000	100.00	
14:25:51	3	73.6	7	1.2000	1.2000	100.00	
14:25:52	3	73.1	8	1.1000	1.1000	100.00	
14:25:53	3	72.4	8	1.2000	1.2000	100.00	
14:25:54	3	71.6	8	1.0000	1.2000	83.33	
14:25:55	3	71.1	8	0.8000	1.2000	66.67	
14:25:56	3	70.4	9	1.0000	1.2000	83.33	
14:25:57	3	69.8	9	1.0000	1.2000	83.33	
14:25:58	3	69.2	9	1.1000	1.3000	84.62	
14:25:59	3	68.9	9	1.0000	1.3000	76.92	
14:26:00	3	68.1	10	1.2000	1.4000	85.71	
14:26:01	3	67.9	10	1.3000	1.3000	100.00	
14:26:02	3	67.3	10	1.2000	1.2000	100.00	
14:26:03	3	66.7	11	1.2000	1.1000	109.09	
14:26:04	3	66.2	11	1.2000	1.2000	100.00	
14:26:05	3	65.6	11	1.3000	1.4000	92.86	
14:26:06	3	65.1	12	1.4000	1.4000	100.00	
14:26:07	3	64.5	12	1.3000	1.4000	92.86	
14:26:08	3	64.0	12	1.2000	1.4000	85.71	
14:26:09	3	63.5	13	1.2000	1.5000	80.00	
14:26:10	3	62.9	13	1.4000	1.6000	87.50	
14:26:11	3	62.5	13	1.3000	1.5000	86.67	
14:26:12	3	62.1	14	1.2000	1.4000	85.71	
14:26:13	3	61.3	14	1.5000	1.5000	100.00	
14:26:14	3	61.3	14	1.2000	1.3000	92.31	
14:26:15	3	60.6	15	1.2000	1.4000	85.71	
14:26:16	3	60.0	15	1.6000	1.6000	100.00	
14:26:17	3	59.7	15	1.2000	1.4000	85.71	
14:26:18	3	59.2	16	1.2000	1.4000	85.71	
14:26:19	3	58.4	16	1.5000	1.4000	107.14	
14:26:20	3	58.3	16	0.9000	1.1000	81.82	
14:26:21	3	57.6	16	1.0000	1.2000	83.33	
14:26:22	3	57.3	17	1.2000	1.3000	92.31	
14:26:23	3	57.0	17	1.1000	1.2000	91.67	
14:26:24	3	56.7	17	1.3000	1.3000	100.00	
14:26:25	3	56.2	18	1.4000	1.4000	100.00	
14:26:26	3	55.7	18	1.5000	1.4000	107.14	
14:26:27	3	55.3	18	1.4000	1.4000	100.00	
14:26:28	3	54.5	19	1.6000	1.5000	106.67	
14:26:29	3	53.9	19	1.4000	1.5000	93.33	
14:26:30	3	53.5	19	1.1000	1.3000	84.62	
14:26:31	3	52.7	20	1.4000	1.4000	100.00	
14:26:32	3	52.3	20	1.4000	1.5000	93.33	
14:26:33	3	51.9	21	1.3000	1.4000	92.86	
14:26:34	3	51.3	21	1.5000	1.4000	107.14	
14:26:35	3	51.2	21	1.3000	1.3000	100.00	
14:26:36	3	50.6	22	1.4000	1.3000	107.69	
14:26:37	3	49.9	22	1.5000	1.5000	100.00	
14:26:38	3	49.5	22	1.2000	1.4000	85.71	
14:26:39	4	49.0	0	1.3000	1.4000	92.86	
14:26:40	4	48.2	0	1.4000	1.6000	87.50	
14:26:41	4	47.9	0	1.1000	1.4000	78.57	
14:26:42	4	47.1	1	1.1000	1.4000	78.57	
14:26:43	4	46.4	1	1.3000	1.5000	86.67	
14:26:44	4	46.0	1	1.2000	1.3000	92.31	
14:26:45	4	45.4	2	1.3000	1.3000	100.00	
14:26:46	4	44.8	2	1.4000	1.4000	100.00	
14:26:47	4	44.5	2	1.2000	1.4000	85.71	
14:26:48	4	43.8	3	1.4000	1.4000	100.00	
14:26:49	4	43.3	3	1.6000	1.5000	106.67	
14:26:50	4	42.8	3	1.5000	1.5000	100.00	
14:26:51	4	42.1	4	1.4000	1.5000	93.33	
14:26:52	4	41.8	4	1.4000	1.4000	100.00	
14:26:53	4	41.3	5	1.4000	1.4000	100.00	
14:26:54	4	40.8	5	1.5000	1.4000	107.14	
14:26:55	4	40.4	5	1.2000	1.4000	85.71	
14:26:56	4	39.8	6	1.4000	1.4000	100.00	
14:26:57	4	39.1	6	1.4000	1.4000	100.00	
14:26:58	4	38.7	6	1.1000	1.4000	78.57	
14:26:59	4	37.9	7	1.3000	1.4000	92.86	
14:27:00	4	37.2	7	1.4000	1.4000	100.00	
14:27:01	4	36.8	7	1.2000	1.4000	85.71	
14:27:02	4	36.5	7	1.2000	1.4000	85.71	
14:27:03	4	35.8	8	1.6000	1.4000	114.29	
14:27:04	4	35.6	8	1.4000	1.4000	100.00	
14:27:05	4	35.2	9	1.2000	1.2000	100.00	
14:27:06	4	34.6	9	1.6000	1.4000	114.29	
14:27:07	4	34.5	9	1.2000	1.2000	100.00	
14:27:08	4	33.8	10	1.2000	1.3000	92.31	
14:27:09	4	33.7	10	1.4000	1.4000	100.00	
14:27:10	4	33.1	10	1.3000	1.2000	108.33	
14:27:11	4	32.4	11	1.6000	1.4000	114.29	
14:27:12	4	32.3	11	1.3000	1.3000	100.00	
14:27:13	4	31.5	11	1.2000	1.4000	85.71	
14:27:14	4	30.9	12	1.6000	1.6000	100.00	
14:27:15	4	30.9	12	1.1000	1.2000	91.67	
14:27:16	4	30.4	12	1.2000	1.3000	92.31	
14:27:17	4	29.8	13	1.6000	1.6000	100.00	
14:27:18	4	30.0	13	1.1000	1.3000	84.62	
14:27:19	4	29.2	13	1.1000	1.3000	84.62	
14:27:20	4	29.0	13	1.2000	1.4000	85.71	
14:27:21	4	28.8	14	0.8000	1.1000	72.73	
14:27:22	4	28.0	14	1.3000	1.4000	92.86	
14:27:23	4	27.7	14	1.4000	1.4000	100.00	
14:27:24	4	27.2	15	1.2000	1.3000	92.31	
14:27:25	4	26.5	15	1.3000	1.4000	92.86	
14:27:26	4	26.2	15	1.2000	1.4000	85.71	
14:27:27	4	25.7	16	1.4000	1.5000	93.33	
14:27:28	4	25.5	16	1.4000	1.4000	100.00	
14:27:29	4	24.8	16	1.4000	1.4000	100.00	
14:27:30	4	24.4	17	1.6000	1.6000	100.00	
14:27:31	4	24.1	17	1.4000	1.4000	100.00	
14:27:32	4	23.5	18	1.6000	1.5000	106.67	
14:27:33	4	23.3	18	1.4000	1.5000	93.33	
14:27:34	4	22.8	18	1.2000	1.4000	85.71	
14:27:35	4	22.1	18	1.5000	1.5000	100.00	
14:27:36	4	22.0	19	1.2000	1.4000	85.71	
14:27:37	4	21.3	19	1.4000	1.4000	100.00	
14:27:38	4	20.7	20	1.6000	1.6000	100.00	
14:27:39	4	20.5	20	1.2000	1.4000	85.71	
14:27:40	4	19.7	20	1.4000	1.5000	93.33	
14:27:41	4	19.3	21	1.4000	1.6000	87.50	
14:27:42	5	18.9	0	1.1000	1.4000	78.57	
14:27:43	5	18.2	0	1.4000	1.6000	87.50	
14:27:44	5	17.8	0	1.4000	1.5000	93.33	
14:27:45	5	17.0	1	1.2000	1.4000	85.71	
14:27:46	5	16.5	1	1.4000	1.6000	87.50	
14:27:47	5	15.9	2	1.5000	1.6000	93.75	
14:27:48	5	15.3	2	1.4000	1.6000	87.50	
14:27:49	5	15.0	2	1.3000	1.6000	81.25	
14:27:50	5	14.4	3	1.4000	1.5000	93.33	
14:27:51	5	13.8	3	1.6000	1.6000	100.00	
14:27:52	5	13.6	3	1.4000	1.6000	87.50	
14:27:53	5	12.8	4	1.6000	1.6000	100.00	
14:27:54	5	12.1	4	1.7000	1.6000	106.25	
14:27:55	5	11.7	5	1.4000	1.6000	87.50	
14:27:56	5	11.1	5	1.6000	1.6000	100.00	
14:27:57	5	10.4	5	1.8000	1.7000	105.88	
14:27:58	5	10.0	6	1.6000	1.6000	100.00	
14:27:59	5	9.7	6	1.6000	1.5000	106.67	
14:28:00	5	9.1	7	1.8000	1.6000	112.50	
14:28:01	5	8.7	7	1.8000	1.7000	105.88	
14:28:02	5	8.4	7	1.5000	1.6000	93.75	
14:28:03	5	7.8	8	1.8000	1.6000	112.50	
14:28:04	5	7.6	8	1.7000	1.6000	106.25	
14:28:05	5	7.4	9	1.4000	1.4000	100.00	
14:28:06	5	7.0	9	1.6000	1.4000	114.29	
14:28:07	5	6.8	10	1.6000	1.4000	114.29	
14:28:08	5	6.6	10	1.4000	1.4000	100.00	
14:28:09	5	6.2	10	1.6000	1.4000	114.29	
14:28:10	5	6.0	11	1.7000	1.4000	121.43	
14:28:11	5	5.8	11	1.4000	1.3000	107.69	
14:28:12	5	5.4	11	1.5000	1.4000	107.14	
14:28:13	5	5.3	12	1.6000	1.4000	114.29	
14:28:14	5	5.1	12	1.5000	1.4000	107.14	
14:28:15	5	4.9	13	1.7000	1.5000	113.33	
14:28:16	5	4.7	13	1.7000	1.5000	113.33	
14:28:17	5	4.4	13	1.6000	1.4000	114.29	
14:28:18	5	4.3	14	1.6000	1.4000	114.29	
14:28:19	5	4.0	14	1.6000	1.4000	114.29	
14:28:20	5	3.6	15	1.6000	1.5000	106.67	
14:28:21	5	3.5	15	1.4000	1.4000	100.00	
14:28:22	5	3.1	15	1.6000	1.5000	106.67	
14:28:23	5	2.8	16	1.8000	1.6000	112.50	
14:28:24	5	2.8	16	1.6000	1.5000	106.67	
14:28:25	5	2.3	17	2.0000	1.8000	111.11	
14:28:26	5	2.2	17	1.9000	1.9000	100.00	
14:28:27	5	1.9	18	1.7000	1.6000	106.25	
14:28:28	5	1.6	18	1.9000	1.7000	111.76	
14:28:29	5	1.7	18	1.5000	1.6000	93.75	
14:28:30	5	1.2	19	1.4000	1.5000	93.33	
14:28:31	5	1.4	19	1.5000	1.4000	107.14	
14:28:32	5	1.0	20	1.6000	1.4000	114.29	
14:28:33	5	0.7	20	1.7000	1.6000	106.25	
14:28:34	5	0.8	21	1.7000	1.6000	106.25	
14:28:35	5	0.2	21	1.6000	1.8000	88.89	
14:28:36	5	0.2	21	1.4000	2.0000	70.00	
14:28:37	5	0.1	22	1.6000	1.9000	84.21	
14:28:38	5	0.1	22	2.1000	1.8000	116.67	
14:28:39	5	0.1	23	1.8000	1.6000	112.50	
14:28:40	5	0.0	23	1.8000	1.5000	120.00	
14:28:41	5	0.1	23	1.6000	0.8000	200.00	
14:28:42	5	0.1	24	1.0000	0.1000	1000.00	
14:28:43	5	0.1	24	0.8000	0.3000	266.67	
14:28:44	5	0.1	24	0.6000	0.1000	600.00	
14:28:45	5	0.1	24	0.4000	0.0000	0.00	
14:28:46	5	0.0	24	0.0000	0.0000	0.00	
14:28:47	5	0.1	24	0.0000	0.1000	0.00	
14:28:48	5	0.0	24	0.0000	0.1000	0.00	
14:28:49	5	0.1	24	0.0000	0.1000	0.00	
14:28:50	5	0.1	24	0.0000	0.2000	0.00	
14:28:51	5	0.1	24	0.0000	0.1000	0.00	
14:28:52	5	0.1	24	0.0000	0.0000	0.00	
14:28:53	5	0.0	24	0.0000	0.0000	0.00	
14:28:54	5	0.0	24	0.0000	0.1000	0.00	
14:28:55	5	0.0	24	0.0000	0.1000	0.00	
14:28:56	5	0.1	24	0.0000	0.0000	0.00	
14:28:57	5	0.1	24	0.0000	0.0000	0.00	
14:28:58	5	0.1	24	0.0000	0.0000	0.00	
14:28:59	5	0.1	24	0.0000	0.1000	0.00	
14:29:00	5	0.1	24	0.0000	0.1000	0.00	
14:29:01	5	0.1	24	0.0000	0.0000	0.00	
14:29:02	5	0.1	24	0.0000	0.1000	0.00	
14:29:03	5	0.1	24	0.0000	0.1000	0.00	
14:29:04	5	0.1	24	0.0000	0.0000	0.00	
14:29:05	5	0.1	24	0.0000	0.0000	0.00	
14:29:06	5	0.1	24	0.0000	0.0000	0.00	
14:29:07	5	0.1	24	0.0000	0.0000	0.00	
14:29:08	5	0.1	24	0.0000	0.0000	0.00	
14:29:09	5	0.1	24	0.0000	0.0000	0.00	
14:29:10	5	0.1	24	0.0000	0.0000	0.00	
14:29:11	5	0.1	24	0.0000	0.0000	0.00	
14:29:12	5	0.1	24	0.0000	0.0000	0.00	
14:29:13	5	0.1	24	0.0000	0.0000	0.00	
14:29:14	5	0.1	24	0.0000	0.1000	0.00	
14:29:15	5	0.1	24	0.0000	0.1000	0.00	
14:29:16	5	0.1	24	0.0000	0.0000	0.00	
14:29:17	5	0.1	24	0.0000	0.0000	0.00	
14:29:18	5	0.1	24	0.0000	0.0000	0.00	
14:29:19	5	0.1	24	0.0000	0.0000	0.00	
14:29:20	5	0.1	24	0.0000	0.0000	0.00	
14:29:21	5	0.1	24	0.0000	0.1000	0.00	
14:29:22	5	0.0	24	0.0000	0.3000	0.00	
14:29:23	5	0.0	24	0.0000	0.3000	0.00	
14:29:24	5	0.0	24	0.0000	1.0000	0.00	
14:29:25	5	0.0	24	0.0000	1.4000	0.00	
14:29:26	5	0.0	24	0.0000	0.5000	0.00	
14:29:27	5	0.0	24	0.0000	0.0000	0.00	
14:29:28	5	0.0	24	0.0000	0.2000	0.00	
14:29:29	5	0.0	24	0.0000	0.2000	0.00	
14:29:30	5	0.0	24	0.0000	0.0000	0.00	
14:29:31	5	0.0	24	0.0000	0.0000	0.00	
14:29:32	5	0.0	24	0.0000	0.0000	0.00	
14:29:33	5	0.0	24	0.0000	0.0000	0.00	
14:29:34	5	0.0	24	0.0000	0.0000	0.00	
14:29:35	5	0.0	24	0.0000	0.0000	0.00	
14:29:36	5	0.0	24	0.0000	0.0000	0.00	
14:29:37	5	0.0	24	0.0000	0.0000	0.00	
14:29:38	5	0.0	24	0.0000	0.0000	0.00	
14:29:39	5	0.0	24	0.0000	0.0000	0.00	
14:29:40	5	0.0	24	0.0000	0.0000	0.00	
14:29:41	5	0.0	24	0.0000	0.0000	0.00	
14:29:42	5	0.0	24	0.0000	0.0000	0.00	
14:29:43	5	0.0	24	0.0000	0.0000	0.00	
14:29:44	5	0.0	24	0.0000	0.0000	0.00	
14:29:45	5	0.0	24	0.0000	0.0000	0.00	
14:29:46	5	0.0	24	0.0000	0.0000	0.00	
14:29:47	5	0.1	24	0.0000	0.0000	0.00	
14:29:48	5	0.1	24	0.0000	0.0000	0.00	
14:29:49	5	0.0	24	0.0000	0.0000	0.00	
14:29:50	5	0.1	24	0.0000	0.0000	0.00	
14:29:51	5	0.1	24	0.0000	0.0000	0.00	
14:29:52	5	0.0	24	0.0000	0.0000	0.00	
14:29:53	5	0.1	24	0.0000	0.0000	0.00	
14:29:54	5	0.1	24	0.0000	0.0000	0.00	
14:29:55	5	0.1	24	0.0000	0.0000	0.00	
14:29:56	5	0.1	24	0.0000	0.0000	0.00	
14:29:57	5	0.1	24	0.0000	0.0000	0.00	
14:29:58	5	0.1	24	0.0000	0.0000	0.00	
14:29:59	5	0.1	24	0.0000	0.0000	0.00	
14:30:00	5	0.0	24	0.0000	0.0000	0.00	
14:30:01	5	0.1	24	0.0000	0.0000	0.00	
14:30:02	5	0.1	24	0.0000	0.0000	0.00	
14:30:03	5	0.0	24	0.0000	0.0000	0.00	
14:30:04	5	0.1	24	0.0000	0.0000	0.00	
14:30:05	5	0.1	24	0.0000	0.0000	0.00	
14:30:06	5	0.1	24	0.0000	0.0000	0.00	
14:30:07	5	0.0	24	0.0000	0.0000	0.00	
14:30:08	5	0.1	24	0.0000	0.0000	0.00	
14:30:09	5	0.1	24	0.0000	0.0000	0.00	
14:30:10	5	0.1	24	0.0000	0.0000	0.00	
14:30:11	5	0.1	24	0.0000	0.0000	0.00	
14:30:12	5	0.1	24	0.0000	0.0000	0.00	
14:30:13	5	0.1	24	0.0000	0.0000	0.00	
14:30:14	5	0.1	24	0.0000	0.0000	0.00	
14:30:15	5	0.0	24	0.0000	0.0000	0.00	
14:30:16	5	0.1	24	0.0000	0.0000	0.00	
14:30:17	5	0.1	24	0.0000	0.0000	0.00	
14:30:18	5	0.1	24	0.0000	0.0000	0.00	
14:30:19	5	0.1	24	0.0000	0.0000	0.00	
14:30:20	5	0.1	24	0.0000	0.0000	0.00	
14:30:21	5	0.1	24	0.0000	0.0000	0.00	
14:30:22	5	0.1	24	0.0000	0.0000	0.00	
14:30:23	5	0.1	24	0.0000	0.0000	0.00	
14:30:24	5	0.1	24	0.0000	0.0000	0.00	
14:30:25	5	0.1	24	0.0000	0.0000	0.00	
14:30:26	5	0.1	24	0.0000	0.0000	0.00	
14:30:27	5	0.1	24	0.0000	0.0000	0.00	
14:30:28	5	0.1	24	0.0000	0.0000	0.00	
14:30:29	5	0.1	24	0.0000	0.0000	0.00	
14:30:30	5	0.1	24	0.0000	0.0000	0.00	
14:30:31	5	0.1	24	0.0000	0.0000	0.00	
14:30:32	5	0.2	24	0.0000	0.0000	0.00	
14:30:33	5	0.1	24	0.0000	0.0000	0.00	
14:30:34	5	0.2	24	0.0000	0.0000	0.00	
14:30:35	5	0.1	24	0.0000	0.0000	0.00	
14:30:36	5	0.2	24	0.0000	0.0000	0.00	
14:30:37	5	0.2	24	0.0000	0.0000	0.00	
14:30:38	5	0.2	24	0.0000	0.0000	0.00	
14:30:39	5	0.2	24	0.0000	0.0000	0.00	
14:30:40	5	0.1	24	0.0000	0.0000	0.00	
14:30:41	5	0.2	24	0.0000	0.0000	0.00	
14:30:42	5	0.2	24	0.0000	0.0000	0.00	
14:30:43	5	0.1	24	0.0000	0.0000	0.00	
14:30:44	5	0.2	24	0.0000	0.0000	0.00	
14:30:45	5	0.1	24	0.0000	0.0000	0.00	
14:30:46	5	0.1	24	0.0000	0.0000	0.00	
14:30:47	5	0.2	24	0.0000	0.0000	0.00	
14:30:48	5	0.2	24	0.0000	0.0000	0.00	
14:30:49	5	0.2	24	0.0000	0.0000	0.00	
14:30:50	5	0.2	24	0.0000	0.0000	0.00	
14:30:51	5	0.2	24	0.0000	0.0000	0.00	
14:30:52	5	0.1	24	0.0000	0.0000	0.00	
14:30:53	5	0.2	24	0.0000	0.0000	0.00	
14:30:54	5	0.2	24	0.0000	0.0000	0.00	
14:30:55	5	0.2	24	0.0000	0.0000	0.00	
14:30:56	5	0.2	24	0.0000	0.0000	0.00	
14:30:57	5	0.1	24	0.0000	0.0000	0.00	
14:30:58	5	0.1	24	0.0000	0.0000	0.00	
14:30:59	5	0.1	24	0.0000	0.0000	0.00	
14:31:00	5	0.1	24	0.0000	0.0000	0.00	
14:31:01	5	0.1	24	0.0000	0.0000	0.00	
14:31:02	5	0.1	24	0.0000	0.0000	0.00	
14:31:03	5	0.1	24	0.0000	0.0000	0.00	
14:31:04	5	0.1	24	0.0000	0.0000	0.00	
14:31:05	5	0.1	24	0.0000	0.0000	0.00	
14:31:06	5	0.1	24	0.0000	0.0000	0.00	
14:31:07	5	0.1	24	0.0000	0.0000	0.00	
14:31:08	5	0.1	24	0.0000	0.0000	0.00	
14:31:09	5	0.1	24	0.0000	0.0000	0.00	
14:31:10	5	0.1	24	0.0000	0.0000	0.00	
14:31:11	5	0.1	24	0.0000	0.0000	0.00	
14:31:12	5	0.1	24	0.0000	0.0000	0.00	
14:31:13	5	0.1	24	0.0000	0.0000	0.00	
14:31:14	5	0.1	24	0.0000	0.0000	0.00	
14:31:15	5	0.1	24	0.0000	0.0000	0.00	
14:31:16	5	0.1	24	0.0000	0.0000	0.00	
14:31:17	5	0.1	24	0.0000	0.0000	0.00	
14:31:18	5	0.2	24	0.0000	0.0000	0.00	
14:31:19	5	0.2	24	0.0000	0.0000	0.00	
14:31:20	5	0.1	24	0.0000	0.0000	0.00	
14:31:21	5	0.1	24	0.0000	0.0000	0.00	
14:31:22	5	0.2	24	0.0000	0.0000	0.00	
14:31:23	5	0.2	24	0.0000	0.0000	0.00	
14:31:24	5	0.2	24	0.0000	0.0000	0.00	
14:31:25	5	0.2	24	0.0000	0.0000	0.00	
14:31:26	5	0.2	24	0.0000	0.0000	0.00	
14:31:27	5	0.2	24	0.0000	0.0000	0.00	
14:31:28	5	0.2	24	0.0000	0.0000	0.00	
14:31:29	5	0.2	24	0.0000	0.0000	0.00	
14:31:30	5	0.2	24	0.0000	0.0000	0.00	
14:31:31	5	0.2	24	0.0000	0.0000	0.00	
14:31:32	5	0.2	24	0.0000	0.0000	0.00	
14:31:33	5	0.2	24	0.0000	0.0000	0.00	
14:31:34	5	0.2	24	0.0000	0.0000	0.00	
14:31:35	5	0.2	24	0.0000	0.0000	0.00	
14:31:36	5	0.2	24	0.0000	0.0000	0.00	
14:31:37	5	0.2	24	0.0000	0.0000	0.00	
14:31:38	5	0.2	24	0.0000	0.0000	0.00	
14:31:39	5	0.2	24	0.0000	0.0000	0.00	
14:31:40	5	0.2	24	0.0000	0.0000	0.00	
14:31:41	5	0.2	24	0.0000	0.0000	0.00	
14:31:42	5	0.2	24	0.0000	0.0000	0.00	
14:31:43	5	0.2	24	0.0000	0.0000	0.00	
14:31:44	5	0.2	24	0.0000	0.0000	0.00	
14:31:45	5	0.2	24	0.0000	0.0000	0.00	
14:31:46	5	0.2	24	0.0000	0.0000	0.00	
14:31:47	5	0.2	24	0.0000	0.0000	0.00	
14:31:48	5	0.2	24	0.0000	0.0000	0.00	
14:31:49	5	0.2	24	0.0000	0.0000	0.00	
14:31:50	5	0.2	24	0.0000	0.0000	0.00	
14:31:51	5	0.2	24	0.0000	0.0000	0.00	
14:31:52	5	0.2	24	0.0000	0.0000	0.00	
14:31:53	5	0.2	24	0.0000	0.0000	0.00	
14:31:54	5	0.1	24	0.0000	0.0000	0.00	
14:31:55	5	0.2	24	0.0000	0.0000	0.00	
14:31:56	5	0.2	24	0.0000	0.0000	0.00	
14:31:57	5	0.2	24	0.0000	0.0000	0.00	
14:31:58	5	0.2	24	0.0000	0.0000	0.00	
14:31:59	5	0.2	24	0.0000	0.0000	0.00	
14:32:00	5	0.1	24	0.0000	0.0000	0.00	
14:32:01	5	0.2	24	0.0000	0.0000	0.00	
14:32:02	5	0.2	24	0.0000	0.0000	0.00	
14:32:03	5	0.1	24	0.0000	0.0000	0.00	
14:32:04	5	0.1	24	0.0000	0.0000	0.00	
14:32:05	5	0.1	24	0.0000	0.0000	0.00	
14:32:06	5	0.1	24	0.0000	0.0000	0.00	
14:32:07	5	0.1	24	0.0000	0.0000	0.00	
14:32:08	5	0.1	24	0.0000	0.0000	0.00	
14:32:09	5	0.1	24	0.0000	0.0000	0.00	
14:32:10	5	0.1	24	0.0000	0.0000	0.00	
14:32:11	5	0.2	24	0.0000	0.0000	0.00	
14:32:12	5	0.2	24	0.0000	0.0000	0.00	
14:32:13	5	0.1	24	0.0000	0.0000	0.00	
14:32:14	5	0.2	24	0.0000	0.0000	0.00	
14:32:15	5	0.2	24	0.0000	0.0000	0.00	
14:32:16	5	0.2	24	0.0000	0.0000	0.00	
14:32:17	5	0.2	24	0.0000	0.0000	0.00	
14:32:18	5	0.2	24	0.0000	0.0000	0.00	
14:32:19	5	0.2	24	0.0000	0.0000	0.00	
14:32:20	5	0.2	24	0.0000	0.0000	0.00	
14:32:21	5	0.2	24	0.0000	0.0000	0.00	
14:32:22	5	0.2	24	0.0000	0.0000	0.00	
14:32:23	5	0.2	24	0.0000	0.0000	0.00	
14:32:24	5	0.2	24	0.0000	0.0000	0.00	
14:32:25	5	0.2	24	0.0000	0.0000	0.00	
14:32:26	5	0.2	24	0.0000	0.0000	0.00	
14:32:27	5	0.2	24	0.0000	0.0000	0.00	
14:32:28	5	0.2	24	0.0000	0.0000	0.00	
14:32:29	5	0.2	24	0.0000	0.0000	0.00	
14:32:30	5	0.2	24	0.0000	0.0000	0.00	
14:32:31	5	0.2	24	0.0000	0.0000	0.00	
14:32:32	5	0.2	24	0.0000	0.0000	0.00	
14:32:33	5	0.2	24	0.0000	0.0000	0.00	
14:32:34	5	0.2	24	0.0000	0.0000	0.00	
14:32:35	5	0.2	24	0.0000	0.0000	0.00	
14:32:36	5	0.2	24	0.0000	0.0000	0.00	
14:32:37	5	0.2	24	0.0000	0.0000	0.00	
14:32:38	5	0.2	24	0.0000	0.0000	0.00	
14:32:39	5	0.2	24	0.0000	0.0000	0.00	
14:32:40	5	0.2	24	0.0000	0.0000	0.00	
14:32:41	5	0.2	24	0.0000	0.0000	0.00	
14:32:42	5	0.2	24	0.0000	0.0000	0.00	
14:32:43	5	0.2	24	0.0000	0.0000	0.00	
14:32:44	5	0.2	24	0.0000	0.0000	0.00	
14:32:45	5	0.2	24	0.0000	0.0000	0.00	
14:32:46	5	0.2	24	0.0000	0.0000	0.00	
14:32:47	5	0.2	24	0.0000	0.0000	0.00	
14:32:48	5	0.2	24	0.0000	0.0000	0.00	
14:32:49	5	0.2	24	0.0000	0.0000	0.00	
14:32:50	5	0.2	24	0.0000	0.0000	0.00	
14:32:51	5	0.2	24	0.0000	0.0000	0.00	
14:32:52	5	0.2	24	0.0000	0.0000	0.00	
14:32:53	5	0.2	24	0.0000	0.0000	0.00	
14:32:54	5	0.2	24	0.0000	0.0000	0.00	
14:32:55	5	0.2	24	0.0000	0.0000	0.00	
14:32:56	5	0.2	24	0.0000	0.0000	0.00	
14:32:57	5	0.2	24	0.0000	0.0000	0.00	
14:32:58	5	0.2	24	0.0000	0.0000	0.00	
14:32:59	5	0.2	24	0.0000	0.0000	0.00	
14:33:00	5	0.2	24	0.0000	0.0000	0.00	
14:33:01	5	0.2	24	0.0000	0.0000	0.00	
14:33:02	5	0.2	24	0.0000	0.0000	0.00	
14:33:03	5	0.2	24	0.0000	0.0000	0.00	
14:33:04	5	0.2	24	0.0000	0.0000	0.00	
14:33:05	5	0.2	24	0.0000	0.0000	0.00	
14:33:06	5	0.2	24	0.0000	0.0000	0.00	
14:33:07	5	0.2	24	0.0000	0.0000	0.00	
14:33:08	5	0.2	24	0.0000	0.0000	0.00	
14:33:09	5	0.2	24	0.0000	0.0000	0.00	
14:33:10	5	0.2	24	0.0000	0.0000	0.00	
14:33:11	5	0.2	24	0.0000	0.0000	0.00	
14:33:12	5	0.2	24	0.0000	0.0000	0.00	
14:33:13	5	0.2	24	0.0000	0.0000	0.00	
14:33:14	5	0.2	24	0.0000	0.0000	0.00	
14:33:15	5	0.2	24	0.0000	0.0000	0.00	
14:33:16	5	0.2	24	0.0000	0.0000	0.00	
14:33:17	5	0.2	24	0.0000	0.0000	0.00	
14:33:18	5	0.2	24	0.0000	0.0000	0.00	
14:33:19	5	0.2	24	0.0000	0.0000	0.00	
14:33:20	5	0.2	24	0.0000	0.0000	0.00	
14:33:21	5	0.2	24	0.0000	0.0000	0.00	
14:33:22	5	0.2	24	0.0000	0.0000	0.00	
14:33:23	5	0.2	24	0.0000	0.0000	0.00	
14:33:24	5	0.2	24	0.0000	0.0000	0.00	
14:33:25	5	0.2	24	0.0000	0.0000	0.00	
14:33:26	5	0.2	24	0.0000	0.0000	0.00	
14:33:27	5	0.2	24	0.0000	0.0000	0.00	
14:33:28	5	0.2	24	0.0000	0.0000	0.00	
14:33:29	5	0.2	24	0.0000	0.0000	0.00	
14:33:30	5	0.2	24	0.0000	0.0000	0.00	
14:33:31	5	0.2	24	0.0000	0.0000	0.00	
14:33:32	5	0.2	24	0.0000	0.0000	0.00	
14:33:33	5	0.2	24	0.0000	0.0000	0.00	
14:33:34	5	0.2	24	0.0000	0.0000	0.00	
14:33:35	5	0.2	24	0.0000	0.0000	0.00	
14:33:36	5	0.2	24	0.0000	0.0000	0.00	
14:33:37	5	0.2	24	0.0000	0.0000	0.00	
14:33:38	5	0.2	24	0.0000	0.0000	0.00	
14:33:39	5	0.2	24	0.0000	0.0000	0.00	
14:33:40	5	0.2	24	0.0000	0.0000	0.00	
14:33:41	5	0.1	24	0.0000	0.0000	0.00	
14:33:42	5	0.2	24	0.0000	0.0000	0.00	
14:33:43	5	0.2	24	0.0000	0.0000	0.00	
14:33:44	5	0.2	24	0.0000	0.0000	0.00	
14:33:45	5	0.2	24	0.0000	0.0000	0.00	
14:33:46	5	0.2	24	0.0000	0.0000	0.00	
14:33:47	5	0.2	24	0.0000	0.0000	0.00	
14:33:48	5	0.2	24	0.0000	0.0000	0.00	
14:33:49	5	0.2	24	0.0000	0.0000	0.00	
14:33:50	5	0.2	24	0.0000	0.0000	0.00	
14:33:51	5	0.2	24	0.0000	0.0000	0.00	
14:33:52	5	0.2	24	0.0000	0.0000	0.00	
14:33:53	5	0.2	24	0.0000	0.0000	0.00	
14:33:54	5	0.2	24	0.0000	0.0000	0.00	
