Data Start: 2020-09-24 17:02:24
Data End: 2020-09-24 17:22:41
Devicename: Multi Plankton Sampler MPS
IdentNo.: 1020

Net []
Range1: 0 to 5

Pressure [dbar]
Range1: 0.0 to 3000.0  Cal0: -8.585877E+2  Cal1: 1.175972E-1  Cal2: -1.044298E-6  Cal3: -1.441992E+0  Cal4: 9.253807E-5  Cal5: -8.766143E-10  Cal6: 7.97392E-2  Cal7: 7.856609E-2  Cal8: -1.359118E-8

Volume [m³]
Range1: 0 to 65000  Cal0: 2.5E-1

Flow in [m/s]
Range1: 0.0000 to 9.9000

Flow out [m/s]
Range1: 0.0000 to 9.9000

Flow ratio [%]
Range1: 0.00 to 200.00

Header Comment

Ship:		
Cruise:		
Station:		
Cast:		
Position:		
Operator:		


Time [hh:mm:ss]	Net []	Pressure [dbar]	Volume [m³]	Flow in [m/s]	Flow out [m/s]	Flow ratio [%]	Comments  [Index]
17:02:24	0	-0.1	0	0.0000	0.0000	0.00	
17:02:25	0	-0.1	0	0.0000	0.0000	0.00	
17:02:26	0	0.0	0	0.0000	0.0000	0.00	
17:02:27	0	-0.1	0	0.0000	0.0000	0.00	
17:02:28	0	-0.1	0	0.0000	0.0000	0.00	
17:02:29	0	-0.1	0	0.0000	0.0000	0.00	
17:02:30	0	-0.1	0	0.0000	0.0000	0.00	
17:02:31	0	-0.1	0	0.0000	0.0000	0.00	
17:02:32	0	-0.1	0	0.0000	0.0000	0.00	
17:02:33	0	-0.1	0	0.0000	0.0000	0.00	
17:02:34	0	-0.1	0	0.0000	0.0000	0.00	
17:02:35	0	-0.1	0	0.0000	0.0000	0.00	
17:02:36	0	-0.1	0	0.0000	0.0000	0.00	
17:02:37	0	-0.1	0	0.0000	0.0000	0.00	
17:02:38	0	-0.1	0	0.0000	0.0000	0.00	
17:02:39	0	-0.1	0	0.0000	0.0000	0.00	
17:02:40	0	-0.1	0	0.0000	0.0000	0.00	
17:02:41	0	-0.1	0	0.0000	0.0000	0.00	
17:02:42	0	-0.1	0	0.0000	0.0000	0.00	
17:02:43	0	-0.1	0	0.0000	0.0000	0.00	
17:02:44	0	-0.1	0	0.0000	0.0000	0.00	
17:02:45	0	-0.1	0	0.0000	0.0000	0.00	
17:02:46	0	-0.1	0	0.0000	0.0000	0.00	
17:02:47	0	-0.1	0	0.0000	0.0000	0.00	
17:02:48	0	-0.1	0	0.0000	0.0000	0.00	
17:02:49	0	-0.1	0	0.0000	0.0000	0.00	
17:02:50	0	-0.1	0	0.0000	0.0000	0.00	
17:02:51	0	-0.1	0	0.0000	0.0000	0.00	
17:02:52	0	-0.1	0	0.0000	0.0000	0.00	
17:02:53	0	-0.1	0	0.0000	0.0000	0.00	
17:02:54	0	-0.1	0	0.0000	0.0000	0.00	
17:02:55	0	-0.1	0	0.0000	0.0000	0.00	
17:02:56	0	-0.1	0	0.0000	0.0000	0.00	
17:02:57	0	-0.1	0	0.0000	0.0000	0.00	
17:02:58	0	-0.1	0	0.0000	0.0000	0.00	
17:02:59	0	-0.1	0	0.0000	0.0000	0.00	
17:03:00	0	-0.1	0	0.0000	0.0000	0.00	
17:03:01	0	-0.1	0	0.0000	0.0000	0.00	
17:03:02	0	-0.1	0	0.0000	0.0000	0.00	
17:03:03	0	-0.1	0	0.0000	0.0000	0.00	
17:03:04	0	-0.1	0	0.0000	0.0000	0.00	
17:03:05	0	-0.1	0	0.0000	0.0000	0.00	
17:03:06	0	-0.1	0	0.0000	0.0000	0.00	
17:03:07	0	-0.1	0	0.0000	0.0000	0.00	
17:03:08	0	-0.1	0	0.0000	0.0000	0.00	
17:03:09	0	-0.1	0	0.0000	0.0000	0.00	
17:03:10	0	-0.1	0	0.0000	0.0000	0.00	
17:03:11	0	-0.1	0	0.0000	0.0000	0.00	
17:03:12	0	-0.1	0	0.0000	0.0000	0.00	
17:03:13	0	-0.1	0	0.0000	0.0000	0.00	
17:03:14	0	-0.1	0	0.0000	0.0000	0.00	
17:03:15	0	-0.1	0	0.0000	0.0000	0.00	
17:03:16	0	-0.1	0	0.0000	0.0000	0.00	
17:03:17	0	-0.1	0	0.0000	0.0000	0.00	
17:03:18	0	-0.1	0	0.0000	0.0000	0.00	
17:03:19	0	-0.1	0	0.0000	0.0000	0.00	
17:03:20	0	-0.2	0	0.0000	0.0000	0.00	
17:03:21	0	-0.2	0	0.0000	0.0000	0.00	
17:03:22	0	-0.2	0	0.0000	0.1000	0.00	
17:03:23	0	-0.2	0	0.0000	0.1000	0.00	
17:03:24	0	-0.2	0	0.0000	0.1000	0.00	
17:03:25	0	-0.2	0	0.0000	0.0000	0.00	
17:03:26	0	-0.2	0	0.0000	0.0000	0.00	
17:03:27	0	-0.2	0	0.0000	0.0000	0.00	
17:03:28	0	-0.1	0	0.0000	0.0000	0.00	
17:03:29	0	-0.1	0	0.0000	0.0000	0.00	
17:03:30	0	-0.1	0	0.0000	0.0000	0.00	
17:03:31	0	-0.1	0	0.0000	0.0000	0.00	
17:03:32	0	-0.1	0	0.0000	0.0000	0.00	
17:03:33	0	-0.1	0	0.0000	0.0000	0.00	
17:03:34	0	-0.1	0	0.0000	0.0000	0.00	
17:03:35	0	-0.1	0	0.0000	0.1000	0.00	
17:03:36	0	-0.1	0	0.0000	0.1000	0.00	
17:03:37	0	-0.1	0	0.0000	0.0000	0.00	
17:03:38	0	-0.1	0	0.0000	0.0000	0.00	
17:03:39	0	-0.1	0	0.0000	0.0000	0.00	
17:03:40	0	-0.1	0	0.0000	0.0000	0.00	
17:03:41	0	-0.1	0	0.0000	0.0000	0.00	
17:03:42	0	-0.1	0	0.0000	0.0000	0.00	
17:03:43	0	-0.1	0	0.0000	0.0000	0.00	
17:03:44	0	-0.1	0	0.0000	0.0000	0.00	
17:03:45	0	-0.1	0	0.0000	0.0000	0.00	
17:03:46	0	-0.1	0	0.0000	0.0000	0.00	
17:03:47	0	-0.1	0	0.0000	0.0000	0.00	
17:03:48	0	-0.1	0	0.0000	0.0000	0.00	
17:03:49	0	-0.1	0	0.0000	0.0000	0.00	
17:03:50	0	-0.1	0	0.0000	0.2000	0.00	
17:03:51	0	-0.1	0	0.0000	0.3000	0.00	
17:03:52	0	-0.1	0	0.0000	0.1000	0.00	
17:03:53	0	-0.1	0	0.0000	0.0000	0.00	
17:03:54	0	-0.1	0	0.0000	0.0000	0.00	
17:03:55	0	-0.1	0	0.0000	0.0000	0.00	
17:03:56	0	-0.1	0	0.0000	0.0000	0.00	
17:03:57	0	-0.1	0	0.0000	0.0000	0.00	
17:03:58	0	-0.1	0	0.0000	0.0000	0.00	
17:03:59	0	-0.1	0	0.0000	0.0000	0.00	
17:04:00	0	-0.1	0	0.0000	0.0000	0.00	
17:04:01	0	0.0	0	0.6000	0.4000	150.00	
17:04:02	0	0.0	0	1.4000	0.9000	155.56	
17:04:03	0	0.2	0	1.3000	0.9000	144.44	
17:04:04	0	0.5	1	1.4000	1.0000	140.00	
17:04:05	0	1.2	1	1.8000	1.3000	138.46	
17:04:06	0	1.8	2	1.9000	1.6000	118.75	
17:04:07	0	2.5	2	1.8000	1.6000	112.50	
17:04:08	0	2.9	3	1.6000	1.4000	114.29	
17:04:09	0	3.4	3	1.5000	1.2000	125.00	
17:04:10	0	4.0	3	1.5000	1.2000	125.00	
17:04:11	0	4.5	4	1.5000	1.2000	125.00	
17:04:12	0	5.0	4	1.4000	1.2000	116.67	
17:04:13	0	5.5	4	1.3000	1.2000	108.33	
17:04:14	0	5.9	5	1.2000	1.1000	109.09	
17:04:15	0	6.5	5	1.3000	1.2000	108.33	
17:04:16	0	7.1	5	1.4000	1.2000	116.67	
17:04:17	0	7.6	6	1.5000	1.2000	125.00	
17:04:18	0	8.1	6	1.4000	1.2000	116.67	
17:04:19	0	8.5	6	1.2000	1.2000	100.00	
17:04:20	0	9.1	7	1.3000	1.2000	108.33	
17:04:21	0	9.6	7	1.4000	1.1000	127.27	
17:04:22	0	10.0	7	1.3000	1.1000	118.18	
17:04:23	0	10.5	8	1.2000	1.1000	109.09	
17:04:24	0	11.1	8	1.1000	1.0000	110.00	
17:04:25	0	11.7	8	1.2000	1.0000	120.00	
17:04:26	0	12.2	9	1.4000	1.2000	116.67	
17:04:27	0	12.7	9	1.3000	1.2000	108.33	
17:04:28	0	13.2	9	1.2000	1.2000	100.00	
17:04:29	0	13.8	10	1.3000	1.2000	108.33	
17:04:30	0	14.5	10	1.4000	1.2000	116.67	
17:04:31	0	15.0	10	1.4000	1.2000	116.67	
17:04:32	0	15.5	11	1.4000	1.2000	116.67	
17:04:33	0	16.0	11	1.3000	1.2000	108.33	
17:04:34	0	16.4	11	1.2000	1.2000	100.00	
17:04:35	0	16.9	12	1.2000	1.2000	100.00	
17:04:36	0	17.6	12	1.2000	1.2000	100.00	
17:04:37	0	18.2	12	1.4000	1.2000	116.67	
17:04:38	0	18.6	13	1.4000	1.2000	116.67	
17:04:39	0	19.0	13	1.3000	1.2000	108.33	
17:04:40	0	19.6	13	1.2000	1.2000	100.00	
17:04:41	0	20.2	14	1.3000	1.2000	108.33	
17:04:42	0	20.9	14	1.4000	1.2000	116.67	
17:04:43	0	21.3	14	1.4000	1.2000	116.67	
17:04:44	0	21.8	15	1.4000	1.2000	116.67	
17:04:45	0	22.4	15	1.3000	1.2000	108.33	
17:04:46	0	23.0	15	1.3000	1.2000	108.33	
17:04:47	0	23.5	16	1.4000	1.2000	116.67	
17:04:48	0	24.1	16	1.4000	1.2000	116.67	
17:04:49	0	24.5	16	1.4000	1.2000	116.67	
17:04:50	0	25.0	17	1.3000	1.2000	108.33	
17:04:51	0	25.6	17	1.3000	1.2000	108.33	
17:04:52	0	26.2	17	1.3000	1.2000	108.33	
17:04:53	0	26.7	18	1.4000	1.2000	116.67	
17:04:54	0	27.3	18	1.4000	1.2000	116.67	
17:04:55	0	27.9	18	1.3000	1.2000	108.33	
17:04:56	0	28.4	19	1.4000	1.2000	116.67	
17:04:57	0	28.8	19	1.4000	1.2000	116.67	
17:04:58	0	29.3	19	1.4000	1.2000	116.67	
17:04:59	0	29.9	20	1.4000	1.2000	116.67	
17:05:00	0	30.4	20	1.4000	1.2000	116.67	
17:05:01	0	31.0	20	1.4000	1.2000	116.67	
17:05:02	0	31.5	21	1.4000	1.2000	116.67	
17:05:03	0	32.0	21	1.4000	1.2000	116.67	
17:05:04	0	32.6	21	1.3000	1.1000	118.18	
17:05:05	0	33.1	22	1.3000	1.2000	108.33	
17:05:06	0	33.6	22	1.4000	1.2000	116.67	
17:05:07	0	34.0	22	1.4000	1.2000	116.67	
17:05:08	0	34.5	23	1.3000	1.2000	108.33	
17:05:09	0	34.9	23	1.4000	1.2000	116.67	
17:05:10	0	35.4	23	1.4000	1.2000	116.67	
17:05:11	0	35.9	24	1.4000	1.2000	116.67	
17:05:12	0	36.4	24	1.4000	1.2000	116.67	
17:05:13	0	36.8	24	1.4000	1.2000	116.67	
17:05:14	0	37.2	25	1.4000	1.2000	116.67	
17:05:15	0	37.7	25	1.4000	1.2000	116.67	
17:05:16	0	38.2	25	1.4000	1.2000	116.67	
17:05:17	0	38.6	26	1.3000	1.1000	118.18	
17:05:18	0	39.0	26	1.4000	1.2000	116.67	
17:05:19	0	39.4	26	1.4000	1.2000	116.67	
17:05:20	0	39.9	27	1.2000	1.1000	109.09	
17:05:21	0	40.4	27	1.3000	1.1000	118.18	
17:05:22	0	40.8	27	1.4000	1.2000	116.67	
17:05:23	0	41.2	28	1.3000	1.2000	108.33	
17:05:24	0	41.6	28	1.2000	1.1000	109.09	
17:05:25	0	42.2	28	1.2000	1.1000	109.09	
17:05:26	0	42.6	29	1.2000	1.1000	109.09	
17:05:27	0	43.1	29	1.3000	1.1000	118.18	
17:05:28	0	43.5	29	1.3000	1.1000	118.18	
17:05:29	0	44.0	30	1.2000	1.0000	120.00	
17:05:30	0	44.4	30	1.3000	1.0000	130.00	
17:05:31	0	44.8	30	1.3000	1.1000	118.18	
17:05:32	0	45.3	31	1.2000	1.0000	120.00	
17:05:33	0	45.7	31	1.2000	1.0000	120.00	
17:05:34	0	46.1	31	1.2000	1.1000	109.09	
17:05:35	0	46.6	32	1.2000	1.1000	109.09	
17:05:36	0	47.0	32	1.2000	1.1000	109.09	
17:05:37	0	47.5	32	1.2000	1.0000	120.00	
17:05:38	0	47.9	32	1.3000	1.1000	118.18	
17:05:39	0	48.3	33	1.3000	1.2000	108.33	
17:05:40	0	48.8	33	1.2000	1.0000	120.00	
17:05:41	0	49.4	33	1.3000	1.1000	118.18	
17:05:42	0	49.7	34	1.4000	1.2000	116.67	
17:05:43	0	50.1	34	1.3000	1.0000	130.00	
17:05:44	0	50.6	34	1.2000	1.0000	120.00	
17:05:45	0	51.0	35	1.2000	1.1000	109.09	
17:05:46	0	51.4	35	1.3000	1.1000	118.18	
17:05:47	0	51.8	35	1.3000	1.1000	118.18	
17:05:48	0	52.2	36	1.3000	1.1000	118.18	
17:05:49	0	52.7	36	1.3000	1.1000	118.18	
17:05:50	0	53.1	36	1.3000	1.2000	108.33	
17:05:51	0	53.6	37	1.4000	1.2000	116.67	
17:05:52	0	54.0	37	1.4000	1.1000	127.27	
17:05:53	0	54.5	37	1.3000	1.1000	118.18	
17:05:54	0	54.9	38	1.3000	1.1000	118.18	
17:05:55	0	55.2	38	1.3000	1.0000	130.00	
17:05:56	0	55.6	38	1.2000	1.0000	120.00	
17:05:57	0	56.1	39	1.2000	1.1000	109.09	
17:05:58	0	56.6	39	1.2000	1.1000	109.09	
17:05:59	0	57.0	39	1.3000	1.0000	130.00	
17:06:00	0	57.5	40	1.2000	1.0000	120.00	
17:06:01	0	57.7	40	1.2000	1.0000	120.00	
17:06:02	0	58.1	40	1.2000	1.0000	120.00	
17:06:03	0	58.5	40	1.2000	1.0000	120.00	
17:06:04	0	59.0	41	1.2000	1.0000	120.00	
17:06:05	0	59.4	41	1.2000	1.0000	120.00	
17:06:06	0	59.8	41	1.3000	1.1000	118.18	
17:06:07	0	60.3	42	1.2000	1.1000	109.09	
17:06:08	0	60.7	42	1.3000	1.1000	118.18	
17:06:09	0	61.2	42	1.3000	1.0000	130.00	
17:06:10	0	61.7	43	1.2000	1.0000	120.00	
17:06:11	0	62.2	43	1.2000	1.1000	109.09	
17:06:12	0	62.7	43	1.2000	1.1000	109.09	
17:06:13	0	63.1	44	1.2000	1.1000	109.09	
17:06:14	0	63.4	44	1.2000	1.0000	120.00	
17:06:15	0	63.8	44	1.1000	1.0000	110.00	
17:06:16	0	64.3	44	1.1000	1.0000	110.00	
17:06:17	0	64.7	45	1.2000	1.0000	120.00	
17:06:18	0	65.2	45	1.2000	1.0000	120.00	
17:06:19	0	65.7	45	1.2000	1.0000	120.00	
17:06:20	0	66.1	46	1.2000	1.0000	120.00	
17:06:21	0	66.6	46	1.1000	1.0000	110.00	
17:06:22	0	67.0	46	1.2000	1.0000	120.00	
17:06:23	0	67.4	46	1.2000	1.0000	120.00	
17:06:24	0	68.0	47	1.2000	1.0000	120.00	
17:06:25	0	68.4	47	1.2000	1.1000	109.09	
17:06:26	0	68.8	47	1.2000	1.1000	109.09	
17:06:27	0	69.1	48	1.2000	1.0000	120.00	
17:06:28	0	69.6	48	1.1000	1.0000	110.00	
17:06:29	0	70.0	48	1.0000	1.0000	100.00	
17:06:30	0	70.5	48	1.2000	1.0000	120.00	
17:06:31	0	71.0	49	1.3000	1.0000	130.00	
17:06:32	0	71.4	49	1.2000	1.0000	120.00	
17:06:33	0	71.9	49	1.2000	1.0000	120.00	
17:06:34	0	72.3	50	1.2000	1.0000	120.00	
17:06:35	0	72.7	50	1.1000	1.0000	110.00	
17:06:36	0	73.3	50	1.2000	1.0000	120.00	
17:06:37	0	73.7	50	1.2000	1.0000	120.00	
17:06:38	0	74.1	51	1.1000	1.0000	110.00	
17:06:39	0	74.5	51	1.2000	1.0000	120.00	
17:06:40	0	74.9	51	1.2000	1.0000	120.00	
17:06:41	0	75.5	52	1.2000	1.1000	109.09	
17:06:42	0	75.9	52	1.3000	1.1000	118.18	
17:06:43	0	76.3	52	1.2000	1.0000	120.00	
17:06:44	0	77.1	53	1.2000	1.0000	120.00	
17:06:45	0	77.5	53	1.3000	1.1000	118.18	
17:06:46	0	77.9	53	1.2000	1.1000	109.09	
17:06:47	0	78.4	53	1.1000	1.0000	110.00	
17:06:48	0	78.9	54	1.2000	1.0000	120.00	
17:06:49	0	79.4	54	1.2000	1.1000	109.09	
17:06:50	0	79.9	54	1.2000	1.1000	109.09	
17:06:51	0	80.2	55	1.2000	1.0000	120.00	
17:06:52	0	80.7	55	1.1000	1.0000	110.00	
17:06:53	0	81.2	55	1.1000	1.0000	110.00	
17:06:54	0	81.6	56	1.2000	1.0000	120.00	
17:06:55	0	82.0	56	1.2000	1.1000	109.09	
17:06:56	0	82.5	56	1.2000	1.0000	120.00	
17:06:57	0	83.0	56	1.2000	1.0000	120.00	
17:06:58	0	83.5	57	1.2000	1.1000	109.09	
17:06:59	0	84.0	57	1.3000	1.1000	118.18	
17:07:00	0	84.4	57	1.3000	1.0000	130.00	
17:07:01	0	84.7	58	1.2000	1.0000	120.00	
17:07:02	0	85.2	58	1.1000	1.1000	100.00	
17:07:03	0	85.6	58	1.2000	1.1000	109.09	
17:07:04	0	86.1	59	1.2000	1.1000	109.09	
17:07:05	0	86.5	59	1.3000	1.1000	118.18	
17:07:06	0	86.9	59	1.3000	1.1000	118.18	
17:07:07	0	87.3	60	1.2000	1.1000	109.09	
17:07:08	0	87.8	60	1.2000	1.1000	109.09	
17:07:09	0	88.2	60	1.2000	1.1000	109.09	
17:07:10	0	88.6	60	1.2000	1.0000	120.00	
17:07:11	0	89.0	61	1.2000	1.0000	120.00	
17:07:12	0	89.4	61	1.2000	1.0000	120.00	
17:07:13	0	89.8	61	1.2000	1.1000	109.09	
17:07:14	0	90.3	62	1.2000	1.0000	120.00	
17:07:15	0	90.8	62	1.1000	1.0000	110.00	
17:07:16	0	91.2	62	1.2000	1.0000	120.00	
17:07:17	0	91.7	63	1.3000	1.0000	130.00	
17:07:18	0	92.0	63	1.2000	1.0000	120.00	
17:07:19	0	92.4	63	1.1000	1.0000	110.00	
17:07:20	0	92.9	63	1.2000	1.0000	120.00	
17:07:21	0	93.4	64	1.2000	1.0000	120.00	
17:07:22	0	93.8	64	1.2000	1.0000	120.00	
17:07:23	0	94.4	64	1.2000	1.0000	120.00	
17:07:24	0	94.8	65	1.2000	1.0000	120.00	
17:07:25	0	95.2	65	1.2000	1.0000	120.00	
17:07:26	0	95.6	65	1.0000	1.0000	100.00	
17:07:27	0	96.1	65	1.0000	1.0000	100.00	
17:07:28	0	96.7	66	1.2000	1.0000	120.00	
17:07:29	0	97.1	66	1.2000	1.0000	120.00	
17:07:30	0	97.5	66	1.2000	1.0000	120.00	
17:07:31	0	97.9	67	1.1000	1.0000	110.00	
17:07:32	0	98.5	67	1.1000	1.0000	110.00	
17:07:33	0	98.9	67	1.2000	1.0000	120.00	
17:07:34	0	99.3	67	1.2000	1.0000	120.00	
17:07:35	0	99.7	68	1.1000	1.0000	110.00	
17:07:36	0	100.1	68	1.1000	1.0000	110.00	
17:07:37	0	100.6	68	1.2000	1.0000	120.00	
17:07:38	0	101.0	68	1.2000	1.0000	120.00	
17:07:39	0	101.5	69	1.1000	1.0000	110.00	
17:07:40	0	101.8	69	1.2000	1.0000	120.00	
17:07:41	0	102.3	69	1.1000	1.0000	110.00	
17:07:42	0	102.6	70	1.0000	1.0000	100.00	
17:07:43	0	103.2	70	1.1000	1.0000	110.00	
17:07:44	0	103.7	70	1.2000	1.0000	120.00	
17:07:45	0	104.1	70	1.2000	1.0000	120.00	
17:07:46	0	104.5	71	1.2000	1.0000	120.00	
17:07:47	0	104.9	71	1.0000	1.0000	100.00	
17:07:48	0	105.3	71	1.1000	1.0000	110.00	
17:07:49	0	105.8	72	1.2000	1.0000	120.00	
17:07:50	0	106.3	72	1.2000	1.0000	120.00	
17:07:51	0	106.7	72	1.2000	1.0000	120.00	
17:07:52	0	107.1	72	1.2000	1.0000	120.00	
17:07:53	0	107.7	73	1.1000	1.0000	110.00	
17:07:54	0	108.1	73	1.2000	1.0000	120.00	
17:07:55	0	108.5	73	1.2000	1.0000	120.00	
17:07:56	0	109.0	74	1.0000	1.0000	100.00	
17:07:57	0	109.5	74	1.1000	1.0000	110.00	
17:07:58	0	109.9	74	1.2000	1.0000	120.00	
17:07:59	0	110.3	74	1.1000	1.0000	110.00	
17:08:00	0	110.8	75	1.2000	1.0000	120.00	
17:08:01	0	111.2	75	1.2000	1.0000	120.00	
17:08:02	0	111.6	75	1.2000	1.0000	120.00	
17:08:03	0	112.1	76	1.2000	1.0000	120.00	
17:08:04	0	112.6	76	1.2000	1.0000	120.00	
17:08:05	0	113.0	76	1.2000	1.1000	109.09	
17:08:06	0	113.5	77	1.2000	1.0000	120.00	
17:08:07	0	114.0	77	1.3000	1.0000	130.00	
17:08:08	0	114.5	77	1.3000	1.0000	130.00	
17:08:09	0	114.8	77	1.2000	1.0000	120.00	
17:08:10	0	115.3	78	1.2000	1.1000	109.09	
17:08:11	0	115.7	78	1.2000	1.0000	120.00	
17:08:12	0	116.1	78	1.2000	1.0000	120.00	
17:08:13	0	116.4	79	1.2000	1.0000	120.00	
17:08:14	0	116.9	79	1.2000	1.0000	120.00	
17:08:15	0	117.4	79	1.2000	1.0000	120.00	
17:08:16	0	117.8	79	1.2000	1.0000	120.00	
17:08:17	0	118.1	80	1.2000	1.0000	120.00	
17:08:18	0	118.5	80	1.2000	1.0000	120.00	
17:08:19	0	119.0	80	1.2000	1.0000	120.00	
17:08:20	0	119.4	81	1.1000	1.0000	110.00	
17:08:21	0	119.9	81	1.2000	1.0000	120.00	
17:08:22	0	120.2	81	1.2000	1.0000	120.00	
17:08:23	0	120.7	82	1.2000	1.0000	120.00	
17:08:24	0	121.1	82	1.2000	1.0000	120.00	
17:08:25	0	121.5	82	1.2000	1.0000	120.00	
17:08:26	0	122.0	82	1.2000	1.0000	120.00	
17:08:27	0	122.4	83	1.2000	1.1000	109.09	
17:08:28	0	122.9	83	1.2000	1.1000	109.09	
17:08:29	0	123.3	83	1.2000	1.0000	120.00	
17:08:30	0	123.6	84	1.2000	1.0000	120.00	
17:08:31	0	124.0	84	1.2000	1.0000	120.00	
17:08:32	0	124.5	84	1.1000	1.0000	110.00	
17:08:33	0	125.1	85	1.2000	1.0000	120.00	
17:08:34	0	125.5	85	1.2000	1.0000	120.00	
17:08:35	0	125.7	85	1.2000	1.0000	120.00	
17:08:36	0	126.1	85	1.0000	1.0000	100.00	
17:08:37	0	126.6	86	1.0000	1.0000	100.00	
17:08:38	0	126.8	86	1.1000	1.0000	110.00	
17:08:39	0	127.3	86	1.1000	1.0000	110.00	
17:08:40	0	127.7	86	1.2000	1.0000	120.00	
17:08:41	0	128.2	87	1.2000	1.0000	120.00	
17:08:42	0	128.6	87	1.2000	1.0000	120.00	
17:08:43	0	129.0	87	1.2000	1.0000	120.00	
17:08:44	0	129.2	88	1.2000	1.0000	120.00	
17:08:45	0	129.5	88	1.2000	1.0000	120.00	
17:08:46	0	129.9	88	1.2000	1.0000	120.00	
17:08:47	0	130.4	89	1.2000	1.0000	120.00	
17:08:48	0	130.8	89	1.2000	1.1000	109.09	
17:08:49	0	131.3	89	1.2000	1.1000	109.09	
17:08:50	0	131.7	89	1.3000	1.0000	130.00	
17:08:51	0	132.0	90	1.3000	1.0000	130.00	
17:08:52	0	132.2	90	1.2000	1.0000	120.00	
17:08:53	0	132.5	90	1.1000	1.0000	110.00	
17:08:54	0	133.0	91	1.1000	1.0000	110.00	
17:08:55	0	133.5	91	1.2000	1.0000	120.00	
17:08:56	0	133.8	91	1.2000	1.0000	120.00	
17:08:57	0	134.1	91	1.2000	1.0000	120.00	
17:08:58	0	134.5	92	1.2000	1.0000	120.00	
17:08:59	0	134.9	92	1.2000	1.0000	120.00	
17:09:00	0	135.2	92	1.2000	1.0000	120.00	
17:09:01	0	135.7	93	1.2000	1.0000	120.00	
17:09:02	0	136.1	93	1.2000	1.0000	120.00	
17:09:03	0	136.4	93	1.2000	1.0000	120.00	
17:09:04	0	136.7	94	1.2000	1.1000	109.09	
17:09:05	0	137.2	94	1.2000	1.0000	120.00	
17:09:06	0	137.6	94	1.2000	1.0000	120.00	
17:09:07	0	138.0	94	1.2000	1.0000	120.00	
17:09:08	0	138.3	95	1.2000	1.0000	120.00	
17:09:09	0	138.7	95	1.1000	1.0000	110.00	
17:09:10	0	139.1	95	1.2000	1.0000	120.00	
17:09:11	0	139.4	96	1.2000	1.0000	120.00	
17:09:12	0	139.8	96	1.2000	1.0000	120.00	
17:09:13	0	140.2	96	1.2000	1.0000	120.00	
17:09:14	0	140.5	97	1.2000	1.0000	120.00	
17:09:15	0	140.9	97	1.2000	1.0000	120.00	
17:09:16	0	141.3	97	1.2000	1.0000	120.00	
17:09:17	0	141.7	97	1.2000	1.0000	120.00	
17:09:18	0	142.0	98	1.2000	1.0000	120.00	
17:09:19	0	142.3	98	1.2000	1.0000	120.00	
17:09:20	0	142.5	98	1.2000	1.0000	120.00	
17:09:21	0	142.9	99	1.2000	1.0000	120.00	
17:09:22	0	143.3	99	1.2000	1.0000	120.00	
17:09:23	0	143.6	99	1.2000	1.0000	120.00	
17:09:24	0	143.9	99	1.2000	1.0000	120.00	
17:09:25	0	144.2	100	1.2000	1.0000	120.00	
17:09:26	0	144.6	100	1.2000	1.0000	120.00	
17:09:27	0	145.0	100	1.1000	1.0000	110.00	
17:09:28	0	145.3	101	1.2000	1.0000	120.00	
17:09:29	0	145.7	101	1.2000	1.0000	120.00	
17:09:30	0	145.9	101	1.2000	1.0000	120.00	
17:09:31	0	146.3	102	1.1000	1.0000	110.00	
17:09:32	0	146.8	102	1.1000	1.0000	110.00	
17:09:33	0	147.1	102	1.2000	1.0000	120.00	
17:09:34	0	147.3	102	1.2000	1.0000	120.00	
17:09:35	0	147.6	103	1.2000	1.0000	120.00	
17:09:36	0	147.9	103	1.2000	1.0000	120.00	
17:09:37	0	148.4	103	1.2000	1.0000	120.00	
17:09:38	0	148.7	104	1.2000	1.0000	120.00	
17:09:39	0	149.2	104	1.2000	1.0000	120.00	
17:09:40	0	149.5	104	1.2000	1.0000	120.00	
17:09:41	0	149.7	105	1.2000	1.0000	120.00	
17:09:42	0	150.1	105	1.2000	1.0000	120.00	
17:09:43	0	150.5	105	1.2000	1.0000	120.00	
17:09:44	0	150.8	105	1.2000	1.0000	120.00	
17:09:45	0	151.2	106	1.2000	1.1000	109.09	
17:09:46	0	151.6	106	1.2000	1.0000	120.00	
17:09:47	0	151.8	106	1.2000	1.0000	120.00	
17:09:48	0	151.9	107	1.3000	1.0000	130.00	
17:09:49	0	152.3	107	1.2000	1.0000	120.00	
17:09:50	0	152.7	107	1.1000	1.0000	110.00	
17:09:51	0	153.0	108	1.2000	1.0000	120.00	
17:09:52	0	153.4	108	1.2000	1.0000	120.00	
17:09:53	0	153.6	108	1.2000	1.0000	120.00	
17:09:54	0	153.8	108	1.3000	1.1000	118.18	
17:09:55	0	154.1	109	1.3000	1.0000	130.00	
17:09:56	0	154.5	109	1.2000	1.0000	120.00	
17:09:57	0	154.9	109	1.2000	1.0000	120.00	
17:09:58	0	155.1	110	1.2000	1.0000	120.00	
17:09:59	0	155.3	110	1.2000	1.0000	120.00	
17:10:00	0	155.7	110	1.2000	1.0000	120.00	
17:10:01	0	156.2	111	1.2000	1.0000	120.00	
17:10:02	0	156.4	111	1.3000	1.0000	130.00	
17:10:03	0	156.7	111	1.3000	1.1000	118.18	
17:10:04	0	157.1	111	1.2000	1.0000	120.00	
17:10:05	0	157.4	112	1.2000	1.0000	120.00	
17:10:06	0	157.7	112	1.2000	1.0000	120.00	
17:10:07	0	157.9	112	1.2000	1.0000	120.00	
17:10:08	0	158.3	113	1.2000	1.0000	120.00	
17:10:09	0	158.7	113	1.2000	1.0000	120.00	
17:10:10	0	159.0	113	1.2000	1.0000	120.00	
17:10:11	0	159.4	114	1.2000	1.0000	120.00	
17:10:12	0	159.6	114	1.2000	1.0000	120.00	
17:10:13	0	159.9	114	1.2000	1.1000	109.09	
17:10:14	0	160.3	114	1.2000	1.0000	120.00	
17:10:15	0	160.6	115	1.2000	1.0000	120.00	
17:10:16	0	160.7	115	1.2000	1.1000	109.09	
17:10:17	0	161.2	115	1.2000	1.0000	120.00	
17:10:18	0	161.5	116	1.2000	1.0000	120.00	
17:10:19	0	161.9	116	1.2000	1.1000	109.09	
17:10:20	0	162.2	116	1.3000	1.0000	130.00	
17:10:21	0	162.5	117	1.2000	1.0000	120.00	
17:10:22	0	162.8	117	1.2000	1.1000	109.09	
17:10:23	0	163.1	117	1.2000	1.0000	120.00	
17:10:24	0	163.3	118	1.3000	1.0000	130.00	
17:10:25	0	163.6	118	1.3000	1.0000	130.00	
17:10:26	0	164.0	118	1.2000	1.0000	120.00	
17:10:27	0	164.3	118	1.2000	1.1000	109.09	
17:10:28	0	164.5	119	1.2000	1.0000	120.00	
17:10:29	0	164.8	119	1.2000	1.0000	120.00	
17:10:30	0	165.1	119	1.2000	1.0000	120.00	
17:10:31	0	165.3	120	1.2000	1.0000	120.00	
17:10:32	0	165.5	120	1.2000	1.0000	120.00	
17:10:33	0	165.8	120	1.2000	1.0000	120.00	
17:10:34	0	166.1	121	1.2000	1.0000	120.00	
17:10:35	0	166.5	121	1.2000	1.0000	120.00	
17:10:36	0	166.8	121	1.2000	1.0000	120.00	
17:10:37	0	167.2	121	1.2000	1.0000	120.00	
17:10:38	0	167.3	122	1.3000	1.0000	130.00	
17:10:39	0	167.5	122	1.4000	1.1000	127.27	
17:10:40	0	167.9	122	1.2000	1.1000	109.09	
17:10:41	0	168.4	123	1.2000	1.0000	120.00	
17:10:42	0	168.8	123	1.3000	1.0000	130.00	
17:10:43	0	168.8	123	1.3000	1.1000	118.18	
17:10:44	0	168.9	124	1.3000	1.1000	118.18	
17:10:45	0	169.2	124	1.2000	1.1000	109.09	
17:10:46	0	169.7	124	1.2000	1.0000	120.00	
17:10:47	0	170.0	125	1.2000	1.0000	120.00	
17:10:48	0	170.2	125	1.3000	1.1000	118.18	
17:10:49	0	170.1	125	1.5000	1.2000	125.00	
17:10:50	0	170.1	126	1.6000	1.4000	114.29	
17:10:51	0	170.0	126	1.7000	1.4000	121.43	
17:10:52	0	169.7	127	1.9000	1.5000	126.67	
17:10:53	0	169.4	127	1.9000	1.7000	111.76	
17:10:54	0	169.1	128	1.7000	1.8000	94.44	
17:10:55	0	168.9	128	1.7000	1.7000	100.00	
17:10:56	0	168.6	128	1.8000	1.6000	112.50	
17:10:57	0	168.5	129	1.8000	1.6000	112.50	
17:10:58	0	168.4	129	1.7000	1.6000	106.25	
17:10:59	0	168.0	130	1.9000	1.8000	105.56	
17:11:00	0	167.7	130	2.0000	1.8000	111.11	
17:11:01	0	167.6	131	1.7000	1.7000	100.00	
17:11:02	0	167.4	131	1.8000	1.6000	112.50	
17:11:03	0	167.1	132	2.1000	1.7000	123.53	
17:11:04	0	166.9	132	1.9000	1.8000	105.56	
17:11:05	0	166.9	133	1.7000	1.6000	106.25	
17:11:06	0	166.9	133	1.8000	1.6000	112.50	
17:11:07	0	166.6	134	2.3000	1.8000	127.78	
17:11:08	0	166.6	134	2.2000	1.8000	122.22	
17:11:09	0	166.6	135	1.7000	1.7000	100.00	
17:11:10	0	166.6	135	1.8000	1.6000	112.50	
17:11:11	0	166.3	136	2.3000	1.7000	135.29	
17:11:12	0	166.0	136	2.3000	1.9000	121.05	
17:11:13	0	166.0	137	1.9000	1.8000	105.56	
17:11:14	0	165.9	137	1.8000	1.6000	112.50	
17:11:15	0	165.8	138	2.0000	1.6000	125.00	
17:11:16	0	165.8	138	2.1000	1.7000	123.53	
17:11:17	0	165.7	139	2.0000	1.7000	117.65	
17:11:18	0	165.7	139	2.0000	1.6000	125.00	
17:11:19	0	165.5	140	2.2000	1.6000	137.50	
17:11:20	0	165.4	140	2.2000	1.8000	122.22	
17:11:21	0	165.3	141	2.1000	1.7000	123.53	
17:11:22	0	165.3	141	1.9000	1.6000	118.75	
17:11:23	0	165.2	142	2.0000	1.6000	125.00	
17:11:24	0	165.1	142	2.2000	1.7000	129.41	
17:11:25	0	164.9	143	2.1000	1.8000	116.67	
17:11:26	0	164.9	143	2.0000	1.8000	111.11	
17:11:27	0	164.8	144	2.1000	1.6000	131.25	
17:11:28	0	164.8	144	2.1000	1.6000	131.25	
17:11:29	0	164.8	145	2.1000	1.6000	131.25	
17:11:30	0	164.7	145	2.1000	1.7000	123.53	
17:11:31	0	164.7	146	2.0000	1.8000	111.11	
17:11:32	0	164.6	146	2.1000	1.8000	116.67	
17:11:33	0	164.4	147	2.2000	1.8000	122.22	
17:11:34	0	164.3	147	2.1000	1.8000	116.67	
17:11:35	0	164.3	148	1.8000	1.7000	105.88	
17:11:36	0	164.2	148	1.8000	1.6000	112.50	
17:11:37	0	164.0	149	2.2000	1.7000	129.41	
17:11:38	0	163.8	149	2.1000	1.8000	116.67	
17:11:39	0	163.7	150	1.9000	1.7000	111.76	
17:11:40	0	163.6	150	2.0000	1.6000	125.00	
17:11:41	0	163.4	151	2.0000	1.6000	125.00	
17:11:42	0	163.3	151	1.8000	1.6000	112.50	
17:11:43	0	163.2	152	1.9000	1.7000	111.76	
17:11:44	0	163.0	152	2.0000	1.7000	117.65	
17:11:45	0	162.7	153	2.0000	1.8000	111.11	
17:11:46	0	162.8	153	1.8000	1.7000	105.88	
17:11:47	0	162.6	154	1.8000	1.6000	112.50	
17:11:48	0	162.3	154	2.2000	1.9000	115.79	
17:11:49	0	162.3	155	2.1000	1.9000	110.53	
17:11:50	0	162.4	155	2.0000	1.8000	111.11	
17:11:51	0	162.4	156	2.0000	1.8000	111.11	
17:11:52	0	162.2	156	2.1000	1.8000	116.67	
17:11:53	0	162.2	157	2.3000	1.8000	127.78	
17:11:54	0	161.9	157	2.1000	1.8000	116.67	
17:11:55	0	161.9	158	1.8000	1.7000	105.88	
17:11:56	0	161.8	158	1.8000	1.6000	112.50	
17:11:57	0	161.5	159	2.0000	1.7000	117.65	
17:11:58	0	161.3	159	2.1000	1.9000	110.53	
17:11:59	0	161.1	160	1.8000	1.8000	100.00	
17:12:00	0	161.1	160	1.8000	1.7000	105.88	
17:12:01	0	161.1	161	1.8000	1.6000	112.50	
17:12:02	0	160.8	161	2.1000	1.8000	116.67	
17:12:03	0	160.8	162	2.3000	1.9000	121.05	
17:12:04	0	160.7	162	2.1000	1.8000	116.67	
17:12:05	0	160.7	163	1.8000	1.7000	105.88	
17:12:06	0	160.5	163	2.0000	1.8000	111.11	
17:12:07	0	160.5	164	2.1000	1.8000	116.67	
17:12:08	0	160.4	164	2.1000	1.7000	123.53	
17:12:09	0	160.3	165	2.1000	1.8000	116.67	
17:12:10	0	160.2	165	2.0000	1.7000	117.65	
17:12:11	0	160.0	166	2.1000	1.8000	116.67	
17:12:12	0	159.8	166	2.1000	1.9000	110.53	
17:12:13	0	159.7	167	1.9000	1.8000	105.56	
17:12:14	1	159.6	0	1.8000	1.6000	112.50	
17:12:15	1	159.3	0	2.0000	1.8000	111.11	
17:12:16	1	159.1	1	2.1000	1.8000	116.67	
17:12:17	1	159.0	1	1.8000	1.6000	112.50	
17:12:18	1	158.9	2	1.8000	1.6000	112.50	
17:12:19	1	158.6	2	1.8000	1.6000	112.50	
17:12:20	1	158.2	3	1.6000	1.6000	100.00	
17:12:21	1	157.9	3	1.4000	1.6000	87.50	
17:12:22	1	157.7	3	1.5000	1.6000	93.75	
17:12:23	1	157.5	4	1.6000	1.6000	100.00	
17:12:24	1	157.1	4	1.6000	1.7000	94.12	
17:12:25	1	156.8	5	1.4000	1.7000	82.35	
17:12:26	1	156.8	5	1.6000	1.6000	100.00	
17:12:27	1	156.6	6	2.0000	1.7000	117.65	
17:12:28	1	156.4	6	1.9000	1.8000	105.56	
17:12:29	1	156.2	6	1.8000	1.8000	100.00	
17:12:30	1	156.0	7	1.7000	1.8000	94.44	
17:12:31	1	156.0	7	1.7000	1.7000	100.00	
17:12:32	1	155.7	8	1.7000	1.7000	100.00	
17:12:33	1	155.6	8	1.6000	1.7000	94.12	
17:12:34	1	155.2	9	1.8000	1.7000	105.88	
17:12:35	1	155.0	9	1.7000	1.7000	100.00	
17:12:36	1	154.7	9	1.6000	1.7000	94.12	
17:12:37	1	154.5	10	1.7000	1.8000	94.44	
17:12:38	1	154.2	10	1.7000	1.8000	94.44	
17:12:39	1	154.1	11	1.6000	1.7000	94.12	
17:12:40	1	153.9	11	1.7000	1.8000	94.44	
17:12:41	1	153.8	12	1.9000	1.8000	105.56	
17:12:42	1	153.5	12	1.8000	1.8000	100.00	
17:12:43	1	153.4	13	1.8000	1.7000	105.88	
17:12:44	1	153.2	13	1.7000	1.6000	106.25	
17:12:45	1	153.0	13	1.7000	1.6000	106.25	
17:12:46	1	152.7	14	1.7000	1.7000	100.00	
17:12:47	1	152.4	14	1.6000	1.8000	88.89	
17:12:48	1	152.3	15	1.6000	1.7000	94.12	
17:12:49	1	152.0	15	1.7000	1.7000	100.00	
17:12:50	1	151.7	16	2.0000	1.8000	111.11	
17:12:51	1	151.3	16	1.8000	1.9000	94.74	
17:12:52	1	151.3	16	1.5000	1.8000	83.33	
17:12:53	1	151.3	17	1.7000	1.6000	106.25	
17:12:54	1	151.1	17	2.0000	1.7000	117.65	
17:12:55	1	150.9	18	1.8000	1.8000	100.00	
17:12:56	1	150.8	18	1.6000	1.8000	88.89	
17:12:57	1	150.7	19	1.7000	1.7000	100.00	
17:12:58	1	150.4	19	1.8000	1.6000	112.50	
17:12:59	1	149.9	19	1.8000	1.7000	105.88	
17:13:00	1	149.7	20	1.6000	1.8000	88.89	
17:13:01	1	149.6	20	1.5000	1.6000	93.75	
17:13:02	1	149.5	21	1.6000	1.6000	100.00	
17:13:03	1	149.1	21	1.8000	1.6000	112.50	
17:13:04	1	148.8	21	1.6000	1.6000	100.00	
17:13:05	1	148.6	22	1.5000	1.6000	93.75	
17:13:06	1	148.4	22	1.7000	1.6000	106.25	
17:13:07	1	148.2	23	1.8000	1.6000	112.50	
17:13:08	1	148.0	23	1.8000	1.7000	105.88	
17:13:09	1	147.7	24	1.8000	1.8000	100.00	
17:13:10	1	147.6	24	1.7000	1.8000	94.44	
17:13:11	1	147.3	25	1.7000	1.7000	100.00	
17:13:12	1	147.3	25	1.7000	1.6000	106.25	
17:13:13	1	147.0	25	1.6000	1.6000	100.00	
17:13:14	1	146.6	26	1.8000	1.7000	105.88	
17:13:15	1	146.4	26	1.8000	1.8000	100.00	
17:13:16	1	146.4	27	1.5000	1.7000	88.24	
17:13:17	1	146.2	27	1.7000	1.6000	106.25	
17:13:18	1	145.8	28	1.9000	1.8000	105.56	
17:13:19	1	145.6	28	1.7000	1.8000	94.44	
17:13:20	1	145.5	28	1.6000	1.6000	100.00	
17:13:21	1	145.2	29	1.9000	1.7000	111.76	
17:13:22	1	145.0	29	2.1000	1.8000	116.67	
17:13:23	1	144.7	30	1.8000	1.8000	100.00	
17:13:24	1	144.7	30	1.7000	1.7000	100.00	
17:13:25	1	144.6	31	1.8000	1.6000	112.50	
17:13:26	1	144.3	31	1.8000	1.7000	105.88	
17:13:27	1	144.0	32	1.6000	1.8000	88.89	
17:13:28	1	143.9	32	1.6000	1.7000	94.12	
17:13:29	1	143.6	33	1.9000	1.8000	105.56	
17:13:30	1	143.2	33	1.8000	1.9000	94.74	
17:13:31	1	143.0	33	1.6000	1.8000	88.89	
17:13:32	1	142.9	34	1.6000	1.6000	100.00	
17:13:33	1	142.6	34	1.8000	1.6000	112.50	
17:13:34	1	142.3	35	1.9000	1.8000	105.56	
17:13:35	1	142.2	35	1.8000	1.8000	100.00	
17:13:36	1	142.0	36	1.8000	1.8000	100.00	
17:13:37	1	141.8	36	2.0000	1.8000	111.11	
17:13:38	1	141.5	37	1.8000	1.8000	100.00	
17:13:39	1	141.3	37	1.8000	1.8000	100.00	
17:13:40	1	141.1	37	1.8000	1.7000	105.88	
17:13:41	1	140.9	38	1.7000	1.7000	100.00	
17:13:42	1	140.5	38	1.8000	1.8000	100.00	
17:13:43	1	140.3	39	1.7000	1.8000	94.44	
17:13:44	1	140.2	39	1.4000	1.6000	87.50	
17:13:45	1	139.9	40	1.7000	1.6000	106.25	
17:13:46	1	139.5	40	2.0000	1.8000	111.11	
17:13:47	2	139.2	0	1.8000	1.8000	100.00	
17:13:48	2	138.9	0	1.6000	1.8000	88.89	
17:13:49	2	138.7	1	1.6000	1.7000	94.12	
17:13:50	2	138.5	1	1.7000	1.7000	100.00	
17:13:51	2	138.2	2	1.7000	1.8000	94.44	
17:13:52	2	137.5	2	1.6000	1.9000	84.21	
17:13:53	2	137.2	2	1.4000	1.8000	77.78	
17:13:54	2	137.1	3	1.2000	1.7000	70.59	
17:13:55	2	137.0	3	1.5000	1.6000	93.75	
17:13:56	2	136.6	3	1.7000	1.6000	106.25	
17:13:57	2	136.1	4	1.6000	1.8000	88.89	
17:13:58	2	136.0	4	1.6000	1.8000	88.89	
17:13:59	2	135.8	5	1.6000	1.7000	94.12	
17:14:00	2	135.6	5	1.7000	1.8000	94.44	
17:14:01	2	135.3	6	1.8000	1.8000	100.00	
17:14:02	2	134.9	6	1.8000	1.9000	94.74	
17:14:03	2	134.5	6	1.6000	1.9000	84.21	
17:14:04	2	134.5	7	1.4000	1.6000	87.50	
17:14:05	2	134.2	7	1.6000	1.6000	100.00	
17:14:06	2	133.8	8	1.8000	1.7000	105.88	
17:14:07	2	133.6	8	1.6000	1.8000	88.89	
17:14:08	2	133.5	8	1.5000	1.7000	88.24	
17:14:09	2	133.1	9	1.6000	1.7000	94.12	
17:14:10	2	132.6	9	1.7000	1.8000	94.44	
17:14:11	2	132.3	9	1.4000	1.8000	77.78	
17:14:12	2	132.2	10	1.3000	1.8000	72.22	
17:14:13	2	132.0	10	1.6000	1.7000	94.12	
17:14:14	2	131.5	11	1.8000	1.8000	100.00	
17:14:15	2	131.2	11	1.6000	1.8000	88.89	
17:14:16	2	131.2	11	1.3000	1.6000	81.25	
17:14:17	2	130.9	12	1.5000	1.6000	93.75	
17:14:18	2	130.5	12	1.9000	1.8000	105.56	
17:14:19	2	130.2	13	1.7000	1.9000	89.47	
17:14:20	2	130.1	13	1.4000	1.8000	77.78	
17:14:21	2	129.9	13	1.6000	1.7000	94.12	
17:14:22	2	129.6	14	1.8000	1.8000	100.00	
17:14:23	2	129.3	14	1.6000	1.8000	88.89	
17:14:24	2	129.1	15	1.4000	1.6000	87.50	
17:14:25	2	128.7	15	1.6000	1.7000	94.12	
17:14:26	2	128.2	15	1.7000	1.7000	100.00	
17:14:27	2	127.9	16	1.5000	1.8000	83.33	
17:14:28	2	127.7	16	1.4000	1.7000	82.35	
17:14:29	2	127.3	17	1.6000	1.7000	94.12	
17:14:30	2	127.0	17	1.8000	1.8000	100.00	
17:14:31	2	126.8	17	1.6000	1.8000	88.89	
17:14:32	2	126.5	18	1.6000	1.8000	88.89	
17:14:33	2	126.2	18	1.7000	1.8000	94.44	
17:14:34	2	125.9	19	1.7000	1.8000	94.44	
17:14:35	2	125.7	19	1.6000	1.8000	88.89	
17:14:36	2	125.4	19	1.6000	1.8000	88.89	
17:14:37	2	125.1	20	1.5000	1.8000	83.33	
17:14:38	2	124.9	20	1.6000	1.8000	88.89	
17:14:39	2	124.6	21	1.6000	1.7000	94.12	
17:14:40	2	124.1	21	1.7000	1.8000	94.44	
17:14:41	2	123.8	22	1.7000	1.9000	89.47	
17:14:42	2	123.6	22	1.6000	1.8000	88.89	
17:14:43	2	123.4	22	1.6000	1.6000	100.00	
17:14:44	2	123.2	23	1.7000	1.6000	106.25	
17:14:45	2	122.8	23	1.7000	1.8000	94.44	
17:14:46	2	122.4	24	1.6000	1.8000	88.89	
17:14:47	2	122.1	24	1.6000	1.8000	88.89	
17:14:48	2	121.8	24	1.6000	1.8000	88.89	
17:14:49	2	121.7	25	1.4000	1.6000	87.50	
17:14:50	2	121.2	25	1.6000	1.6000	100.00	
17:14:51	2	120.7	26	1.8000	1.8000	100.00	
17:14:52	2	120.4	26	1.7000	1.8000	94.44	
17:14:53	2	120.3	26	1.5000	1.7000	88.24	
17:14:54	2	119.9	27	1.6000	1.7000	94.12	
17:14:55	2	119.6	27	1.8000	1.8000	100.00	
17:14:56	2	119.4	28	1.7000	1.7000	100.00	
17:14:57	2	119.2	28	1.6000	1.7000	94.12	
17:14:58	2	118.8	29	1.6000	1.8000	88.89	
17:14:59	2	118.4	29	1.6000	1.8000	88.89	
17:15:00	2	118.2	29	1.6000	1.7000	94.12	
17:15:01	2	117.8	30	1.6000	1.6000	100.00	
17:15:02	2	117.4	30	1.7000	1.7000	100.00	
17:15:03	2	117.0	31	1.6000	1.7000	94.12	
17:15:04	2	116.8	31	1.4000	1.6000	87.50	
17:15:05	2	116.5	31	1.6000	1.5000	106.67	
17:15:06	2	116.0	32	1.8000	1.6000	112.50	
17:15:07	2	115.8	32	1.6000	1.6000	100.00	
17:15:08	2	115.4	33	1.6000	1.6000	100.00	
17:15:09	2	115.0	33	1.7000	1.6000	106.25	
17:15:10	2	114.8	33	1.6000	1.6000	100.00	
17:15:11	2	114.5	34	1.6000	1.7000	94.12	
17:15:12	2	114.1	34	1.7000	1.7000	100.00	
17:15:13	2	113.6	35	1.6000	1.7000	94.12	
17:15:14	2	113.0	35	1.4000	1.8000	77.78	
17:15:15	2	112.6	35	1.4000	1.7000	82.35	
17:15:16	2	112.3	36	1.5000	1.6000	93.75	
17:15:17	2	112.0	36	1.6000	1.6000	100.00	
17:15:18	2	111.5	37	1.6000	1.6000	100.00	
17:15:19	2	111.2	37	1.5000	1.6000	93.75	
17:15:20	2	110.9	37	1.4000	1.5000	93.33	
17:15:21	2	110.5	38	1.6000	1.6000	100.00	
17:15:22	2	110.1	38	1.8000	1.8000	100.00	
17:15:23	2	109.6	38	1.6000	1.8000	88.89	
17:15:24	2	109.3	39	1.4000	1.8000	77.78	
17:15:25	3	109.0	0	1.6000	1.7000	94.12	
17:15:26	3	108.6	0	1.6000	1.6000	100.00	
17:15:27	3	108.3	1	1.5000	1.6000	93.75	
17:15:28	3	107.9	1	1.5000	1.6000	93.75	
17:15:29	3	107.4	1	1.6000	1.7000	94.12	
17:15:30	3	106.9	2	1.4000	1.8000	77.78	
17:15:31	3	106.6	2	1.4000	1.7000	82.35	
17:15:32	3	106.4	3	1.5000	1.6000	93.75	
17:15:33	3	106.0	3	1.7000	1.6000	106.25	
17:15:34	3	105.5	3	1.6000	1.6000	100.00	
17:15:35	3	105.1	4	1.5000	1.6000	93.75	
17:15:36	3	104.6	4	1.5000	1.6000	93.75	
17:15:37	3	104.3	4	1.4000	1.6000	87.50	
17:15:38	3	103.9	5	1.6000	1.6000	100.00	
17:15:39	3	103.5	5	1.6000	1.6000	100.00	
17:15:40	3	103.1	6	1.6000	1.6000	100.00	
17:15:41	3	102.9	6	1.6000	1.6000	100.00	
17:15:42	3	102.6	6	1.6000	1.6000	100.00	
17:15:43	3	102.3	7	1.7000	1.6000	106.25	
17:15:44	3	102.0	7	1.7000	1.6000	106.25	
17:15:45	3	101.5	8	1.8000	1.8000	100.00	
17:15:46	3	101.2	8	1.7000	1.8000	94.44	
17:15:47	3	101.0	9	1.6000	1.8000	88.89	
17:15:48	3	100.7	9	1.7000	1.7000	100.00	
17:15:49	3	100.2	9	1.6000	1.8000	88.89	
17:15:50	3	99.9	10	1.4000	1.8000	77.78	
17:15:51	3	99.5	10	1.4000	1.6000	87.50	
17:15:52	3	99.1	11	1.6000	1.7000	94.12	
17:15:53	3	98.6	11	1.6000	1.8000	88.89	
17:15:54	3	98.1	11	1.6000	1.7000	94.12	
17:15:55	3	97.8	12	1.6000	1.7000	94.12	
17:15:56	3	97.4	12	1.6000	1.7000	94.12	
17:15:57	3	97.2	13	1.6000	1.6000	100.00	
17:15:58	3	96.9	13	1.6000	1.7000	94.12	
17:15:59	3	96.3	13	1.6000	1.8000	88.89	
17:16:00	3	95.8	14	1.4000	1.8000	77.78	
17:16:01	3	95.4	14	1.3000	1.7000	76.47	
17:16:02	3	95.1	14	1.6000	1.6000	100.00	
17:16:03	3	94.6	15	1.8000	1.7000	105.88	
17:16:04	3	94.2	15	1.8000	1.8000	100.00	
17:16:05	3	94.0	16	1.7000	1.8000	94.44	
17:16:06	3	93.6	16	1.7000	1.8000	94.44	
17:16:07	3	93.2	17	1.7000	1.8000	94.44	
17:16:08	3	92.9	17	1.6000	1.7000	94.12	
17:16:09	3	92.4	17	1.7000	1.8000	94.44	
17:16:10	3	91.9	18	1.7000	1.8000	94.44	
17:16:11	3	91.5	18	1.5000	1.8000	83.33	
17:16:12	3	91.1	19	1.6000	1.7000	94.12	
17:16:13	3	90.7	19	1.5000	1.8000	83.33	
17:16:14	3	90.3	19	1.4000	1.8000	77.78	
17:16:15	3	89.7	20	1.5000	1.8000	83.33	
17:16:16	3	89.4	20	1.5000	1.8000	83.33	
17:16:17	3	89.0	21	1.6000	1.7000	94.12	
17:16:18	3	88.6	21	1.7000	1.8000	94.44	
17:16:19	3	88.2	21	1.7000	1.8000	94.44	
17:16:20	3	87.9	22	1.6000	1.8000	88.89	
17:16:21	3	87.6	22	1.6000	1.8000	88.89	
17:16:22	3	87.4	23	1.6000	1.8000	88.89	
17:16:23	3	86.9	23	1.6000	1.8000	88.89	
17:16:24	3	86.3	23	1.6000	1.9000	84.21	
17:16:25	3	85.9	24	1.5000	1.8000	83.33	
17:16:26	3	85.6	24	1.5000	1.8000	83.33	
17:16:27	3	85.2	25	1.6000	1.7000	94.12	
17:16:28	3	84.8	25	1.7000	1.6000	106.25	
17:16:29	3	84.4	25	1.8000	1.7000	105.88	
17:16:30	3	84.0	26	1.7000	1.8000	94.44	
17:16:31	3	83.7	26	1.6000	1.7000	94.12	
17:16:32	3	83.3	27	1.8000	1.7000	105.88	
17:16:33	3	82.8	27	1.9000	1.8000	105.56	
17:16:34	3	82.3	28	1.7000	1.9000	89.47	
17:16:35	3	82.0	28	1.5000	1.8000	83.33	
17:16:36	3	81.6	28	1.5000	1.6000	93.75	
17:16:37	3	81.2	29	1.7000	1.7000	100.00	
17:16:38	3	80.8	29	1.6000	1.6000	100.00	
17:16:39	3	80.4	30	1.7000	1.7000	100.00	
17:16:40	3	79.9	30	1.8000	1.8000	100.00	
17:16:41	3	79.6	30	1.5000	1.6000	93.75	
17:16:42	3	79.1	31	1.6000	1.7000	94.12	
17:16:43	3	78.6	31	1.8000	1.9000	94.74	
17:16:44	3	78.1	32	1.5000	1.8000	83.33	
17:16:45	3	77.9	32	1.3000	1.6000	81.25	
17:16:46	3	77.5	32	1.6000	1.6000	100.00	
17:16:47	3	77.0	33	1.8000	1.8000	100.00	
17:16:48	3	76.4	33	1.6000	1.8000	88.89	
17:16:49	3	76.1	34	1.4000	1.8000	77.78	
17:16:50	3	75.7	34	1.5000	1.6000	93.75	
17:16:51	3	75.2	34	1.7000	1.7000	100.00	
17:16:52	3	74.9	35	1.6000	1.6000	100.00	
17:16:53	3	74.4	35	1.6000	1.6000	100.00	
17:16:54	4	73.9	0	1.8000	1.8000	100.00	
17:16:55	4	73.5	0	1.6000	1.8000	88.89	
17:16:56	4	73.1	1	1.4000	1.8000	77.78	
17:16:57	4	72.8	1	1.4000	1.6000	87.50	
17:16:58	4	72.2	1	1.6000	1.6000	100.00	
17:16:59	4	71.7	2	1.6000	1.7000	94.12	
17:17:00	4	71.3	2	1.5000	1.6000	93.75	
17:17:01	4	70.9	3	1.5000	1.6000	93.75	
17:17:02	4	70.4	3	1.7000	1.6000	106.25	
17:17:03	4	69.9	3	1.7000	1.6000	106.25	
17:17:04	4	69.5	4	1.6000	1.6000	100.00	
17:17:05	4	69.1	4	1.6000	1.6000	100.00	
17:17:06	4	68.7	5	1.6000	1.6000	100.00	
17:17:07	4	68.3	5	1.6000	1.6000	100.00	
17:17:08	4	67.8	5	1.5000	1.5000	100.00	
17:17:09	4	67.2	6	1.6000	1.6000	100.00	
17:17:10	4	66.8	6	1.8000	1.6000	112.50	
17:17:11	4	66.4	7	1.6000	1.6000	100.00	
17:17:12	4	66.0	7	1.6000	1.6000	100.00	
17:17:13	4	65.4	7	1.7000	1.6000	106.25	
17:17:14	4	64.9	8	1.7000	1.7000	100.00	
17:17:15	4	64.6	8	1.6000	1.7000	94.12	
17:17:16	4	64.2	9	1.5000	1.6000	93.75	
17:17:17	4	63.6	9	1.6000	1.6000	100.00	
17:17:18	4	63.0	9	1.4000	1.6000	87.50	
17:17:19	4	62.7	10	1.2000	1.6000	75.00	
17:17:20	4	62.2	10	1.5000	1.5000	100.00	
17:17:21	4	61.4	11	1.7000	1.6000	106.25	
17:17:22	4	60.9	11	1.4000	1.7000	82.35	
17:17:23	4	60.5	11	1.3000	1.6000	81.25	
17:17:24	4	60.1	12	1.6000	1.6000	100.00	
17:17:25	4	59.6	12	1.8000	1.7000	105.88	
17:17:26	4	58.9	12	1.7000	1.8000	94.44	
17:17:27	4	58.6	13	1.4000	1.8000	77.78	
17:17:28	4	58.3	13	1.3000	1.6000	81.25	
17:17:29	4	57.8	14	1.6000	1.6000	100.00	
17:17:30	4	57.0	14	1.7000	1.8000	94.44	
17:17:31	4	56.4	14	1.5000	1.8000	83.33	
17:17:32	4	56.1	15	1.5000	1.8000	83.33	
17:17:33	4	55.7	15	1.7000	1.7000	100.00	
17:17:34	4	55.1	16	1.8000	1.8000	100.00	
17:17:35	4	54.5	16	1.6000	1.9000	84.21	
17:17:36	4	54.1	16	1.6000	1.8000	88.89	
17:17:37	4	53.7	17	1.5000	1.6000	93.75	
17:17:38	4	53.2	17	1.6000	1.6000	100.00	
17:17:39	4	52.6	18	1.9000	1.8000	105.56	
17:17:40	4	52.1	18	1.8000	1.8000	100.00	
17:17:41	4	51.5	19	1.8000	1.8000	100.00	
17:17:42	4	51.0	19	1.9000	1.9000	100.00	
17:17:43	4	50.5	20	1.8000	1.8000	100.00	
17:17:44	4	50.2	20	1.7000	1.8000	94.44	
17:17:45	4	49.6	20	1.8000	1.8000	100.00	
17:17:46	4	49.1	21	1.9000	1.9000	100.00	
17:17:47	4	48.8	21	1.8000	1.9000	94.74	
17:17:48	4	48.3	22	1.8000	1.9000	94.74	
17:17:49	4	47.7	22	1.8000	1.9000	94.74	
17:17:50	4	47.1	23	1.8000	2.0000	90.00	
17:17:51	4	46.4	23	1.6000	2.0000	80.00	
17:17:52	4	46.0	23	1.6000	1.9000	84.21	
17:17:53	4	45.5	24	1.7000	1.8000	94.44	
17:17:54	4	45.0	24	1.8000	1.8000	100.00	
17:17:55	4	44.5	25	1.8000	1.8000	100.00	
17:17:56	4	44.1	25	1.8000	1.9000	94.74	
17:17:57	4	43.6	26	1.8000	1.9000	94.74	
17:17:58	4	43.1	26	1.8000	1.9000	94.74	
17:17:59	4	42.4	27	1.8000	2.0000	90.00	
17:18:00	4	41.8	27	1.8000	2.1000	85.71	
17:18:01	4	41.3	27	1.6000	2.1000	76.19	
17:18:02	4	41.0	28	1.6000	1.8000	88.89	
17:18:03	4	40.5	28	1.7000	1.8000	94.44	
17:18:04	4	39.9	29	1.7000	2.0000	85.00	
17:18:05	4	39.3	29	1.7000	2.1000	80.95	
17:18:06	5	38.7	0	1.6000	2.1000	76.19	
17:18:07	5	38.3	0	1.6000	2.1000	76.19	
17:18:08	5	37.7	1	1.7000	2.1000	80.95	
17:18:09	5	37.2	1	1.7000	2.1000	80.95	
17:18:10	5	36.7	2	1.8000	2.1000	85.71	
17:18:11	5	36.1	2	1.9000	2.1000	90.48	
17:18:12	5	35.7	3	2.0000	2.1000	95.24	
17:18:13	5	35.2	3	1.9000	2.2000	86.36	
17:18:14	5	34.6	4	1.9000	2.2000	86.36	
17:18:15	5	34.2	4	1.8000	2.1000	85.71	
17:18:16	5	33.7	4	1.7000	2.0000	85.00	
17:18:17	5	33.1	5	1.6000	2.0000	80.00	
17:18:18	5	32.4	5	1.5000	2.1000	71.43	
17:18:19	5	32.0	6	1.4000	2.1000	66.67	
17:18:20	5	31.4	6	1.6000	2.0000	80.00	
17:18:21	5	30.8	6	1.7000	2.1000	80.95	
17:18:22	5	30.2	7	1.8000	2.2000	81.82	
17:18:23	5	29.9	7	1.9000	2.1000	90.48	
17:18:24	5	29.5	8	2.0000	2.1000	95.24	
17:18:25	5	28.9	8	1.8000	2.3000	78.26	
17:18:26	5	28.4	9	1.6000	2.3000	69.57	
17:18:27	5	28.0	9	1.6000	2.1000	76.19	
17:18:28	5	27.6	10	1.8000	2.0000	90.00	
17:18:29	5	26.9	10	1.9000	2.1000	90.48	
17:18:30	5	26.5	10	1.8000	2.1000	85.71	
17:18:31	5	26.1	11	1.8000	2.1000	85.71	
17:18:32	5	25.5	11	2.0000	2.2000	90.91	
17:18:33	5	25.0	12	2.0000	2.3000	86.96	
17:18:34	5	24.6	12	1.8000	2.1000	85.71	
17:18:35	5	24.2	13	1.9000	2.0000	95.00	
17:18:36	5	23.5	13	2.1000	2.1000	100.00	
17:18:37	5	23.0	14	1.8000	2.1000	85.71	
17:18:38	5	22.6	14	1.6000	1.9000	84.21	
17:18:39	5	22.1	15	1.9000	1.9000	100.00	
17:18:40	5	21.5	15	2.2000	2.2000	100.00	
17:18:41	5	21.1	16	2.0000	2.2000	90.91	
17:18:42	5	20.7	16	1.9000	2.1000	90.48	
17:18:43	5	20.3	17	2.1000	2.1000	100.00	
17:18:44	5	19.8	17	2.1000	2.1000	100.00	
17:18:45	5	19.4	18	1.9000	2.0000	95.00	
17:18:46	5	18.9	18	2.0000	2.0000	100.00	
17:18:47	5	18.4	19	2.1000	2.2000	95.45	
17:18:48	5	17.9	19	1.9000	2.2000	86.36	
17:18:49	5	17.7	20	1.8000	2.0000	90.00	
17:18:50	5	17.2	20	1.8000	1.8000	100.00	
17:18:51	5	16.5	21	1.9000	2.0000	95.00	
17:18:52	5	15.9	21	1.7000	2.1000	80.95	
17:18:53	5	15.4	21	1.7000	2.1000	80.95	
17:18:54	5	14.7	22	1.8000	2.1000	85.71	
17:18:55	5	14.3	22	1.7000	2.0000	85.00	
17:18:56	5	14.0	23	1.8000	1.9000	94.74	
17:18:57	5	13.4	23	2.0000	2.0000	100.00	
17:18:58	5	12.8	24	2.0000	2.2000	90.91	
17:18:59	5	12.2	24	1.9000	2.2000	86.36	
17:19:00	5	11.8	25	1.9000	2.0000	95.00	
17:19:01	5	11.3	25	1.8000	1.9000	94.74	
17:19:02	5	10.8	26	1.8000	2.0000	90.00	
17:19:03	5	10.4	26	1.8000	2.0000	90.00	
17:19:04	5	9.9	27	1.9000	2.0000	95.00	
17:19:05	5	9.2	27	2.0000	2.2000	90.91	
17:19:06	5	8.5	28	1.9000	2.2000	86.36	
17:19:07	5	8.2	28	1.8000	1.9000	94.74	
17:19:08	5	7.7	29	1.8000	1.8000	100.00	
17:19:09	5	7.0	29	2.1000	2.0000	105.00	
17:19:10	5	6.4	30	2.0000	2.1000	95.24	
17:19:11	5	5.8	30	1.8000	2.0000	90.00	
17:19:12	5	5.4	30	1.8000	1.8000	100.00	
17:19:13	5	4.8	31	2.0000	1.8000	111.11	
17:19:14	5	4.2	31	2.0000	1.9000	105.26	
17:19:15	5	3.8	32	1.7000	1.7000	100.00	
17:19:16	5	3.6	32	1.4000	1.5000	93.33	
17:19:17	5	3.4	33	1.4000	1.4000	100.00	
17:19:18	5	3.0	33	1.7000	1.4000	121.43	
17:19:19	5	2.8	33	1.9000	1.6000	118.75	
17:19:20	5	2.7	34	1.8000	1.7000	105.88	
17:19:21	5	2.5	34	1.7000	1.6000	106.25	
17:19:22	5	2.2	35	1.7000	1.6000	106.25	
17:19:23	5	1.7	35	2.1000	1.8000	116.67	
17:19:24	5	1.4	36	2.1000	2.2000	95.45	
17:19:25	5	1.1	36	1.8000	2.1000	85.71	
17:19:26	5	0.9	37	1.9000	2.1000	90.48	
17:19:27	5	0.6	37	2.1000	2.1000	100.00	
17:19:28	5	0.3	38	2.3000	2.0000	115.00	
17:19:29	5	0.0	38	2.2000	1.9000	115.79	
17:19:30	5	-0.3	39	2.0000	1.7000	117.65	
17:19:31	5	-0.5	39	2.1000	1.9000	110.53	
17:19:32	5	-0.5	40	2.3000	2.1000	109.52	
17:19:33	5	-0.6	41	2.1000	1.9000	110.53	
17:19:34	5	-0.6	41	1.7000	1.8000	94.44	
17:19:35	5	-0.6	41	1.3000	1.3000	100.00	
17:19:36	5	-0.6	41	1.1000	0.3000	366.67	
17:19:37	5	-0.5	41	0.5000	0.0000	0.00	
17:19:38	5	-0.5	41	0.0000	0.0000	0.00	
17:19:39	5	-0.6	41	0.0000	0.0000	0.00	
17:19:40	5	-0.5	41	0.0000	0.0000	0.00	
17:19:41	5	-0.5	41	0.0000	0.1000	0.00	
17:19:42	5	-0.5	41	0.0000	0.1000	0.00	
17:19:43	5	-0.6	41	0.0000	0.0000	0.00	
17:19:44	5	-0.5	41	0.0000	0.0000	0.00	
17:19:45	5	-0.6	41	0.0000	0.0000	0.00	
17:19:46	5	-0.6	41	0.0000	0.0000	0.00	
17:19:47	5	-0.6	41	0.0000	0.0000	0.00	
17:19:48	5	-0.6	41	0.0000	0.0000	0.00	
17:19:49	5	-0.6	41	0.0000	0.0000	0.00	
17:19:50	5	-0.6	41	0.0000	0.0000	0.00	
17:19:51	5	-0.6	41	0.0000	0.0000	0.00	
17:19:52	5	-0.6	41	0.0000	0.0000	0.00	
17:19:53	5	-0.6	41	0.0000	0.0000	0.00	
17:19:54	5	-0.6	41	0.0000	0.0000	0.00	
17:19:55	5	-0.5	41	0.0000	0.0000	0.00	
17:19:56	5	-0.5	41	0.0000	0.0000	0.00	
17:19:57	5	-0.5	41	0.0000	0.0000	0.00	
17:19:58	5	-0.5	41	0.0000	0.0000	0.00	
17:19:59	5	-0.5	41	0.0000	0.0000	0.00	
17:20:00	5	-0.5	41	0.0000	0.0000	0.00	
17:20:01	5	-0.5	41	0.0000	0.0000	0.00	
17:20:02	5	-0.5	41	0.0000	0.0000	0.00	
17:20:03	5	-0.5	41	0.0000	0.0000	0.00	
17:20:04	5	-0.5	41	0.0000	0.0000	0.00	
17:20:05	5	-0.5	41	0.0000	0.0000	0.00	
17:20:06	5	-0.5	41	0.0000	0.0000	0.00	
17:20:07	5	-0.5	41	0.0000	0.0000	0.00	
17:20:08	5	-0.5	41	0.0000	0.0000	0.00	
17:20:09	5	-0.5	41	0.0000	0.0000	0.00	
17:20:10	5	-0.5	41	0.0000	0.0000	0.00	
17:20:11	5	-0.5	41	0.0000	0.0000	0.00	
17:20:12	5	-0.5	41	0.0000	0.0000	0.00	
17:20:13	5	-0.5	41	0.0000	0.0000	0.00	
17:20:14	5	-0.5	41	0.0000	0.0000	0.00	
17:20:15	5	-0.5	41	0.0000	0.0000	0.00	
17:20:16	5	-0.5	41	0.0000	0.0000	0.00	
17:20:17	5	-0.5	41	0.0000	0.0000	0.00	
17:20:18	5	-0.5	41	0.0000	0.0000	0.00	
17:20:19	5	-0.5	41	0.0000	0.0000	0.00	
17:20:20	5	-0.5	41	0.0000	0.0000	0.00	
17:20:21	5	-0.5	41	0.0000	0.0000	0.00	
17:20:22	5	-0.5	41	0.0000	0.0000	0.00	
17:20:23	5	-0.5	41	0.0000	0.0000	0.00	
17:20:24	5	-0.5	41	0.0000	0.0000	0.00	
17:20:25	5	-0.5	41	0.0000	0.0000	0.00	
17:20:26	5	-0.5	41	0.0000	0.0000	0.00	
17:20:27	5	-0.5	41	0.0000	0.0000	0.00	
17:20:28	5	-0.5	41	0.0000	0.0000	0.00	
17:20:29	5	-0.5	41	0.0000	0.0000	0.00	
17:20:30	5	-0.5	41	0.0000	0.0000	0.00	
17:20:31	5	-0.5	41	0.0000	0.0000	0.00	
17:20:32	5	-0.5	41	0.0000	0.0000	0.00	
17:20:33	5	-0.5	41	0.0000	0.0000	0.00	
17:20:34	5	-0.5	41	0.0000	0.0000	0.00	
17:20:35	5	-0.5	41	0.0000	0.1000	0.00	
17:20:36	5	-0.5	41	0.0000	0.8000	0.00	
17:20:37	5	-0.5	41	0.0000	1.2000	0.00	
17:20:38	5	-0.5	41	0.0000	0.9000	0.00	
17:20:39	5	-0.5	41	0.0000	0.7000	0.00	
17:20:40	5	-0.5	41	0.0000	0.6000	0.00	
17:20:41	5	-0.5	41	0.0000	0.8000	0.00	
17:20:42	5	-0.5	41	0.0000	0.9000	0.00	
17:20:43	5	-0.5	41	0.0000	0.5000	0.00	
17:20:44	5	-0.5	41	0.0000	0.1000	0.00	
17:20:45	5	-0.4	41	0.0000	0.0000	0.00	
17:20:46	5	-0.5	41	0.0000	0.0000	0.00	
17:20:47	5	-0.4	41	0.0000	0.0000	0.00	
17:20:48	5	-0.4	41	0.0000	0.0000	0.00	
17:20:49	5	-0.4	41	0.0000	0.0000	0.00	
17:20:50	5	-0.4	41	0.0000	0.0000	0.00	
17:20:51	5	-0.4	41	0.0000	0.0000	0.00	
17:20:52	5	-0.4	41	0.0000	0.0000	0.00	
17:20:53	5	-0.4	41	0.0000	0.0000	0.00	
17:20:54	5	-0.4	41	0.0000	0.0000	0.00	
17:20:55	5	-0.4	41	0.0000	0.0000	0.00	
17:20:56	5	-0.4	41	0.0000	0.0000	0.00	
17:20:57	5	-0.4	41	0.0000	0.0000	0.00	
17:20:58	5	-0.4	41	0.0000	0.0000	0.00	
17:20:59	5	-0.4	41	0.0000	0.0000	0.00	
17:21:00	5	-0.4	41	0.0000	0.0000	0.00	
17:21:01	5	-0.4	41	0.0000	0.0000	0.00	
17:21:02	5	-0.4	41	0.0000	0.0000	0.00	
17:21:03	5	-0.4	41	0.0000	0.0000	0.00	
17:21:04	5	-0.4	41	0.0000	0.0000	0.00	
17:21:05	5	-0.4	41	0.0000	0.0000	0.00	
17:21:06	5	-0.4	41	0.0000	0.0000	0.00	
17:21:07	5	-0.4	41	0.0000	0.0000	0.00	
17:21:08	5	-0.4	41	0.0000	0.0000	0.00	
17:21:09	5	-0.4	41	0.0000	0.0000	0.00	
17:21:10	5	-0.4	41	0.0000	0.0000	0.00	
17:21:11	5	-0.4	41	0.0000	0.0000	0.00	
17:21:12	5	-0.4	41	0.0000	0.0000	0.00	
17:21:13	5	-0.4	41	0.0000	0.0000	0.00	
17:21:14	5	-0.4	41	0.0000	0.0000	0.00	
17:21:15	5	-0.4	41	0.0000	0.0000	0.00	
17:21:16	5	-0.4	41	0.0000	0.0000	0.00	
17:21:17	5	-0.4	41	0.0000	0.0000	0.00	
17:21:18	5	-0.4	41	0.0000	0.0000	0.00	
17:21:19	5	-0.4	41	0.0000	0.0000	0.00	
17:21:20	5	-0.4	41	0.0000	0.0000	0.00	
17:21:21	5	-0.4	41	0.0000	0.0000	0.00	
17:21:22	5	-0.4	41	0.0000	0.0000	0.00	
17:21:23	5	-0.4	41	0.0000	0.0000	0.00	
17:21:24	5	-0.4	41	0.0000	0.0000	0.00	
17:21:25	5	-0.4	41	0.0000	0.0000	0.00	
17:21:26	5	-0.4	41	0.0000	0.0000	0.00	
17:21:27	5	-0.4	41	0.0000	0.0000	0.00	
17:21:28	5	-0.4	41	0.0000	0.0000	0.00	
17:21:29	5	-0.4	41	0.0000	0.0000	0.00	
17:21:30	5	-0.4	41	0.0000	0.0000	0.00	
17:21:31	5	-0.4	41	0.0000	0.0000	0.00	
17:21:32	5	-0.4	41	0.0000	0.0000	0.00	
17:21:33	5	-0.4	41	0.0000	0.0000	0.00	
17:21:34	5	-0.4	41	0.0000	0.0000	0.00	
17:21:35	5	-0.4	41	0.0000	0.0000	0.00	
17:21:36	5	-0.4	41	0.0000	0.0000	0.00	
17:21:37	5	-0.4	41	0.0000	0.0000	0.00	
17:21:38	5	-0.4	41	0.0000	0.0000	0.00	
17:21:39	5	-0.4	41	0.0000	0.0000	0.00	
17:21:40	5	-0.4	41	0.0000	0.0000	0.00	
17:21:41	5	-0.4	41	0.0000	0.0000	0.00	
17:21:42	5	-0.4	41	0.0000	0.0000	0.00	
17:21:43	5	-0.4	41	0.0000	0.0000	0.00	
17:21:44	5	-0.4	41	0.0000	0.0000	0.00	
17:21:45	5	-0.4	41	0.0000	0.0000	0.00	
17:21:46	5	-0.4	41	0.0000	0.0000	0.00	
17:21:47	5	-0.4	41	0.0000	0.0000	0.00	
17:21:48	5	-0.4	41	0.0000	0.0000	0.00	
17:21:49	5	-0.4	41	0.0000	0.0000	0.00	
17:21:50	5	-0.4	41	0.0000	0.0000	0.00	
17:21:51	5	-0.4	41	0.0000	0.0000	0.00	
17:21:52	5	-0.4	41	0.0000	0.0000	0.00	
17:21:53	5	-0.4	41	0.0000	0.0000	0.00	
17:21:54	5	-0.4	41	0.0000	0.0000	0.00	
17:21:55	5	-0.4	41	0.0000	0.0000	0.00	
17:21:56	5	-0.4	41	0.0000	0.0000	0.00	
17:21:57	5	-0.3	41	0.0000	0.0000	0.00	
17:21:58	5	-0.4	41	0.0000	0.0000	0.00	
17:21:59	5	-0.3	41	0.0000	0.0000	0.00	
17:22:00	5	-0.4	41	0.0000	0.0000	0.00	
17:22:01	5	-0.3	41	0.0000	0.0000	0.00	
17:22:02	5	-0.3	41	0.0000	0.0000	0.00	
17:22:03	5	-0.3	41	0.0000	0.0000	0.00	
17:22:04	5	-0.3	41	0.0000	0.0000	0.00	
17:22:05	5	-0.3	41	0.0000	0.0000	0.00	
17:22:06	5	-0.3	41	0.0000	0.0000	0.00	
17:22:07	5	-0.3	41	0.0000	0.0000	0.00	
17:22:08	5	-0.4	41	0.0000	0.0000	0.00	
17:22:09	5	-0.3	41	0.0000	0.0000	0.00	
17:22:10	5	-0.3	41	0.0000	0.0000	0.00	
17:22:11	5	-0.3	41	0.0000	0.0000	0.00	
17:22:12	5	-0.3	41	0.0000	0.0000	0.00	
17:22:13	5	-0.3	41	0.0000	0.0000	0.00	
17:22:14	5	-0.3	41	0.0000	0.0000	0.00	
17:22:15	5	-0.3	41	0.0000	0.0000	0.00	
17:22:16	5	-0.3	41	0.0000	0.0000	0.00	
17:22:17	5	-0.4	41	0.0000	0.0000	0.00	
17:22:18	5	-0.3	41	0.0000	0.0000	0.00	
17:22:19	5	-0.3	41	0.0000	0.0000	0.00	
17:22:20	5	-0.3	41	0.0000	0.0000	0.00	
17:22:21	5	-0.3	41	0.0000	0.0000	0.00	
17:22:22	5	-0.3	41	0.0000	0.0000	0.00	
17:22:23	5	-0.3	41	0.0000	0.0000	0.00	
17:22:24	5	-0.3	41	0.0000	0.0000	0.00	
17:22:25	5	-0.3	41	0.0000	0.0000	0.00	
17:22:26	5	-0.3	41	0.0000	0.0000	0.00	
17:22:27	5	-0.3	41	0.0000	0.0000	0.00	
17:22:28	5	-0.3	41	0.0000	0.0000	0.00	
17:22:29	5	-0.3	41	0.0000	0.0000	0.00	
17:22:30	5	-0.3	41	0.0000	0.0000	0.00	
17:22:31	5	-0.3	41	0.0000	0.0000	0.00	
17:22:32	5	-0.3	41	0.0000	0.0000	0.00	
17:22:33	5	-0.3	41	0.0000	0.0000	0.00	
17:22:34	5	-0.3	41	0.0000	0.0000	0.00	
17:22:35	5	-0.3	41	0.0000	0.0000	0.00	
17:22:36	5	-0.3	41	0.0000	0.0000	0.00	
17:22:37	5	-0.3	41	0.0000	0.0000	0.00	
17:22:38	5	-0.3	41	0.0000	0.0000	0.00	
17:22:39	5	-0.3	41	0.0000	0.0000	0.00	
17:22:40	5	-0.3	41	0.0000	0.0000	0.00	
17:22:41	5	-0.3	41	0.0000	0.0000	0.00	
