Data Start: 2020-09-20 16:16:21
Data End: 2020-09-20 16:40:41
Devicename: Multi Plankton Sampler MPS
IdentNo.: 1020

Net []
Range1: 0 to 5

Pressure [dbar]
Range1: 0.0 to 3000.0  Cal0: -8.585877E+2  Cal1: 1.175972E-1  Cal2: -1.044298E-6  Cal3: -1.441992E+0  Cal4: 9.253807E-5  Cal5: -8.766143E-10  Cal6: 7.97392E-2  Cal7: 7.856609E-2  Cal8: -1.359118E-8

Volume [m³]
Range1: 0 to 65000  Cal0: 2.5E-1

Flow in [m/s]
Range1: 0.0000 to 9.9000

Flow out [m/s]
Range1: 0.0000 to 9.9000

Flow ratio [%]
Range1: 0.00 to 200.00

Header Comment

Ship:		
Cruise:		
Station:		
Cast:		
Position:		
Operator:		


Time [hh:mm:ss]	Net []	Pressure [dbar]	Volume [m³]	Flow in [m/s]	Flow out [m/s]	Flow ratio [%]	Comments  [Index]
16:16:21	0	0.0	0	0.0000	0.0000	0.00	
16:16:22	0	0.0	0	0.0000	0.0000	0.00	
16:16:23	0	0.0	0	0.0000	0.0000	0.00	
16:16:24	0	0.0	0	0.0000	0.1000	0.00	
16:16:25	0	0.0	0	0.0000	0.1000	0.00	
16:16:26	0	0.1	0	0.1000	0.3000	33.33	
16:16:27	0	0.0	0	0.5000	1.1000	45.45	
16:16:28	0	0.0	1	2.3000	1.9000	121.05	
16:16:29	0	0.0	1	3.3000	2.5000	132.00	
16:16:30	0	0.0	2	3.1000	2.7000	114.81	
16:16:31	0	0.0	3	3.0000	2.6000	115.38	
16:16:32	0	0.0	4	3.1000	2.7000	114.81	
16:16:33	0	0.0	4	2.3000	2.7000	85.19	
16:16:34	0	0.0	4	0.6000	1.4000	42.86	
16:16:35	0	0.0	4	0.1000	0.4000	25.00	
16:16:36	0	0.0	4	0.3000	0.6000	50.00	
16:16:37	0	0.0	4	0.3000	0.5000	60.00	
16:16:38	0	0.0	4	0.0000	0.1000	0.00	
16:16:39	0	0.0	4	0.0000	0.1000	0.00	
16:16:40	0	0.0	4	0.0000	0.4000	0.00	
16:16:41	0	0.0	4	0.0000	0.4000	0.00	
16:16:42	0	0.1	4	0.0000	0.1000	0.00	
16:16:43	0	0.1	4	0.0000	0.0000	0.00	
16:16:44	0	0.1	4	0.0000	0.0000	0.00	
16:16:45	0	0.1	4	0.0000	0.1000	0.00	
16:16:46	0	0.1	4	0.0000	0.2000	0.00	
16:16:47	0	0.1	4	0.0000	0.1000	0.00	
16:16:48	0	0.1	4	0.0000	0.0000	0.00	
16:16:49	0	0.1	4	0.0000	0.1000	0.00	
16:16:50	0	0.1	4	0.0000	0.5000	0.00	
16:16:51	0	0.1	4	0.0000	0.5000	0.00	
16:16:52	0	0.1	4	0.0000	0.1000	0.00	
16:16:53	0	0.1	4	0.0000	0.1000	0.00	
16:16:54	0	0.1	4	0.0000	0.1000	0.00	
16:16:55	0	0.1	4	0.0000	0.1000	0.00	
16:16:56	0	0.1	4	0.0000	0.2000	0.00	
16:16:57	0	0.1	4	0.0000	0.3000	0.00	
16:16:58	0	0.1	4	0.0000	0.4000	0.00	
16:16:59	0	0.1	4	0.0000	1.6000	0.00	
16:17:00	0	0.1	4	0.0000	2.7000	0.00	
16:17:01	0	0.1	4	0.0000	1.8000	0.00	
16:17:02	0	0.1	4	0.0000	0.4000	0.00	
16:17:03	0	0.1	4	0.0000	0.1000	0.00	
16:17:04	0	0.1	4	0.0000	0.1000	0.00	
16:17:05	0	0.1	4	0.0000	0.0000	0.00	
16:17:06	0	0.1	4	0.0000	0.1000	0.00	
16:17:07	0	0.1	4	0.1000	0.2000	50.00	
16:17:08	0	0.1	4	0.1000	0.4000	25.00	
16:17:09	0	0.1	4	0.3000	0.6000	50.00	
16:17:10	0	0.1	4	0.3000	0.4000	75.00	
16:17:11	0	0.1	5	0.1000	0.2000	50.00	
16:17:12	0	0.0	5	0.9000	1.0000	90.00	
16:17:13	0	0.1	5	0.9000	1.2000	75.00	
16:17:14	0	0.1	5	0.1000	0.3000	33.33	
16:17:15	0	0.0	5	0.0000	0.1000	0.00	
16:17:16	0	0.0	5	0.0000	0.1000	0.00	
16:17:17	0	0.1	5	0.0000	0.0000	0.00	
16:17:18	0	0.1	5	0.0000	0.1000	0.00	
16:17:19	0	0.1	5	0.0000	0.1000	0.00	
16:17:20	0	0.0	5	0.8000	0.3000	266.67	
16:17:21	0	0.0	6	1.1000	0.3000	366.67	
16:17:22	0	0.0	6	0.6000	0.1000	600.00	
16:17:23	0	0.0	7	2.1000	1.0000	210.00	
16:17:24	0	0.0	7	3.1000	1.2000	258.33	
16:17:25	0	0.0	7	1.8000	0.3000	600.00	
16:17:26	0	0.0	7	0.4000	0.0000	0.00	
16:17:27	0	0.0	7	0.0000	0.1000	0.00	
16:17:28	0	0.0	7	0.0000	0.1000	0.00	
16:17:29	0	0.0	7	0.0000	0.1000	0.00	
16:17:30	0	0.0	8	0.8000	0.9000	88.89	
16:17:31	0	0.0	8	1.0000	1.0000	100.00	
16:17:32	0	0.0	8	0.3000	0.2000	150.00	
16:17:33	0	0.1	8	0.0000	0.4000	0.00	
16:17:34	0	0.1	8	0.0000	0.5000	0.00	
16:17:35	0	0.1	8	0.1000	0.2000	50.00	
16:17:36	0	0.1	8	0.5000	0.7000	71.43	
16:17:37	0	0.1	8	0.5000	0.6000	83.33	
16:17:38	0	0.0	8	0.1000	0.1000	100.00	
16:17:39	0	0.0	8	0.3000	0.0000	0.00	
16:17:40	0	0.0	8	0.4000	0.1000	400.00	
16:17:41	0	0.0	8	0.1000	0.1000	100.00	
16:17:42	0	0.0	8	0.0000	0.0000	0.00	
16:17:43	0	0.0	8	0.0000	0.0000	0.00	
16:17:44	0	0.0	8	0.0000	0.1000	0.00	
16:17:45	0	0.0	8	0.0000	0.1000	0.00	
16:17:46	0	0.0	8	0.0000	0.0000	0.00	
16:17:47	0	0.0	8	0.0000	0.0000	0.00	
16:17:48	0	0.0	8	0.0000	0.0000	0.00	
16:17:49	0	0.0	8	0.0000	0.0000	0.00	
16:17:50	0	0.1	9	0.1000	0.5000	20.00	
16:17:51	0	0.5	9	0.8000	1.1000	72.73	
16:17:52	0	0.6	9	1.4000	1.2000	116.67	
16:17:53	0	0.8	10	1.3000	1.2000	108.33	
16:17:54	0	1.6	10	1.1000	0.9000	122.22	
16:17:55	0	1.8	10	1.6000	1.2000	133.33	
16:17:56	0	2.5	11	1.6000	1.5000	106.67	
16:17:57	0	3.3	11	1.2000	1.2000	100.00	
16:17:58	0	3.4	11	1.4000	1.2000	116.67	
16:17:59	0	4.0	11	1.1000	1.0000	110.00	
16:18:00	0	4.6	12	1.0000	0.9000	111.11	
16:18:01	0	5.1	12	1.1000	0.9000	122.22	
16:18:02	0	5.7	12	0.8000	1.0000	80.00	
16:18:03	0	5.9	12	1.0000	1.0000	100.00	
16:18:04	0	6.6	13	0.9000	1.0000	90.00	
16:18:05	0	7.2	13	0.9000	0.8000	112.50	
16:18:06	0	7.3	13	1.1000	0.9000	122.22	
16:18:07	0	8.0	13	1.0000	1.0000	100.00	
16:18:08	0	8.3	14	1.1000	1.1000	100.00	
16:18:09	0	8.8	14	1.2000	1.1000	109.09	
16:18:10	0	9.3	14	1.1000	1.0000	110.00	
16:18:11	0	9.6	15	1.3000	1.2000	108.33	
16:18:12	0	9.9	15	1.4000	1.2000	116.67	
16:18:13	0	10.6	15	1.1000	1.1000	100.00	
16:18:14	0	10.7	16	1.4000	1.2000	116.67	
16:18:15	0	11.1	16	1.4000	1.2000	116.67	
16:18:16	0	11.8	16	1.1000	1.1000	100.00	
16:18:17	0	11.8	17	1.4000	1.2000	116.67	
16:18:18	0	12.3	17	1.3000	1.2000	108.33	
16:18:19	0	12.7	17	1.1000	1.1000	100.00	
16:18:20	0	13.1	17	1.2000	1.0000	120.00	
16:18:21	0	13.3	18	1.2000	1.1000	109.09	
16:18:22	0	13.7	18	1.2000	1.1000	109.09	
16:18:23	0	13.9	18	1.2000	1.0000	120.00	
16:18:24	0	14.3	19	1.2000	1.0000	120.00	
16:18:25	0	14.4	19	1.3000	1.1000	118.18	
16:18:26	0	14.8	19	1.3000	1.2000	108.33	
16:18:27	0	15.3	20	1.2000	1.0000	120.00	
16:18:28	0	15.3	20	1.4000	1.1000	127.27	
16:18:29	0	15.8	20	1.3000	1.2000	108.33	
16:18:30	0	16.0	21	1.2000	1.1000	109.09	
16:18:31	0	16.3	21	1.4000	1.1000	127.27	
16:18:32	0	16.7	21	1.2000	1.0000	120.00	
16:18:33	0	17.0	21	1.1000	1.1000	100.00	
16:18:34	0	17.3	22	1.2000	1.1000	109.09	
16:18:35	0	18.0	22	1.2000	1.0000	120.00	
16:18:36	0	17.9	22	1.4000	1.1000	127.27	
16:18:37	0	18.6	23	1.0000	1.0000	100.00	
16:18:38	0	18.9	23	0.8000	0.8000	100.00	
16:18:39	0	19.1	23	1.3000	1.0000	130.00	
16:18:40	0	19.7	23	1.0000	1.0000	100.00	
16:18:41	0	19.9	24	1.0000	1.0000	100.00	
16:18:42	0	20.4	24	1.1000	1.0000	110.00	
16:18:43	0	20.7	24	1.0000	0.9000	111.11	
16:18:44	0	21.0	25	1.1000	1.0000	110.00	
16:18:45	0	21.5	25	1.1000	1.0000	110.00	
16:18:46	0	21.6	25	1.2000	1.0000	120.00	
16:18:47	0	22.1	25	1.1000	1.0000	110.00	
16:18:48	0	22.5	26	1.2000	1.0000	120.00	
16:18:49	0	22.7	26	1.3000	1.0000	130.00	
16:18:50	0	23.3	26	1.2000	1.0000	120.00	
16:18:51	0	23.6	27	1.2000	1.0000	120.00	
16:18:52	0	23.9	27	1.3000	1.0000	130.00	
16:18:53	0	24.3	27	1.2000	1.0000	120.00	
16:18:54	0	24.8	27	1.1000	1.0000	110.00	
16:18:55	0	24.9	28	1.2000	1.0000	120.00	
16:18:56	0	25.4	28	1.1000	0.9000	122.22	
16:18:57	0	25.7	28	1.0000	1.0000	100.00	
16:18:58	0	26.0	29	1.2000	1.0000	120.00	
16:18:59	0	26.3	29	1.2000	1.0000	120.00	
16:19:00	0	26.7	29	1.1000	1.0000	110.00	
16:19:01	0	26.9	29	1.2000	1.0000	120.00	
16:19:02	0	27.4	30	1.2000	1.0000	120.00	
16:19:03	0	27.6	30	1.2000	1.0000	120.00	
16:19:04	0	28.0	30	1.2000	1.0000	120.00	
16:19:05	0	28.4	31	1.1000	1.0000	110.00	
16:19:06	0	28.6	31	1.3000	1.0000	130.00	
16:19:07	0	29.0	31	1.2000	1.0000	120.00	
16:19:08	0	29.4	32	1.2000	1.0000	120.00	
16:19:09	0	29.6	32	1.3000	1.1000	118.18	
16:19:10	0	30.0	32	1.2000	1.0000	120.00	
16:19:11	0	30.4	32	1.2000	1.0000	120.00	
16:19:12	0	30.6	33	1.2000	1.0000	120.00	
16:19:13	0	30.8	33	1.2000	1.0000	120.00	
16:19:14	0	31.2	33	1.2000	1.0000	120.00	
16:19:15	0	31.5	34	1.2000	1.0000	120.00	
16:19:16	0	31.9	34	1.2000	1.0000	120.00	
16:19:17	0	32.4	34	1.2000	1.0000	120.00	
16:19:18	0	32.4	35	1.4000	1.0000	140.00	
16:19:19	0	32.9	35	1.2000	1.0000	120.00	
16:19:20	0	33.2	35	1.0000	1.0000	100.00	
16:19:21	0	33.4	35	1.2000	1.0000	120.00	
16:19:22	0	33.8	36	1.2000	1.0000	120.00	
16:19:23	0	34.1	36	1.2000	1.0000	120.00	
16:19:24	0	34.5	36	1.2000	1.0000	120.00	
16:19:25	0	34.7	37	1.3000	1.0000	130.00	
16:19:26	0	35.1	37	1.2000	1.0000	120.00	
16:19:27	0	35.5	37	1.2000	1.1000	109.09	
16:19:28	0	35.6	38	1.3000	1.1000	118.18	
16:19:29	0	36.0	38	1.2000	1.0000	120.00	
16:19:30	0	36.5	38	1.2000	1.0000	120.00	
16:19:31	0	36.6	39	1.4000	1.0000	140.00	
16:19:32	0	37.2	39	1.0000	1.0000	100.00	
16:19:33	0	37.5	39	1.2000	1.0000	120.00	
16:19:34	0	37.6	39	1.4000	1.0000	140.00	
16:19:35	0	38.2	40	1.0000	1.0000	100.00	
16:19:36	0	38.3	40	1.1000	1.0000	110.00	
16:19:37	0	38.7	40	1.2000	1.0000	120.00	
16:19:38	0	39.0	41	1.1000	1.0000	110.00	
16:19:39	0	39.5	41	1.2000	1.0000	120.00	
16:19:40	0	39.7	41	1.2000	1.0000	120.00	
16:19:41	0	39.9	41	1.3000	1.1000	118.18	
16:19:42	0	40.4	42	1.1000	1.0000	110.00	
16:19:43	0	40.7	42	1.2000	1.0000	120.00	
16:19:44	0	40.8	42	1.4000	1.1000	127.27	
16:19:45	0	41.5	43	1.1000	1.0000	110.00	
16:19:46	0	41.6	43	1.1000	1.0000	110.00	
16:19:47	0	42.0	43	1.2000	1.0000	120.00	
16:19:48	0	42.4	43	1.0000	1.0000	100.00	
16:19:49	0	42.7	44	1.2000	1.1000	109.09	
16:19:50	0	43.0	44	1.1000	1.0000	110.00	
16:19:51	0	43.4	44	1.1000	1.0000	110.00	
16:19:52	0	43.8	45	1.2000	1.0000	120.00	
16:19:53	0	44.0	45	1.2000	1.0000	120.00	
16:19:54	0	44.5	45	1.2000	1.0000	120.00	
16:19:55	0	44.5	45	1.3000	1.1000	118.18	
16:19:56	0	45.2	46	1.1000	1.0000	110.00	
16:19:57	0	45.6	46	1.0000	0.9000	111.11	
16:19:58	0	45.7	46	1.2000	1.0000	120.00	
16:19:59	0	46.3	46	1.0000	1.0000	100.00	
16:20:00	0	46.6	47	1.1000	1.0000	110.00	
16:20:01	0	46.9	47	1.2000	1.0000	120.00	
16:20:02	0	47.5	47	1.2000	1.0000	120.00	
16:20:03	0	47.8	48	1.2000	1.0000	120.00	
16:20:04	0	47.9	48	1.2000	1.0000	120.00	
16:20:05	0	48.5	48	1.1000	1.0000	110.00	
16:20:06	0	48.7	49	1.2000	1.0000	120.00	
16:20:07	0	48.9	49	1.2000	1.0000	120.00	
16:20:08	0	49.4	49	1.1000	1.0000	110.00	
16:20:09	0	49.7	49	1.1000	1.0000	110.00	
16:20:10	0	50.0	50	1.1000	1.0000	110.00	
16:20:11	0	50.4	50	1.1000	1.0000	110.00	
16:20:12	0	50.8	50	1.2000	1.0000	120.00	
16:20:13	0	50.9	51	1.2000	1.0000	120.00	
16:20:14	0	51.3	51	1.1000	1.0000	110.00	
16:20:15	0	51.6	51	1.1000	1.0000	110.00	
16:20:16	0	51.9	51	1.1000	1.0000	110.00	
16:20:17	0	52.0	52	1.2000	1.0000	120.00	
16:20:18	0	52.4	52	1.1000	1.0000	110.00	
16:20:19	0	52.7	52	1.2000	1.0000	120.00	
16:20:20	0	53.0	53	1.2000	1.0000	120.00	
16:20:21	0	53.4	53	1.0000	1.0000	100.00	
16:20:22	0	53.5	53	1.2000	1.0000	120.00	
16:20:23	0	53.9	53	1.2000	1.0000	120.00	
16:20:24	0	54.4	54	1.0000	0.9000	111.11	
16:20:25	0	54.4	54	1.2000	1.0000	120.00	
16:20:26	0	54.8	54	1.1000	1.0000	110.00	
16:20:27	0	55.0	54	1.0000	1.0000	100.00	
16:20:28	0	55.5	55	1.1000	1.0000	110.00	
16:20:29	0	55.8	55	1.2000	1.0000	120.00	
16:20:30	0	56.0	55	1.2000	1.0000	120.00	
16:20:31	0	56.4	56	1.2000	1.0000	120.00	
16:20:32	0	56.7	56	1.2000	1.0000	120.00	
16:20:33	0	57.0	56	1.2000	1.0000	120.00	
16:20:34	0	57.4	56	1.2000	1.0000	120.00	
16:20:35	0	57.7	57	1.2000	1.0000	120.00	
16:20:36	0	57.8	57	1.3000	1.1000	118.18	
16:20:37	0	58.2	57	1.2000	1.0000	120.00	
16:20:38	0	58.5	58	1.1000	1.0000	110.00	
16:20:39	0	58.7	58	1.2000	1.0000	120.00	
16:20:40	0	59.1	58	1.2000	1.0000	120.00	
16:20:41	0	59.2	59	1.2000	1.0000	120.00	
16:20:42	0	59.6	59	1.2000	1.0000	120.00	
16:20:43	0	59.8	59	1.2000	1.0000	120.00	
16:20:44	0	60.1	59	1.2000	1.0000	120.00	
16:20:45	0	60.5	60	1.1000	1.0000	110.00	
16:20:46	0	60.8	60	1.2000	1.0000	120.00	
16:20:47	0	61.1	60	1.2000	1.0000	120.00	
16:20:48	0	61.4	61	1.1000	1.0000	110.00	
16:20:49	0	61.5	61	1.2000	1.0000	120.00	
16:20:50	0	61.9	61	1.2000	1.0000	120.00	
16:20:51	0	62.5	61	1.1000	1.0000	110.00	
16:20:52	0	62.5	62	1.3000	1.0000	130.00	
16:20:53	0	63.0	62	1.2000	1.0000	120.00	
16:20:54	0	63.5	62	1.0000	1.0000	100.00	
16:20:55	0	63.7	63	1.2000	1.0000	120.00	
16:20:56	0	64.3	63	1.0000	1.0000	100.00	
16:20:57	0	64.6	63	1.0000	1.0000	100.00	
16:20:58	0	64.8	63	1.2000	1.0000	120.00	
16:20:59	0	65.4	64	1.1000	1.0000	110.00	
16:21:00	0	65.6	64	1.2000	1.0000	120.00	
16:21:01	0	66.0	64	1.2000	1.0000	120.00	
16:21:02	0	66.2	65	1.1000	1.0000	110.00	
16:21:03	0	66.6	65	1.1000	1.0000	110.00	
16:21:04	0	67.0	65	1.2000	1.0000	120.00	
16:21:05	0	67.2	65	1.2000	1.0000	120.00	
16:21:06	0	67.7	66	1.1000	1.0000	110.00	
16:21:07	0	67.9	66	1.2000	1.0000	120.00	
16:21:08	0	68.2	66	1.2000	1.0000	120.00	
16:21:09	0	68.7	67	1.0000	0.9000	111.11	
16:21:10	0	68.7	67	1.2000	1.0000	120.00	
16:21:11	0	69.2	67	1.0000	1.0000	100.00	
16:21:12	0	69.6	67	1.0000	0.8000	125.00	
16:21:13	0	69.6	68	1.2000	0.9000	133.33	
16:21:14	0	70.2	68	1.0000	1.0000	100.00	
16:21:15	0	70.4	68	1.0000	1.0000	100.00	
16:21:16	0	70.7	68	1.1000	0.9000	122.22	
16:21:17	0	71.1	69	1.0000	0.9000	111.11	
16:21:18	0	71.3	69	1.2000	1.0000	120.00	
16:21:19	0	71.7	69	1.1000	1.0000	110.00	
16:21:20	0	72.1	70	1.1000	1.0000	110.00	
16:21:21	0	72.4	70	1.2000	1.0000	120.00	
16:21:22	0	72.5	70	1.2000	1.0000	120.00	
16:21:23	0	73.0	70	1.1000	0.9000	122.22	
16:21:24	0	73.4	71	1.0000	0.9000	111.11	
16:21:25	0	73.5	71	1.1000	1.0000	110.00	
16:21:26	0	73.9	71	1.0000	0.9000	111.11	
16:21:27	0	74.2	71	1.0000	0.9000	111.11	
16:21:28	0	74.5	72	1.0000	1.0000	100.00	
16:21:29	0	74.9	72	1.0000	0.9000	111.11	
16:21:30	0	74.9	72	1.2000	1.0000	120.00	
16:21:31	0	75.4	72	1.0000	1.0000	100.00	
16:21:32	0	75.7	73	1.0000	0.9000	111.11	
16:21:33	0	75.8	73	1.1000	0.9000	122.22	
16:21:34	0	76.2	73	0.9000	0.8000	112.50	
16:21:35	0	76.5	73	1.0000	0.9000	111.11	
16:21:36	0	76.6	74	1.2000	1.0000	120.00	
16:21:37	0	77.1	74	1.0000	1.0000	100.00	
16:21:38	0	77.3	74	1.0000	0.9000	111.11	
16:21:39	0	77.6	74	1.0000	0.8000	125.00	
16:21:40	0	78.0	75	1.0000	0.9000	111.11	
16:21:41	0	78.3	75	1.0000	0.9000	111.11	
16:21:42	0	78.8	75	1.0000	0.9000	111.11	
16:21:43	0	79.1	76	1.1000	0.9000	122.22	
16:21:44	0	79.6	76	1.0000	0.8000	125.00	
16:21:45	0	80.2	76	0.8000	0.6000	133.33	
16:21:46	0	80.6	76	0.9000	0.7000	128.57	
16:21:47	0	81.3	76	0.5000	0.7000	71.43	
16:21:48	0	82.1	76	0.6000	0.4000	150.00	
16:21:49	0	82.5	77	0.8000	0.7000	114.29	
16:21:50	0	83.5	77	0.5000	0.7000	71.43	
16:21:51	0	84.1	77	0.5000	0.5000	100.00	
16:21:52	0	84.9	77	0.5000	0.6000	83.33	
16:21:53	0	85.9	77	0.4000	0.4000	100.00	
16:21:54	0	86.4	77	0.6000	0.6000	100.00	
16:21:55	0	87.4	77	0.7000	0.7000	100.00	
16:21:56	0	88.4	77	0.4000	0.3000	133.33	
16:21:57	0	88.9	78	0.5000	0.5000	100.00	
16:21:58	0	90.1	78	0.6000	0.6000	100.00	
16:21:59	0	91.0	78	0.3000	0.5000	60.00	
16:22:00	0	91.7	78	0.4000	0.7000	57.14	
16:22:01	0	92.8	78	0.5000	0.5000	100.00	
16:22:02	0	93.7	78	0.5000	0.3000	166.67	
16:22:03	0	94.5	78	0.6000	0.5000	120.00	
16:22:04	0	95.8	78	0.2000	0.5000	40.00	
16:22:05	0	96.5	79	0.4000	0.4000	100.00	
16:22:06	0	97.3	79	0.7000	0.6000	116.67	
16:22:07	0	98.5	79	0.3000	0.5000	60.00	
16:22:08	0	99.3	79	0.3000	0.3000	100.00	
16:22:09	0	99.9	79	0.7000	0.7000	100.00	
16:22:10	0	101.0	79	0.5000	0.7000	71.43	
16:22:11	0	101.8	79	0.4000	0.3000	133.33	
16:22:12	0	102.2	80	0.8000	0.7000	114.29	
16:22:13	0	102.9	80	0.8000	1.0000	80.00	
16:22:14	0	103.7	80	0.7000	0.7000	100.00	
16:22:15	0	104.4	80	0.8000	0.6000	133.33	
16:22:16	0	105.0	80	1.0000	0.9000	111.11	
16:22:17	0	105.8	80	0.6000	0.7000	85.71	
16:22:18	0	106.6	81	0.8000	0.5000	160.00	
16:22:19	0	107.2	81	1.0000	0.8000	125.00	
16:22:20	0	108.2	81	0.5000	0.8000	62.50	
16:22:21	0	108.9	81	0.5000	0.4000	125.00	
16:22:22	0	109.5	81	0.7000	0.6000	116.67	
16:22:23	0	110.4	81	0.5000	0.6000	83.33	
16:22:24	0	111.0	82	0.8000	0.5000	160.00	
16:22:25	0	111.7	82	1.0000	0.9000	111.11	
16:22:26	0	112.4	82	0.8000	0.9000	88.89	
16:22:27	0	113.2	82	0.8000	0.8000	100.00	
16:22:28	0	113.9	83	0.8000	0.8000	100.00	
16:22:29	0	114.8	83	0.8000	0.8000	100.00	
16:22:30	0	115.6	83	0.8000	0.8000	100.00	
16:22:31	0	116.2	83	0.8000	1.0000	80.00	
16:22:32	0	117.2	83	0.5000	0.7000	71.43	
16:22:33	0	118.0	83	0.7000	0.3000	233.33	
16:22:34	0	118.6	84	0.9000	0.8000	112.50	
16:22:35	0	119.6	84	0.5000	0.7000	71.43	
16:22:36	0	120.4	84	0.3000	0.3000	100.00	
16:22:37	0	121.0	84	0.5000	0.6000	83.33	
16:22:38	0	121.7	84	0.5000	0.8000	62.50	
16:22:39	0	122.5	84	0.7000	0.3000	233.33	
16:22:40	0	123.2	84	0.9000	0.5000	180.00	
16:22:41	0	123.9	85	0.7000	0.9000	77.78	
16:22:42	0	124.7	85	0.7000	0.8000	87.50	
16:22:43	0	125.6	85	0.6000	0.5000	120.00	
16:22:44	0	126.2	85	0.8000	0.7000	114.29	
16:22:45	0	127.0	85	0.6000	1.0000	60.00	
16:22:46	0	127.8	85	0.5000	0.5000	100.00	
16:22:47	0	128.1	86	1.0000	0.6000	166.67	
16:22:48	0	128.6	86	0.9000	1.0000	90.00	
16:22:49	0	129.6	86	0.5000	0.5000	100.00	
16:22:50	0	129.9	86	1.0000	0.5000	200.00	
16:22:51	0	130.4	87	1.0000	1.0000	100.00	
16:22:52	0	131.2	87	0.5000	0.5000	100.00	
16:22:53	0	131.9	87	0.8000	0.4000	200.00	
16:22:54	0	132.3	87	1.0000	0.8000	125.00	
16:22:55	0	133.1	87	0.5000	0.7000	71.43	
16:22:56	0	133.7	87	0.8000	0.6000	133.33	
16:22:57	0	134.5	88	0.8000	0.8000	100.00	
16:22:58	0	135.1	88	0.7000	0.7000	100.00	
16:22:59	0	135.9	88	0.8000	0.8000	100.00	
16:23:00	0	136.3	88	0.8000	1.0000	80.00	
16:23:01	0	137.0	88	0.8000	1.0000	80.00	
16:23:02	0	137.7	89	0.7000	0.6000	116.67	
16:23:03	0	138.1	89	0.9000	0.8000	112.50	
16:23:04	0	138.8	89	0.9000	0.9000	100.00	
16:23:05	0	139.2	89	0.8000	0.9000	88.89	
16:23:06	0	139.2	89	0.5000	0.5000	100.00	
16:23:07	0	139.2	89	0.2000	0.1000	200.00	
16:23:08	0	139.2	89	0.1000	0.1000	100.00	
16:23:09	0	139.2	89	0.1000	0.1000	100.00	
16:23:10	0	139.2	89	0.1000	0.1000	100.00	
16:23:11	0	139.2	89	0.0000	0.1000	0.00	
16:23:12	0	139.3	89	0.1000	0.1000	100.00	
16:23:13	0	139.2	89	0.1000	0.1000	100.00	
16:23:14	0	139.2	89	0.1000	0.1000	100.00	
16:23:15	0	139.2	90	0.1000	0.1000	100.00	
16:23:16	0	139.3	90	0.1000	0.1000	100.00	
16:23:17	0	139.3	90	0.1000	0.1000	100.00	
16:23:18	0	139.2	90	0.1000	0.0000	0.00	
16:23:19	0	139.3	90	0.3000	0.1000	300.00	
16:23:20	0	139.4	90	0.7000	0.3000	233.33	
16:23:21	0	139.1	90	0.6000	0.3000	200.00	
16:23:22	0	138.8	90	0.2000	0.3000	66.67	
16:23:23	0	138.5	90	0.1000	0.3000	33.33	
16:23:24	0	138.5	90	0.1000	0.1000	100.00	
16:23:25	0	138.1	90	0.1000	0.3000	33.33	
16:23:26	0	137.6	90	0.1000	0.3000	33.33	
16:23:27	0	137.3	90	0.1000	0.2000	50.00	
16:23:28	0	137.0	90	0.0000	0.4000	0.00	
16:23:29	0	136.4	90	0.1000	0.3000	33.33	
16:23:30	0	136.0	90	0.2000	0.2000	100.00	
16:23:31	0	135.7	90	0.1000	0.4000	25.00	
16:23:32	0	135.4	90	0.3000	0.3000	100.00	
16:23:33	0	134.9	90	0.5000	0.3000	166.67	
16:23:34	0	134.3	91	0.3000	0.4000	75.00	
16:23:35	0	133.8	91	0.2000	0.3000	66.67	
16:23:36	0	133.3	91	0.1000	0.2000	50.00	
16:23:37	0	132.7	91	0.1000	0.1000	100.00	
16:23:38	0	132.0	91	0.1000	0.1000	100.00	
16:23:39	0	131.1	91	0.1000	0.2000	50.00	
16:23:40	0	130.6	91	0.3000	0.3000	100.00	
16:23:41	0	130.0	91	0.3000	0.3000	100.00	
16:23:42	1	129.0	0	0.3000	0.3000	100.00	
16:23:43	1	128.4	0	0.3000	0.4000	75.00	
16:23:44	1	127.6	0	0.2000	0.3000	66.67	
16:23:45	1	126.7	0	0.1000	0.3000	33.33	
16:23:46	1	126.1	0	0.1000	0.4000	25.00	
16:23:47	1	125.2	0	0.1000	0.3000	33.33	
16:23:48	1	124.3	0	0.1000	0.3000	33.33	
16:23:49	1	123.5	0	0.1000	0.2000	50.00	
16:23:50	1	122.4	0	0.1000	0.2000	50.00	
16:23:51	1	121.8	0	0.1000	0.3000	33.33	
16:23:52	1	121.0	0	0.0000	0.2000	0.00	
16:23:53	1	120.0	0	0.0000	0.2000	0.00	
16:23:54	1	119.7	0	0.5000	0.7000	71.43	
16:23:55	1	119.0	0	1.2000	1.2000	100.00	
16:23:56	1	118.5	1	1.4000	1.5000	93.33	
16:23:57	1	117.9	1	1.4000	1.9000	73.68	
16:23:58	1	117.3	1	1.4000	2.0000	70.00	
16:23:59	1	116.8	2	1.4000	1.9000	73.68	
16:24:00	1	116.3	2	1.6000	1.9000	84.21	
16:24:01	1	115.4	3	1.4000	1.8000	77.78	
16:24:02	1	115.0	3	1.2000	1.8000	66.67	
16:24:03	1	114.5	3	1.4000	1.8000	77.78	
16:24:04	1	113.6	4	1.5000	1.3000	115.38	
16:24:05	1	113.1	4	1.0000	1.1000	90.91	
16:24:06	1	112.6	4	1.1000	1.5000	73.33	
16:24:07	1	111.8	4	1.5000	1.3000	115.38	
16:24:08	1	111.3	5	1.2000	1.3000	92.31	
16:24:09	1	110.8	5	1.3000	1.6000	81.25	
16:24:10	1	110.1	5	1.4000	1.4000	100.00	
16:24:11	1	109.4	6	1.2000	1.5000	80.00	
16:24:12	1	108.8	6	1.2000	1.8000	66.67	
16:24:13	1	108.4	6	1.2000	1.7000	70.59	
16:24:14	1	107.5	7	1.4000	1.5000	93.33	
16:24:15	1	106.7	7	1.0000	1.4000	71.43	
16:24:16	1	106.3	7	0.7000	1.3000	53.85	
16:24:17	1	105.2	7	1.2000	1.3000	92.31	
16:24:18	1	104.4	8	1.1000	0.8000	137.50	
16:24:19	1	104.0	8	0.6000	0.7000	85.71	
16:24:20	2	103.0	0	1.1000	1.2000	91.67	
16:24:21	2	102.2	0	1.0000	1.0000	100.00	
16:24:22	2	101.8	0	0.7000	1.0000	70.00	
16:24:23	2	100.9	1	1.2000	1.4000	85.71	
16:24:24	2	100.1	1	1.2000	1.3000	92.31	
16:24:25	2	99.7	1	0.9000	1.1000	81.82	
16:24:26	2	98.7	2	1.4000	1.4000	100.00	
16:24:27	2	98.0	2	1.4000	1.4000	100.00	
16:24:28	2	97.4	2	1.0000	1.2000	83.33	
16:24:29	2	96.6	2	1.2000	1.5000	80.00	
16:24:30	2	95.9	3	1.2000	1.6000	75.00	
16:24:31	2	95.1	3	1.3000	1.6000	81.25	
16:24:32	2	94.3	3	1.4000	1.6000	87.50	
16:24:33	2	93.8	4	1.2000	1.5000	80.00	
16:24:34	2	92.9	4	1.4000	1.4000	100.00	
16:24:35	2	92.4	4	1.3000	1.2000	108.33	
16:24:36	2	91.8	5	1.1000	1.1000	100.00	
16:24:37	2	91.0	5	1.3000	1.4000	92.86	
16:24:38	2	90.4	5	1.2000	1.3000	92.31	
16:24:39	2	89.5	6	1.2000	1.4000	85.71	
16:24:40	2	88.9	6	1.2000	1.6000	75.00	
16:24:41	2	88.3	6	1.2000	1.5000	80.00	
16:24:42	2	87.4	7	1.4000	1.6000	87.50	
16:24:43	2	86.9	7	1.2000	1.5000	80.00	
16:24:44	2	86.3	7	1.2000	1.5000	80.00	
16:24:45	2	85.7	8	1.4000	1.6000	87.50	
16:24:46	2	85.1	8	1.4000	1.6000	87.50	
16:24:47	2	84.5	8	1.2000	1.5000	80.00	
16:24:48	2	84.1	8	1.2000	1.4000	85.71	
16:24:49	2	83.4	9	1.2000	1.5000	80.00	
16:24:50	2	82.8	9	1.2000	1.5000	80.00	
16:24:51	2	82.3	9	1.2000	1.4000	85.71	
16:24:52	2	81.6	10	1.4000	1.5000	93.33	
16:24:53	2	81.0	10	1.2000	1.5000	80.00	
16:24:54	2	80.5	10	1.1000	1.4000	78.57	
16:24:55	2	79.9	11	1.4000	1.5000	93.33	
16:24:56	2	79.3	11	1.4000	1.6000	87.50	
16:24:57	2	78.6	11	1.3000	1.6000	81.25	
16:24:58	2	78.2	12	1.2000	1.5000	80.00	
16:24:59	3	77.5	0	1.3000	1.4000	92.86	
16:25:00	3	76.8	0	1.4000	1.4000	100.00	
16:25:01	3	76.6	0	1.0000	1.2000	83.33	
16:25:02	3	75.9	1	1.2000	1.3000	92.31	
16:25:03	3	75.3	1	1.3000	1.2000	108.33	
16:25:04	3	74.8	1	1.2000	1.2000	100.00	
16:25:05	3	74.0	2	1.4000	1.3000	107.69	
16:25:06	3	73.5	2	1.2000	1.1000	109.09	
16:25:07	3	73.1	2	1.2000	1.2000	100.00	
16:25:08	3	72.2	3	1.4000	1.4000	100.00	
16:25:09	3	71.8	3	1.2000	1.3000	92.31	
16:25:10	3	71.1	3	1.2000	1.5000	80.00	
16:25:11	3	70.6	4	1.2000	1.6000	75.00	
16:25:12	3	70.2	4	1.4000	1.5000	93.33	
16:25:13	3	69.3	4	1.3000	1.5000	86.67	
16:25:14	3	69.0	4	1.0000	1.4000	71.43	
16:25:15	3	68.4	5	1.3000	1.4000	92.86	
16:25:16	3	67.9	5	1.6000	1.6000	100.00	
16:25:17	3	67.2	6	1.4000	1.6000	87.50	
16:25:18	3	66.6	6	1.2000	1.6000	75.00	
16:25:19	3	66.1	6	1.3000	1.6000	81.25	
16:25:20	3	65.4	7	1.5000	1.6000	93.75	
16:25:21	3	64.7	7	1.2000	1.6000	75.00	
16:25:22	3	64.4	7	0.9000	1.4000	64.29	
16:25:23	3	63.6	8	1.5000	1.5000	100.00	
16:25:24	3	63.1	8	1.3000	1.4000	92.86	
16:25:25	3	62.8	8	1.0000	1.2000	83.33	
16:25:26	3	62.1	8	1.5000	1.4000	107.14	
16:25:27	3	61.5	9	1.3000	1.5000	86.67	
16:25:28	3	61.1	9	1.0000	1.4000	71.43	
16:25:29	3	60.4	9	1.4000	1.6000	87.50	
16:25:30	3	59.9	10	1.2000	1.6000	75.00	
16:25:31	3	59.3	10	1.3000	1.6000	81.25	
16:25:32	3	58.8	10	1.4000	1.6000	87.50	
16:25:33	3	58.3	11	1.4000	1.5000	93.33	
16:25:34	3	57.7	11	1.4000	1.6000	87.50	
16:25:35	3	57.2	11	1.2000	1.6000	75.00	
16:25:36	3	56.8	12	1.3000	1.5000	86.67	
16:25:37	3	56.4	12	1.4000	1.5000	93.33	
16:25:38	3	55.9	12	1.5000	1.5000	100.00	
16:25:39	3	55.4	13	1.4000	1.6000	87.50	
16:25:40	3	54.9	13	1.1000	1.4000	78.57	
16:25:41	3	54.5	13	1.4000	1.4000	100.00	
16:25:42	3	54.0	14	1.4000	1.5000	93.33	
16:25:43	3	53.3	14	1.2000	1.6000	75.00	
16:25:44	3	52.9	14	1.1000	1.6000	68.75	
16:25:45	3	52.5	15	1.4000	1.5000	93.33	
16:25:46	4	51.7	0	1.6000	1.5000	106.67	
16:25:47	4	51.1	0	1.2000	1.4000	85.71	
16:25:48	4	50.7	0	1.2000	1.4000	85.71	
16:25:49	4	50.1	1	1.6000	1.6000	100.00	
16:25:50	4	49.5	1	1.2000	1.6000	75.00	
16:25:51	4	49.0	1	1.2000	1.5000	80.00	
16:25:52	4	48.5	2	1.6000	1.6000	100.00	
16:25:53	4	47.9	2	1.6000	1.7000	94.12	
16:25:54	4	47.4	3	1.4000	1.8000	77.78	
16:25:55	4	47.1	3	1.4000	1.7000	82.35	
16:25:56	4	46.8	3	1.7000	1.6000	106.25	
16:25:57	4	46.2	4	1.7000	1.8000	94.44	
16:25:58	4	45.6	4	1.3000	1.8000	72.22	
16:25:59	4	45.5	4	1.1000	1.6000	68.75	
16:26:00	4	44.8	5	1.6000	1.6000	100.00	
16:26:01	4	44.2	5	1.4000	1.2000	116.67	
16:26:02	4	43.7	5	0.8000	1.0000	80.00	
16:26:03	4	43.1	6	1.2000	1.6000	75.00	
16:26:04	4	42.8	6	1.4000	1.7000	82.35	
16:26:05	4	42.2	6	1.6000	1.8000	88.89	
16:26:06	4	41.7	7	1.4000	1.6000	87.50	
16:26:07	4	41.5	7	1.1000	1.4000	78.57	
16:26:08	4	40.9	7	1.6000	1.7000	94.12	
16:26:09	4	40.5	8	1.5000	1.7000	88.24	
16:26:10	4	40.0	8	1.2000	1.6000	75.00	
16:26:11	4	39.5	8	1.1000	1.7000	64.71	
16:26:12	4	39.0	9	1.2000	1.6000	75.00	
16:26:13	4	38.6	9	1.5000	1.8000	83.33	
16:26:14	4	38.1	9	1.4000	1.8000	77.78	
16:26:15	4	37.7	10	1.5000	1.8000	83.33	
16:26:16	4	37.3	10	1.6000	1.9000	84.21	
16:26:17	4	37.0	11	1.6000	1.8000	88.89	
16:26:18	4	36.7	11	1.6000	1.8000	88.89	
16:26:19	4	36.3	11	1.6000	1.8000	88.89	
16:26:20	4	35.9	12	1.3000	1.8000	72.22	
16:26:21	4	35.7	12	1.0000	1.6000	62.50	
16:26:22	4	35.1	12	1.4000	1.8000	77.78	
16:26:23	4	34.6	13	1.6000	1.9000	84.21	
16:26:24	4	34.6	13	1.6000	1.8000	88.89	
16:26:25	4	34.1	14	2.0000	1.8000	111.11	
16:26:26	4	33.8	14	2.1000	2.1000	100.00	
16:26:27	4	33.4	15	2.0000	2.1000	95.24	
16:26:28	4	33.2	15	2.1000	2.0000	105.00	
16:26:29	4	32.8	16	1.9000	1.9000	100.00	
16:26:30	4	32.5	16	2.1000	2.0000	105.00	
16:26:31	4	32.1	17	2.0000	2.1000	95.24	
16:26:32	4	32.0	17	1.8000	1.9000	94.74	
16:26:33	4	31.6	18	1.9000	1.8000	105.56	
16:26:34	4	31.1	18	1.9000	2.0000	95.00	
16:26:35	4	30.9	18	1.6000	1.8000	88.89	
16:26:36	4	30.2	19	1.8000	1.8000	100.00	
16:26:37	4	29.9	19	1.9000	1.9000	100.00	
16:26:38	4	29.4	20	1.6000	1.8000	88.89	
16:26:39	4	29.1	20	1.7000	1.8000	94.44	
16:26:40	4	28.6	21	1.8000	1.9000	94.74	
16:26:41	4	28.2	21	1.8000	2.0000	90.00	
16:26:42	4	27.9	22	1.7000	1.9000	89.47	
16:26:43	4	27.4	22	1.8000	1.8000	100.00	
16:26:44	4	27.1	22	1.9000	1.9000	100.00	
16:26:45	4	26.7	23	1.8000	1.9000	94.74	
16:26:46	4	26.2	23	1.8000	1.9000	94.74	
16:26:47	5	25.9	0	1.7000	1.8000	94.44	
16:26:48	5	25.4	0	1.8000	1.8000	100.00	
16:26:49	5	25.1	1	1.8000	1.9000	94.74	
16:26:50	5	24.6	1	1.6000	1.8000	88.89	
16:26:51	5	24.2	2	1.7000	1.8000	94.44	
16:26:52	5	23.7	2	1.8000	1.9000	94.74	
16:26:53	5	23.2	3	1.8000	1.9000	94.74	
16:26:54	5	22.9	3	1.7000	1.8000	94.44	
16:26:55	5	22.4	4	1.9000	1.9000	100.00	
16:26:56	5	22.1	4	1.8000	2.0000	90.00	
16:26:57	5	21.7	4	1.7000	1.8000	94.44	
16:26:58	5	21.0	5	2.0000	1.9000	105.26	
16:26:59	5	20.6	5	1.8000	1.9000	94.74	
16:27:00	5	20.2	6	1.8000	1.8000	100.00	
16:27:01	5	19.9	6	2.0000	1.8000	111.11	
16:27:02	5	19.2	7	2.1000	2.0000	105.00	
16:27:03	5	18.9	7	1.8000	2.0000	90.00	
16:27:04	5	18.6	8	1.6000	1.7000	94.12	
16:27:05	5	18.1	8	2.0000	1.8000	111.11	
16:27:06	5	17.9	9	1.9000	1.9000	100.00	
16:27:07	5	17.5	9	1.8000	1.8000	100.00	
16:27:08	5	16.9	10	2.0000	1.9000	105.26	
16:27:09	5	16.7	10	1.6000	1.8000	88.89	
16:27:10	5	16.2	10	1.7000	1.7000	100.00	
16:27:11	5	15.7	11	2.1000	1.8000	116.67	
16:27:12	5	15.2	11	1.9000	1.8000	105.56	
16:27:13	5	14.7	12	1.8000	1.9000	94.74	
16:27:14	5	14.4	12	1.6000	1.7000	94.12	
16:27:15	5	13.9	13	1.8000	1.7000	105.88	
16:27:16	5	13.3	13	2.0000	2.0000	100.00	
16:27:17	5	12.9	14	1.6000	1.8000	88.89	
16:27:18	5	12.5	14	1.6000	1.7000	94.12	
16:27:19	5	11.9	15	1.9000	1.8000	105.56	
16:27:20	5	11.3	15	1.8000	2.0000	90.00	
16:27:21	5	11.0	15	1.6000	1.8000	88.89	
16:27:22	5	10.5	16	1.8000	1.8000	100.00	
16:27:23	5	10.0	16	2.1000	1.9000	110.53	
16:27:24	5	9.6	17	1.8000	1.8000	100.00	
16:27:25	5	9.1	17	1.8000	1.8000	100.00	
16:27:26	5	8.7	18	1.8000	1.8000	100.00	
16:27:27	5	8.0	18	1.8000	1.8000	100.00	
16:27:28	5	7.6	19	1.7000	1.8000	94.44	
16:27:29	5	7.1	19	1.6000	1.6000	100.00	
16:27:30	5	6.5	19	1.9000	1.7000	111.76	
16:27:31	5	6.1	20	1.8000	1.7000	105.88	
16:27:32	5	5.8	20	1.6000	1.6000	100.00	
16:27:33	5	5.2	21	1.9000	1.8000	105.56	
16:27:34	5	5.0	21	1.7000	1.7000	100.00	
16:27:35	5	4.5	22	1.7000	1.6000	106.25	
16:27:36	5	4.0	22	1.9000	1.8000	105.56	
16:27:37	5	3.8	22	1.4000	1.6000	87.50	
16:27:38	5	3.4	23	1.6000	1.6000	100.00	
16:27:39	5	3.0	23	2.0000	1.8000	111.11	
16:27:40	5	2.6	24	1.8000	1.6000	112.50	
16:27:41	5	2.4	24	1.8000	1.8000	100.00	
16:27:42	5	1.9	25	2.1000	1.9000	110.53	
16:27:43	5	1.5	25	1.8000	1.8000	100.00	
16:27:44	5	1.4	26	1.8000	1.8000	100.00	
16:27:45	5	1.2	26	2.1000	1.8000	116.67	
16:27:46	5	0.8	27	1.8000	1.6000	112.50	
16:27:47	5	0.6	27	1.6000	1.6000	100.00	
16:27:48	5	0.4	27	1.7000	1.7000	100.00	
16:27:49	5	0.0	28	1.8000	1.6000	112.50	
16:27:50	5	0.0	28	1.4000	1.4000	100.00	
16:27:51	5	-0.2	29	1.4000	1.4000	100.00	
16:27:52	5	-0.2	29	1.2000	1.5000	80.00	
16:27:53	5	-0.1	29	0.9000	1.2000	75.00	
16:27:54	5	-0.2	29	1.4000	1.3000	107.69	
16:27:55	5	-0.3	30	1.2000	1.1000	109.09	
16:27:56	5	-0.3	30	0.4000	1.0000	40.00	
16:27:57	5	-0.2	30	0.0000	1.2000	0.00	
16:27:58	5	-0.2	30	0.0000	0.8000	0.00	
16:27:59	5	-0.2	30	0.1000	0.3000	33.33	
16:28:00	5	-0.2	30	0.1000	0.1000	100.00	
16:28:01	5	-0.2	30	0.0000	0.1000	0.00	
16:28:02	5	-0.2	30	0.0000	0.0000	0.00	
16:28:03	5	-0.2	30	0.0000	0.0000	0.00	
16:28:04	5	-0.2	30	0.0000	0.0000	0.00	
16:28:05	5	-0.2	30	0.0000	0.0000	0.00	
16:28:06	5	-0.2	30	0.0000	0.0000	0.00	
16:28:07	5	-0.2	30	0.0000	0.0000	0.00	
16:28:08	5	-0.2	30	0.0000	0.0000	0.00	
16:28:09	5	-0.2	30	0.0000	0.0000	0.00	
16:28:10	5	-0.2	30	0.0000	0.1000	0.00	
16:28:11	5	-0.2	30	0.0000	0.1000	0.00	
16:28:12	5	-0.2	30	0.0000	0.1000	0.00	
16:28:13	5	-0.2	30	0.0000	0.1000	0.00	
16:28:14	5	-0.2	30	0.0000	0.1000	0.00	
16:28:15	5	-0.2	30	0.0000	0.3000	0.00	
16:28:16	5	-0.2	30	0.0000	0.4000	0.00	
16:28:17	5	-0.2	30	0.0000	0.2000	0.00	
16:28:18	5	-0.2	30	0.0000	1.0000	0.00	
16:28:19	5	-0.2	30	0.0000	1.6000	0.00	
16:28:20	5	-0.2	30	0.0000	1.2000	0.00	
16:28:21	5	-0.2	30	0.0000	0.5000	0.00	
16:28:22	5	-0.2	30	0.0000	0.1000	0.00	
16:28:23	5	-0.2	30	0.0000	0.1000	0.00	
16:28:24	5	-0.2	30	0.0000	0.5000	0.00	
16:28:25	5	-0.1	30	0.0000	1.0000	0.00	
16:28:26	5	-0.2	30	0.0000	0.5000	0.00	
16:28:27	5	-0.1	30	0.0000	0.1000	0.00	
16:28:28	5	-0.2	30	0.0000	0.3000	0.00	
16:28:29	5	-0.1	30	0.0000	0.3000	0.00	
16:28:30	5	-0.1	30	0.0000	0.7000	0.00	
16:28:31	5	-0.2	30	0.0000	1.6000	0.00	
16:28:32	5	-0.2	30	0.0000	1.4000	0.00	
16:28:33	5	-0.1	30	0.0000	0.5000	0.00	
16:28:34	5	-0.2	30	0.0000	0.2000	0.00	
16:28:35	5	-0.2	30	0.0000	0.2000	0.00	
16:28:36	5	-0.2	30	0.0000	0.3000	0.00	
16:28:37	5	-0.2	30	0.0000	0.5000	0.00	
16:28:38	5	-0.2	30	0.0000	0.3000	0.00	
16:28:39	5	-0.2	30	0.0000	0.7000	0.00	
16:28:40	5	-0.2	30	0.0000	1.0000	0.00	
16:28:41	5	-0.2	30	0.0000	0.3000	0.00	
16:28:42	5	-0.2	30	0.0000	0.1000	0.00	
16:28:43	5	-0.2	30	0.0000	0.5000	0.00	
16:28:44	5	-0.2	30	0.0000	0.4000	0.00	
16:28:45	5	-0.2	30	0.0000	0.0000	0.00	
16:28:46	5	-0.2	30	0.0000	0.0000	0.00	
16:28:47	5	-0.2	30	0.0000	0.0000	0.00	
16:28:48	5	-0.2	30	0.0000	0.0000	0.00	
16:28:49	5	-0.2	30	0.0000	0.0000	0.00	
16:28:50	5	-0.2	30	0.0000	0.0000	0.00	
16:28:51	5	-0.2	30	0.0000	0.0000	0.00	
16:28:52	5	-0.2	30	0.0000	0.0000	0.00	
16:28:53	5	-0.2	30	0.0000	0.0000	0.00	
16:28:54	5	-0.2	30	0.0000	0.0000	0.00	
16:28:55	5	-0.2	30	0.0000	0.1000	0.00	
16:28:56	5	-0.2	30	0.0000	0.4000	0.00	
16:28:57	5	-0.2	30	0.0000	0.3000	0.00	
16:28:58	5	-0.1	30	0.0000	0.1000	0.00	
16:28:59	5	-0.1	30	0.0000	0.2000	0.00	
16:29:00	5	-0.1	30	0.0000	0.1000	0.00	
16:29:01	5	-0.1	30	0.0000	0.0000	0.00	
16:29:02	5	-0.1	30	0.0000	0.0000	0.00	
16:29:03	5	-0.1	30	0.0000	0.0000	0.00	
16:29:04	5	-0.1	30	0.0000	0.0000	0.00	
16:29:05	5	-0.1	30	0.0000	0.1000	0.00	
16:29:06	5	-0.1	30	0.0000	0.1000	0.00	
16:29:07	5	-0.1	30	0.0000	0.0000	0.00	
16:29:08	5	-0.1	30	0.0000	0.0000	0.00	
16:29:09	5	-0.2	30	0.0000	0.0000	0.00	
16:29:10	5	-0.1	30	0.0000	0.0000	0.00	
16:29:11	5	-0.1	30	0.0000	0.0000	0.00	
16:29:12	5	-0.1	30	0.0000	0.0000	0.00	
16:29:13	5	-0.1	30	0.0000	0.0000	0.00	
16:29:14	5	-0.1	30	0.0000	0.0000	0.00	
16:29:15	5	-0.1	30	0.0000	0.0000	0.00	
16:29:16	5	-0.1	30	0.0000	0.0000	0.00	
16:29:17	5	-0.1	30	0.0000	0.0000	0.00	
16:29:18	5	-0.1	30	0.0000	0.1000	0.00	
16:29:19	5	-0.1	30	0.0000	0.1000	0.00	
16:29:20	5	-0.1	30	0.0000	0.0000	0.00	
16:29:21	5	-0.1	30	0.0000	0.0000	0.00	
16:29:22	5	-0.1	30	0.0000	0.0000	0.00	
16:29:23	5	-0.1	30	0.0000	0.0000	0.00	
16:29:24	5	-0.1	30	0.0000	0.0000	0.00	
16:29:25	5	-0.1	30	0.0000	0.0000	0.00	
16:29:26	5	-0.1	30	0.0000	0.0000	0.00	
16:29:27	5	-0.1	30	0.0000	0.0000	0.00	
16:29:28	5	-0.1	30	0.0000	0.0000	0.00	
16:29:29	5	-0.1	30	0.0000	0.0000	0.00	
16:29:30	5	-0.1	30	0.0000	0.0000	0.00	
16:29:31	5	-0.1	30	0.0000	0.0000	0.00	
16:29:32	5	-0.1	30	0.0000	0.0000	0.00	
16:29:33	5	-0.1	30	0.0000	0.0000	0.00	
16:29:34	5	-0.1	30	0.0000	0.0000	0.00	
16:29:35	5	-0.1	30	0.0000	0.2000	0.00	
16:29:36	5	-0.1	30	0.0000	0.2000	0.00	
16:29:37	5	-0.1	30	0.0000	0.1000	0.00	
16:29:38	5	-0.1	30	0.0000	0.1000	0.00	
16:29:39	5	-0.1	30	0.0000	0.0000	0.00	
16:29:40	5	-0.1	30	0.0000	0.0000	0.00	
16:29:41	5	-0.1	30	0.0000	0.0000	0.00	
16:29:42	5	-0.1	30	0.0000	0.0000	0.00	
16:29:43	5	-0.1	30	0.0000	0.0000	0.00	
16:29:44	5	-0.1	30	0.0000	0.0000	0.00	
16:29:45	5	-0.1	30	0.0000	0.0000	0.00	
16:29:46	5	-0.1	30	0.0000	0.0000	0.00	
16:29:47	5	-0.1	30	0.0000	0.0000	0.00	
16:29:48	5	-0.1	30	0.0000	0.0000	0.00	
16:29:49	5	-0.1	30	0.0000	0.0000	0.00	
16:29:50	5	-0.1	30	0.0000	0.0000	0.00	
16:29:51	5	-0.1	30	0.0000	0.0000	0.00	
16:29:52	5	-0.1	30	0.0000	0.0000	0.00	
16:29:53	5	-0.1	30	0.0000	0.0000	0.00	
16:29:54	5	-0.1	30	0.0000	0.0000	0.00	
16:29:55	5	-0.1	30	0.0000	0.0000	0.00	
16:29:56	5	-0.1	30	0.0000	0.0000	0.00	
16:29:57	5	-0.1	30	0.0000	0.0000	0.00	
16:29:58	5	-0.1	30	0.0000	0.0000	0.00	
16:29:59	5	-0.1	30	0.0000	0.0000	0.00	
16:30:00	5	-0.1	30	0.0000	0.0000	0.00	
16:30:01	5	-0.1	30	0.0000	0.0000	0.00	
16:30:02	5	-0.1	30	0.0000	0.0000	0.00	
16:30:03	5	-0.1	30	0.0000	0.0000	0.00	
16:30:04	5	-0.1	30	0.0000	0.1000	0.00	
16:30:05	5	-0.1	30	0.0000	0.1000	0.00	
16:30:06	5	-0.1	30	0.0000	0.0000	0.00	
16:30:07	5	-0.1	30	0.0000	0.0000	0.00	
16:30:08	5	-0.1	30	0.0000	0.0000	0.00	
16:30:09	5	-0.1	30	0.0000	0.0000	0.00	
16:30:10	5	-0.1	30	0.0000	0.1000	0.00	
16:30:11	5	-0.1	30	0.0000	0.3000	0.00	
16:30:12	5	-0.1	30	0.0000	0.3000	0.00	
16:30:13	5	-0.1	30	0.0000	0.1000	0.00	
16:30:14	5	-0.1	30	0.0000	0.3000	0.00	
16:30:15	5	-0.1	30	0.0000	0.6000	0.00	
16:30:16	5	-0.1	30	0.0000	1.4000	0.00	
16:30:17	5	-0.1	30	0.0000	1.6000	0.00	
16:30:18	5	-0.1	30	0.0000	1.1000	0.00	
16:30:19	5	-0.1	30	0.0000	0.8000	0.00	
16:30:20	5	-0.1	30	0.0000	0.5000	0.00	
16:30:21	5	-0.1	30	0.0000	0.3000	0.00	
16:30:22	5	-0.1	30	0.0000	0.1000	0.00	
16:30:23	5	-0.1	30	0.0000	0.0000	0.00	
16:30:24	5	-0.1	30	0.0000	0.0000	0.00	
16:30:25	5	-0.1	30	0.0000	0.3000	0.00	
16:30:26	5	-0.1	30	0.0000	0.4000	0.00	
16:30:27	5	-0.1	30	0.0000	0.1000	0.00	
16:30:28	5	-0.1	30	0.0000	0.0000	0.00	
16:30:29	5	-0.1	30	0.0000	0.0000	0.00	
16:30:30	5	-0.1	30	0.0000	0.0000	0.00	
16:30:31	5	-0.1	30	0.0000	0.0000	0.00	
16:30:32	5	-0.1	30	0.0000	0.3000	0.00	
16:30:33	5	-0.1	30	0.0000	0.4000	0.00	
16:30:34	5	-0.1	30	0.0000	0.1000	0.00	
16:30:35	5	-0.1	30	0.0000	0.4000	0.00	
16:30:36	5	-0.1	30	0.0000	0.5000	0.00	
16:30:37	5	-0.1	30	0.0000	0.1000	0.00	
16:30:38	5	-0.1	30	0.0000	0.0000	0.00	
16:30:39	5	-0.1	30	0.0000	0.0000	0.00	
16:30:40	5	-0.1	30	0.0000	0.0000	0.00	
16:30:41	5	-0.1	30	0.0000	0.0000	0.00	
16:30:42	5	-0.1	30	0.0000	0.0000	0.00	
16:30:43	5	-0.1	30	0.0000	0.0000	0.00	
16:30:44	5	-0.1	30	0.0000	0.0000	0.00	
16:30:45	5	-0.1	30	0.0000	0.0000	0.00	
16:30:46	5	-0.1	30	0.0000	0.0000	0.00	
16:30:47	5	-0.1	30	0.0000	0.0000	0.00	
16:30:48	5	-0.1	30	0.0000	0.0000	0.00	
16:30:49	5	-0.1	30	0.0000	0.0000	0.00	
16:30:50	5	-0.1	30	0.0000	0.0000	0.00	
16:30:51	5	-0.1	30	0.0000	0.0000	0.00	
16:30:52	5	-0.1	30	0.0000	0.0000	0.00	
16:30:53	5	-0.1	30	0.0000	0.0000	0.00	
16:30:54	5	-0.1	30	0.0000	0.3000	0.00	
16:30:55	5	-0.1	30	0.0000	0.4000	0.00	
16:30:56	5	-0.1	30	0.0000	0.8000	0.00	
16:30:57	5	-0.1	30	0.0000	1.2000	0.00	
16:30:58	5	-0.1	30	0.0000	1.2000	0.00	
16:30:59	5	-0.1	30	0.0000	0.8000	0.00	
16:31:00	5	-0.1	30	0.0000	0.7000	0.00	
16:31:01	5	-0.1	30	0.0000	0.9000	0.00	
16:31:02	5	-0.1	30	0.0000	1.2000	0.00	
16:31:03	5	-0.1	30	0.0000	2.5000	0.00	
16:31:04	5	-0.1	30	0.0000	3.3000	0.00	
16:31:05	5	-0.1	30	0.0000	3.2000	0.00	
16:31:06	5	-0.1	30	0.0000	3.5000	0.00	
16:31:07	5	-0.1	30	0.0000	3.9000	0.00	
16:31:08	5	-0.1	30	0.0000	3.9000	0.00	
16:31:09	5	-0.1	30	0.0000	4.3000	0.00	
16:31:10	5	-0.1	30	0.0000	4.9000	0.00	
16:31:11	5	-0.1	30	0.0000	5.1000	0.00	
16:31:12	5	-0.1	30	0.0000	5.3000	0.00	
16:31:13	5	-0.1	30	0.0000	5.1000	0.00	
16:31:14	5	-0.1	30	0.0000	4.7000	0.00	
16:31:15	5	-0.1	30	0.0000	4.5000	0.00	
16:31:16	5	-0.1	30	0.0000	4.3000	0.00	
16:31:17	5	-0.1	30	0.0000	3.9000	0.00	
16:31:18	5	-0.1	30	0.0000	3.1000	0.00	
16:31:19	5	-0.1	30	0.0000	1.8000	0.00	
16:31:20	5	-0.1	30	0.0000	0.4000	0.00	
16:31:21	5	-0.1	30	0.0000	0.0000	0.00	
16:31:22	5	-0.1	30	0.0000	0.0000	0.00	
16:31:23	5	-0.1	30	0.0000	0.0000	0.00	
16:31:24	5	-0.1	30	0.0000	0.0000	0.00	
16:31:25	5	-0.1	30	0.0000	0.0000	0.00	
16:31:26	5	-0.1	30	0.0000	0.0000	0.00	
16:31:27	5	-0.1	30	0.0000	0.0000	0.00	
16:31:28	5	-0.1	30	0.0000	0.0000	0.00	
16:31:29	5	-0.1	30	0.0000	0.0000	0.00	
16:31:30	5	-0.1	30	0.0000	0.0000	0.00	
16:31:31	5	-0.1	30	0.0000	0.0000	0.00	
16:31:32	5	-0.1	30	0.0000	0.0000	0.00	
16:31:33	5	-0.1	30	0.0000	0.0000	0.00	
16:31:34	5	-0.1	30	0.0000	0.0000	0.00	
16:31:35	5	-0.1	30	0.0000	0.0000	0.00	
16:31:36	5	-0.1	30	0.0000	0.0000	0.00	
16:31:37	5	-0.1	30	0.0000	0.0000	0.00	
16:31:38	5	-0.1	30	0.0000	0.0000	0.00	
16:31:39	5	-0.1	30	0.0000	0.0000	0.00	
16:31:40	5	-0.2	30	0.0000	0.0000	0.00	
16:31:41	5	-0.2	30	0.0000	0.0000	0.00	
16:31:42	5	-0.2	30	0.0000	0.0000	0.00	
16:31:43	5	-0.1	30	0.0000	0.0000	0.00	
16:31:44	5	-0.2	30	0.0000	0.0000	0.00	
16:31:45	5	-0.2	30	0.0000	0.0000	0.00	
16:31:46	5	-0.2	30	0.0000	0.0000	0.00	
16:31:47	5	-0.2	30	0.0000	0.0000	0.00	
16:31:48	5	-0.2	30	0.0000	0.0000	0.00	
16:31:49	5	-0.1	30	0.0000	0.0000	0.00	
16:31:50	5	-0.1	30	0.0000	0.0000	0.00	
16:31:51	5	-0.1	30	0.0000	0.0000	0.00	
16:31:52	5	-0.1	30	0.0000	0.0000	0.00	
16:31:53	5	-0.1	30	0.0000	0.0000	0.00	
16:31:54	5	-0.1	30	0.0000	0.0000	0.00	
16:31:55	5	-0.1	30	0.0000	0.0000	0.00	
16:31:56	5	-0.1	30	0.0000	0.0000	0.00	
16:31:57	5	-0.1	30	0.0000	0.0000	0.00	
16:31:58	5	-0.1	30	0.0000	0.0000	0.00	
16:31:59	5	-0.1	30	0.0000	0.0000	0.00	
16:32:00	5	-0.1	30	0.0000	0.0000	0.00	
16:32:01	5	-0.1	30	0.0000	0.0000	0.00	
16:32:02	5	-0.1	30	0.0000	0.0000	0.00	
16:32:03	5	-0.1	30	0.0000	0.0000	0.00	
16:32:04	5	-0.1	30	0.0000	0.0000	0.00	
16:32:05	5	-0.1	30	0.0000	0.0000	0.00	
16:32:06	5	-0.1	30	0.0000	0.0000	0.00	
16:32:07	5	-0.1	30	0.0000	0.0000	0.00	
16:32:08	5	-0.1	30	0.0000	0.0000	0.00	
16:32:09	5	-0.1	30	0.0000	0.0000	0.00	
16:32:10	5	-0.1	30	0.0000	0.0000	0.00	
16:32:11	5	-0.1	30	0.0000	0.0000	0.00	
16:32:12	5	-0.1	30	0.0000	0.0000	0.00	
16:32:13	5	-0.1	30	0.0000	0.0000	0.00	
16:32:14	5	-0.1	30	0.0000	0.0000	0.00	
16:32:15	5	-0.1	30	0.0000	0.0000	0.00	
16:32:16	5	-0.1	30	0.0000	0.0000	0.00	
16:32:17	5	-0.2	30	0.0000	0.0000	0.00	
16:32:18	5	-0.1	30	0.0000	0.0000	0.00	
16:32:19	5	-0.1	30	0.0000	0.0000	0.00	
16:32:20	5	-0.1	30	0.0000	0.0000	0.00	
16:32:21	5	-0.1	30	0.0000	0.0000	0.00	
16:32:22	5	-0.1	30	0.0000	0.0000	0.00	
16:32:23	5	-0.1	30	0.0000	0.0000	0.00	
16:32:24	5	-0.1	30	0.0000	0.0000	0.00	
16:32:25	5	-0.1	30	0.0000	0.0000	0.00	
16:32:26	5	-0.1	30	0.0000	0.0000	0.00	
16:32:27	5	-0.1	30	0.0000	0.0000	0.00	
16:32:28	5	-0.2	30	0.0000	0.0000	0.00	
16:32:29	5	-0.1	30	0.0000	0.0000	0.00	
16:32:30	5	-0.2	30	0.0000	0.0000	0.00	
16:32:31	5	-0.2	30	0.0000	0.0000	0.00	
16:32:32	5	-0.2	30	0.0000	0.0000	0.00	
16:32:33	5	-0.1	30	0.0000	0.0000	0.00	
16:32:34	5	-0.2	30	0.0000	0.0000	0.00	
16:32:35	5	-0.2	30	0.0000	0.0000	0.00	
16:32:36	5	-0.2	30	0.0000	0.0000	0.00	
16:32:37	5	-0.2	30	0.0000	0.0000	0.00	
16:32:38	5	-0.2	30	0.0000	0.0000	0.00	
16:32:39	5	-0.2	30	0.0000	0.0000	0.00	
16:32:40	5	-0.2	30	0.0000	0.0000	0.00	
16:32:41	5	-0.2	30	0.0000	0.0000	0.00	
16:32:42	5	-0.2	30	0.0000	0.0000	0.00	
16:32:43	5	-0.2	30	0.0000	0.0000	0.00	
16:32:44	5	-0.2	30	0.0000	0.0000	0.00	
16:32:45	5	-0.2	30	0.0000	0.0000	0.00	
16:32:46	5	-0.2	30	0.0000	0.0000	0.00	
16:32:47	5	-0.2	30	0.0000	0.0000	0.00	
16:32:48	5	-0.2	30	0.0000	0.0000	0.00	
16:32:49	5	-0.2	30	0.0000	0.0000	0.00	
16:32:50	5	-0.2	30	0.0000	0.0000	0.00	
16:32:51	5	-0.2	30	0.0000	0.0000	0.00	
16:32:52	5	-0.2	30	0.0000	0.0000	0.00	
16:32:53	5	-0.2	30	0.0000	0.0000	0.00	
16:32:54	5	-0.2	30	0.0000	0.0000	0.00	
16:32:55	5	-0.2	30	0.0000	0.0000	0.00	
16:32:56	5	-0.2	30	0.0000	0.0000	0.00	
16:32:57	5	-0.2	30	0.0000	0.0000	0.00	
16:32:58	5	-0.2	30	0.0000	0.0000	0.00	
16:32:59	5	-0.2	30	0.0000	0.0000	0.00	
16:33:00	5	-0.2	30	0.0000	0.0000	0.00	
16:33:01	5	-0.2	30	0.0000	0.0000	0.00	
16:33:02	5	-0.2	30	0.0000	0.0000	0.00	
16:33:03	5	-0.2	30	0.0000	0.0000	0.00	
16:33:04	5	-0.2	30	0.0000	0.0000	0.00	
16:33:05	5	-0.2	30	0.0000	0.0000	0.00	
16:33:06	5	-0.1	30	0.0000	0.0000	0.00	
16:33:07	5	-0.2	30	0.0000	0.0000	0.00	
16:33:08	5	-0.2	30	0.0000	0.0000	0.00	
16:33:09	5	-0.2	30	0.0000	0.0000	0.00	
16:33:10	5	-0.2	30	0.0000	0.0000	0.00	
16:33:11	5	-0.2	30	0.0000	0.0000	0.00	
16:33:12	5	-0.2	30	0.0000	0.0000	0.00	
16:33:13	5	-0.2	30	0.0000	0.0000	0.00	
16:33:14	5	-0.2	30	0.0000	0.0000	0.00	
16:33:15	5	-0.2	30	0.0000	0.0000	0.00	
16:33:16	5	-0.2	30	0.0000	0.0000	0.00	
16:33:17	5	-0.2	30	0.0000	0.0000	0.00	
16:33:18	5	-0.2	30	0.0000	0.0000	0.00	
16:33:19	5	-0.2	30	0.0000	0.0000	0.00	
16:33:20	5	-0.2	30	0.0000	0.0000	0.00	
16:33:21	5	-0.2	30	0.0000	0.0000	0.00	
16:33:22	5	-0.2	30	0.0000	0.0000	0.00	
16:33:23	5	-0.2	30	0.0000	0.0000	0.00	
16:33:24	5	-0.2	30	0.0000	0.0000	0.00	
16:33:25	5	-0.2	30	0.0000	0.0000	0.00	
16:33:26	5	-0.2	30	0.0000	0.0000	0.00	
16:33:27	5	-0.2	30	0.0000	0.0000	0.00	
16:33:28	5	-0.2	30	0.0000	0.0000	0.00	
16:33:29	5	-0.2	30	0.0000	0.0000	0.00	
16:33:30	5	-0.2	30	0.0000	0.0000	0.00	
16:33:31	5	-0.2	30	0.0000	0.0000	0.00	
16:33:32	5	-0.2	30	0.0000	0.0000	0.00	
16:33:33	5	-0.2	30	0.0000	0.0000	0.00	
16:33:34	5	-0.2	30	0.0000	0.0000	0.00	
16:33:35	5	-0.2	30	0.0000	0.0000	0.00	
16:33:36	5	-0.2	30	0.0000	0.0000	0.00	
16:33:37	5	-0.2	30	0.0000	0.0000	0.00	
16:33:38	5	-0.2	30	0.0000	0.0000	0.00	
16:33:39	5	-0.2	30	0.0000	0.0000	0.00	
16:33:40	5	-0.2	30	0.0000	0.0000	0.00	
16:33:41	5	-0.2	30	0.0000	0.0000	0.00	
16:33:42	5	-0.2	30	0.0000	0.0000	0.00	
16:33:43	5	-0.2	30	0.0000	0.0000	0.00	
16:33:44	5	-0.2	30	0.0000	0.0000	0.00	
16:33:45	5	-0.2	30	0.0000	0.0000	0.00	
16:33:46	5	-0.2	30	0.0000	0.0000	0.00	
16:33:47	5	-0.2	30	0.0000	0.0000	0.00	
16:33:48	5	-0.2	30	0.0000	0.0000	0.00	
16:33:49	5	-0.2	30	0.0000	0.0000	0.00	
16:33:50	5	-0.2	30	0.0000	0.0000	0.00	
16:33:51	5	-0.2	30	0.0000	0.0000	0.00	
16:33:52	5	-0.2	30	0.0000	0.0000	0.00	
16:33:53	5	-0.2	30	0.0000	0.0000	0.00	
16:33:54	5	-0.2	30	0.0000	0.0000	0.00	
16:33:55	5	-0.2	30	0.0000	0.0000	0.00	
16:33:56	5	-0.2	30	0.0000	0.0000	0.00	
16:33:57	5	-0.2	30	0.0000	0.0000	0.00	
16:33:58	5	-0.2	30	0.0000	0.0000	0.00	
16:33:59	5	-0.2	30	0.0000	0.0000	0.00	
16:34:00	5	-0.2	30	0.0000	0.0000	0.00	
16:34:01	5	-0.2	30	0.0000	0.0000	0.00	
16:34:02	5	-0.2	30	0.0000	0.0000	0.00	
16:34:03	5	-0.2	30	0.0000	0.0000	0.00	
16:34:04	5	-0.2	30	0.0000	0.0000	0.00	
16:34:05	5	-0.2	30	0.0000	0.0000	0.00	
16:34:06	5	-0.2	30	0.0000	0.0000	0.00	
16:34:07	5	-0.2	30	0.0000	0.0000	0.00	
16:34:08	5	-0.2	30	0.0000	0.0000	0.00	
16:34:09	5	-0.2	30	0.0000	0.0000	0.00	
16:34:10	5	-0.2	30	0.0000	0.0000	0.00	
16:34:11	5	-0.2	30	0.0000	0.0000	0.00	
16:34:12	5	-0.2	30	0.0000	0.0000	0.00	
16:34:13	5	-0.2	30	0.0000	0.0000	0.00	
16:34:14	5	-0.2	30	0.0000	0.0000	0.00	
16:34:15	5	-0.2	30	0.0000	0.0000	0.00	
16:34:16	5	-0.2	30	0.0000	0.0000	0.00	
16:34:17	5	-0.2	30	0.0000	0.0000	0.00	
16:34:18	5	-0.2	30	0.0000	0.0000	0.00	
16:34:19	5	-0.2	30	0.0000	0.0000	0.00	
16:34:20	5	-0.2	30	0.0000	0.0000	0.00	
16:34:21	5	-0.2	30	0.0000	0.0000	0.00	
16:34:22	5	-0.2	30	0.0000	0.0000	0.00	
16:34:23	5	-0.2	30	0.0000	0.0000	0.00	
16:34:24	5	-0.2	30	0.0000	0.0000	0.00	
16:34:25	5	-0.2	30	0.0000	0.0000	0.00	
16:34:26	5	-0.2	30	0.0000	0.0000	0.00	
16:34:27	5	-0.2	30	0.0000	0.0000	0.00	
16:34:28	5	-0.2	30	0.0000	0.0000	0.00	
16:34:29	5	-0.2	30	0.0000	0.0000	0.00	
16:34:30	5	-0.2	30	0.0000	0.0000	0.00	
16:34:31	5	-0.2	30	0.0000	0.0000	0.00	
16:34:32	5	-0.2	30	0.0000	0.0000	0.00	
16:34:33	5	-0.2	30	0.0000	0.0000	0.00	
16:34:34	5	-0.2	30	0.0000	0.0000	0.00	
16:34:35	5	-0.2	30	0.0000	0.1000	0.00	
16:34:36	5	-0.3	30	0.0000	0.1000	0.00	
16:34:37	5	-0.2	30	0.0000	0.1000	0.00	
16:34:38	5	-0.3	30	0.0000	0.1000	0.00	
16:34:39	5	-0.1	30	0.0000	0.3000	0.00	
16:34:40	5	-0.1	30	0.0000	0.3000	0.00	
16:34:41	5	-0.1	30	0.0000	0.5000	0.00	
16:34:42	5	-0.1	30	0.0000	0.8000	0.00	
16:34:43	5	0.1	30	0.2000	1.0000	20.00	
16:34:44	5	0.4	30	0.3000	0.5000	60.00	
16:34:45	5	0.7	30	0.2000	0.3000	66.67	
16:34:46	5	0.3	30	0.3000	0.3000	100.00	
16:34:47	5	0.1	30	0.2000	0.1000	200.00	
16:34:48	5	0.3	30	0.2000	0.4000	50.00	
16:34:49	5	0.3	30	0.2000	0.5000	40.00	
16:34:50	5	0.1	30	0.2000	0.3000	66.67	
16:34:51	5	0.1	30	0.2000	0.2000	100.00	
16:34:52	5	0.2	30	0.1000	0.1000	100.00	
16:34:53	5	0.5	30	0.3000	0.3000	100.00	
16:34:54	5	0.3	31	0.8000	0.5000	160.00	
16:34:55	5	0.0	31	0.7000	0.2000	350.00	
16:34:56	5	0.3	31	0.2000	0.1000	200.00	
16:34:57	5	0.5	31	0.3000	0.1000	300.00	
16:34:58	5	0.3	31	0.3000	0.1000	300.00	
16:34:59	5	0.1	31	0.1000	0.1000	100.00	
16:35:00	5	0.2	31	0.1000	0.2000	50.00	
16:35:01	5	0.3	31	0.2000	0.3000	66.67	
16:35:02	5	0.3	31	0.3000	0.1000	300.00	
16:35:03	5	0.3	31	0.2000	0.1000	200.00	
16:35:04	5	0.2	31	0.2000	0.3000	66.67	
16:35:05	5	0.2	31	0.2000	0.3000	66.67	
16:35:06	5	0.2	31	0.1000	0.2000	50.00	
16:35:07	5	0.4	31	0.2000	0.2000	100.00	
16:35:08	5	0.3	31	0.4000	0.3000	133.33	
16:35:09	5	0.1	31	0.3000	0.2000	150.00	
16:35:10	5	0.4	32	0.2000	0.1000	200.00	
16:35:11	5	0.4	32	0.3000	0.2000	150.00	
16:35:12	5	0.2	32	0.5000	0.2000	250.00	
16:35:13	5	0.1	32	0.3000	0.1000	300.00	
16:35:14	5	0.3	32	0.1000	0.1000	100.00	
16:35:15	5	0.3	32	0.5000	0.3000	166.67	
16:35:16	5	0.2	32	0.6000	0.3000	200.00	
16:35:17	5	0.2	32	0.3000	0.1000	300.00	
16:35:18	5	0.4	32	0.2000	0.1000	200.00	
16:35:19	5	0.3	32	0.5000	0.1000	500.00	
16:35:20	5	0.2	33	0.5000	0.1000	500.00	
16:35:21	5	0.3	33	0.3000	0.1000	300.00	
16:35:22	5	0.3	33	0.5000	0.1000	500.00	
16:35:23	5	0.0	33	0.5000	0.3000	166.67	
16:35:24	5	0.3	33	0.1000	0.4000	25.00	
16:35:25	5	0.3	33	0.1000	0.3000	33.33	
16:35:26	5	0.3	33	0.1000	0.2000	50.00	
16:35:27	5	0.3	33	0.1000	0.4000	25.00	
16:35:28	5	0.2	33	0.2000	0.5000	40.00	
16:35:29	5	0.1	33	0.2000	0.3000	66.67	
16:35:30	5	0.4	33	0.2000	0.1000	200.00	
16:35:31	5	0.5	33	0.5000	0.3000	166.67	
16:35:32	5	0.1	33	0.6000	0.3000	200.00	
16:35:33	5	0.1	33	0.3000	0.1000	300.00	
16:35:34	5	0.6	34	0.2000	0.3000	66.67	
16:35:35	5	0.7	34	0.3000	0.3000	100.00	
16:35:36	5	0.1	34	0.3000	0.1000	300.00	
16:35:37	5	0.0	34	0.2000	0.1000	200.00	
16:35:38	5	0.4	34	0.1000	0.1000	100.00	
16:35:39	5	0.5	34	0.3000	0.4000	75.00	
16:35:40	5	0.4	34	0.3000	0.4000	75.00	
16:35:41	5	0.3	34	0.3000	0.1000	300.00	
16:35:42	5	0.3	34	0.2000	0.3000	66.67	
16:35:43	5	0.6	34	0.1000	0.5000	20.00	
16:35:44	5	0.4	34	0.2000	0.4000	50.00	
16:35:45	5	0.3	34	0.3000	0.2000	150.00	
16:35:46	5	0.4	34	0.2000	0.1000	200.00	
16:35:47	5	0.4	34	0.2000	0.1000	200.00	
16:35:48	5	0.3	34	0.2000	0.1000	200.00	
16:35:49	5	0.3	34	0.2000	0.1000	200.00	
16:35:50	5	0.4	34	0.2000	0.1000	200.00	
16:35:51	5	0.4	35	0.2000	0.1000	200.00	
16:35:52	5	0.3	35	0.3000	0.1000	300.00	
16:35:53	5	0.2	35	0.3000	0.1000	300.00	
16:35:54	5	0.3	35	0.2000	0.1000	200.00	
16:35:55	5	0.4	35	0.2000	0.1000	200.00	
16:35:56	5	0.3	35	0.3000	0.2000	150.00	
16:35:57	5	0.2	35	0.3000	0.2000	150.00	
16:35:58	5	0.1	35	0.2000	0.1000	200.00	
16:35:59	5	0.1	35	0.1000	0.1000	100.00	
16:36:00	5	0.0	35	0.1000	0.1000	100.00	
16:36:01	5	0.0	35	0.1000	0.1000	100.00	
16:36:02	5	0.1	35	0.1000	0.1000	100.00	
16:36:03	5	-0.1	35	0.1000	0.1000	100.00	
16:36:04	5	-0.1	35	0.1000	0.1000	100.00	
16:36:05	5	-0.1	35	0.0000	0.2000	0.00	
16:36:06	5	-0.1	35	0.0000	0.3000	0.00	
16:36:07	5	-0.1	35	0.0000	0.1000	0.00	
16:36:08	5	-0.1	35	0.0000	0.1000	0.00	
16:36:09	5	-0.1	35	0.0000	0.1000	0.00	
16:36:10	5	-0.1	35	0.0000	0.0000	0.00	
16:36:11	5	-0.1	35	0.0000	0.0000	0.00	
16:36:12	5	-0.1	35	0.0000	0.0000	0.00	
16:36:13	5	-0.1	35	0.0000	0.0000	0.00	
16:36:14	5	-0.1	35	0.0000	0.0000	0.00	
16:36:15	5	-0.1	35	0.0000	0.0000	0.00	
16:36:16	5	-0.1	35	0.0000	0.0000	0.00	
16:36:17	5	-0.1	35	0.0000	0.0000	0.00	
16:36:18	5	-0.1	35	0.0000	0.0000	0.00	
16:36:19	5	-0.1	35	0.0000	0.0000	0.00	
16:36:20	5	-0.1	35	0.0000	0.0000	0.00	
16:36:21	5	-0.1	35	0.0000	0.0000	0.00	
16:36:22	5	-0.1	35	0.0000	0.0000	0.00	
16:36:23	5	-0.1	35	0.0000	0.0000	0.00	
16:36:24	5	-0.1	35	0.0000	0.0000	0.00	
16:36:25	5	-0.1	35	0.0000	0.0000	0.00	
16:36:26	5	-0.1	35	0.0000	0.0000	0.00	
16:36:27	5	-0.1	35	0.0000	0.0000	0.00	
16:36:28	5	-0.1	35	0.0000	0.0000	0.00	
16:36:29	5	-0.1	35	0.0000	0.0000	0.00	
16:36:30	5	-0.1	35	0.0000	0.0000	0.00	
16:36:31	5	-0.1	35	0.0000	0.0000	0.00	
16:36:32	5	-0.1	35	0.0000	0.0000	0.00	
16:36:33	5	-0.1	35	0.0000	0.0000	0.00	
16:36:34	5	-0.1	35	0.0000	0.0000	0.00	
16:36:35	5	-0.1	35	0.0000	0.0000	0.00	
16:36:36	5	0.0	35	0.0000	0.0000	0.00	
16:36:37	5	-0.1	35	0.0000	0.0000	0.00	
16:36:38	5	-0.1	35	0.0000	0.0000	0.00	
16:36:39	5	-0.1	35	0.0000	0.0000	0.00	
16:36:40	5	0.0	35	0.0000	0.0000	0.00	
16:36:41	5	0.0	35	0.0000	0.0000	0.00	
16:36:42	5	-0.1	35	0.0000	0.0000	0.00	
16:36:43	5	0.0	35	0.0000	0.0000	0.00	
16:36:44	5	0.0	35	0.0000	0.0000	0.00	
16:36:45	5	-0.1	35	0.0000	0.0000	0.00	
16:36:46	5	-0.1	35	0.0000	0.0000	0.00	
16:36:47	5	0.0	35	0.0000	0.0000	0.00	
16:36:48	5	-0.1	35	0.0000	0.0000	0.00	
16:36:49	5	-0.1	35	0.0000	0.0000	0.00	
16:36:50	5	0.0	35	0.0000	0.0000	0.00	
16:36:51	5	0.0	35	0.0000	0.0000	0.00	
16:36:52	5	0.0	35	0.0000	0.0000	0.00	
16:36:53	5	0.0	35	0.0000	0.0000	0.00	
16:36:54	5	0.0	35	0.0000	0.0000	0.00	
16:36:55	5	0.0	35	0.0000	0.0000	0.00	
16:36:56	5	0.0	35	0.0000	0.0000	0.00	
16:36:57	5	0.0	35	0.0000	0.0000	0.00	
16:36:58	5	0.0	35	0.0000	0.0000	0.00	
16:36:59	5	0.0	35	0.0000	0.0000	0.00	
16:37:00	5	0.0	35	0.0000	0.0000	0.00	
16:37:01	5	0.0	35	0.0000	0.0000	0.00	
16:37:02	5	0.0	35	0.0000	0.0000	0.00	
16:37:03	5	0.0	35	0.0000	0.0000	0.00	
16:37:04	5	0.0	35	0.0000	0.0000	0.00	
16:37:05	5	0.0	35	0.0000	0.0000	0.00	
16:37:06	5	0.0	35	0.0000	0.0000	0.00	
16:37:07	5	0.0	35	0.0000	0.0000	0.00	
16:37:08	5	0.0	35	0.0000	0.0000	0.00	
16:37:09	5	-0.1	35	0.0000	0.0000	0.00	
16:37:10	5	-0.1	35	0.0000	0.0000	0.00	
16:37:11	5	0.0	35	0.0000	0.0000	0.00	
16:37:12	5	-0.1	35	0.0000	0.0000	0.00	
16:37:13	5	-0.1	35	0.0000	0.0000	0.00	
16:37:14	5	-0.1	35	0.0000	0.0000	0.00	
16:37:15	5	-0.1	35	0.0000	0.0000	0.00	
16:37:16	5	-0.1	35	0.0000	0.0000	0.00	
16:37:17	5	-0.1	35	0.0000	0.0000	0.00	
16:37:18	5	-0.1	35	0.0000	0.0000	0.00	
16:37:19	5	-0.1	35	0.0000	0.0000	0.00	
16:37:20	5	-0.1	35	0.0000	0.0000	0.00	
16:37:21	5	-0.1	35	0.0000	0.0000	0.00	
16:37:22	5	-0.1	35	0.0000	0.0000	0.00	
16:37:23	5	-0.1	35	0.0000	0.0000	0.00	
16:37:24	5	-0.1	35	0.0000	0.0000	0.00	
16:37:25	5	-0.1	35	0.0000	0.0000	0.00	
16:37:26	5	-0.1	35	0.0000	0.0000	0.00	
16:37:27	5	-0.1	35	0.0000	0.0000	0.00	
16:37:28	5	-0.1	35	0.0000	0.0000	0.00	
16:37:29	5	-0.1	35	0.0000	0.0000	0.00	
16:37:30	5	0.0	35	0.0000	0.0000	0.00	
16:37:31	5	-0.1	35	0.0000	0.0000	0.00	
16:37:32	5	0.0	35	0.0000	0.0000	0.00	
16:37:33	5	-0.1	35	0.1000	0.0000	0.00	
16:37:34	5	-0.1	35	0.1000	0.0000	0.00	
16:37:35	5	-0.1	35	0.0000	0.0000	0.00	
16:37:36	5	0.0	35	0.0000	0.0000	0.00	
16:37:37	5	0.0	35	0.0000	0.0000	0.00	
16:37:38	5	-0.1	35	0.0000	0.0000	0.00	
16:37:39	5	-0.1	35	0.0000	0.0000	0.00	
16:37:40	5	0.0	35	0.0000	0.0000	0.00	
16:37:41	5	-0.1	35	0.0000	0.0000	0.00	
16:37:42	5	-0.1	35	0.0000	0.0000	0.00	
16:37:43	5	-0.1	35	0.0000	0.0000	0.00	
16:37:44	5	-0.1	35	0.0000	0.0000	0.00	
16:37:45	5	-0.1	35	0.0000	0.0000	0.00	
16:37:46	5	-0.1	35	0.0000	0.0000	0.00	
16:37:47	5	-0.1	35	0.0000	0.0000	0.00	
16:37:48	5	-0.1	35	0.0000	0.0000	0.00	
16:37:49	5	-0.1	35	0.0000	0.0000	0.00	
16:37:50	5	-0.1	35	0.0000	0.0000	0.00	
16:37:51	5	-0.1	35	0.0000	0.0000	0.00	
16:37:52	5	-0.1	35	0.0000	0.0000	0.00	
16:37:53	5	-0.1	35	0.0000	0.0000	0.00	
16:37:54	5	-0.1	35	0.0000	0.0000	0.00	
16:37:55	5	-0.1	35	0.0000	0.0000	0.00	
16:37:56	5	-0.1	35	0.0000	0.0000	0.00	
16:37:57	5	-0.1	35	0.0000	0.0000	0.00	
16:37:58	5	-0.1	35	0.0000	0.0000	0.00	
16:37:59	5	0.0	35	0.0000	0.0000	0.00	
16:38:00	5	-0.1	35	0.0000	0.0000	0.00	
16:38:01	5	-0.1	35	0.0000	0.0000	0.00	
16:38:02	5	-0.1	35	0.0000	0.0000	0.00	
16:38:03	5	-0.1	35	0.0000	0.0000	0.00	
16:38:04	5	-0.1	35	0.0000	0.1000	0.00	
16:38:05	5	-0.1	35	0.0000	0.5000	0.00	
16:38:06	5	-0.1	35	0.0000	0.5000	0.00	
16:38:07	5	-0.1	35	0.0000	1.1000	0.00	
16:38:08	5	-0.1	35	0.0000	2.2000	0.00	
16:38:09	5	-0.1	35	0.0000	2.2000	0.00	
16:38:10	5	-0.1	35	0.0000	2.3000	0.00	
16:38:11	5	-0.1	35	0.0000	2.4000	0.00	
16:38:12	5	-0.1	35	0.0000	2.7000	0.00	
16:38:13	5	-0.1	35	0.0000	3.3000	0.00	
16:38:14	5	-0.1	35	0.0000	2.8000	0.00	
16:38:15	5	-0.1	35	0.0000	2.1000	0.00	
16:38:16	5	-0.1	35	0.0000	1.1000	0.00	
16:38:17	5	-0.1	35	0.0000	0.2000	0.00	
16:38:18	5	-0.1	35	0.0000	0.1000	0.00	
16:38:19	5	-0.1	35	0.0000	0.7000	0.00	
16:38:20	5	-0.1	35	0.0000	1.2000	0.00	
16:38:21	5	-0.1	35	0.0000	1.1000	0.00	
16:38:22	5	-0.1	35	0.0000	0.7000	0.00	
16:38:23	5	-0.1	35	0.0000	0.4000	0.00	
16:38:24	5	-0.1	35	0.0000	0.4000	0.00	
16:38:25	5	-0.1	35	0.0000	0.1000	0.00	
16:38:26	5	-0.1	35	0.0000	0.0000	0.00	
16:38:27	5	-0.1	35	0.0000	0.0000	0.00	
16:38:28	5	-0.1	35	0.0000	0.0000	0.00	
16:38:29	5	-0.1	35	0.0000	0.0000	0.00	
16:38:30	5	-0.1	35	0.0000	0.0000	0.00	
16:38:31	5	-0.1	35	0.0000	0.0000	0.00	
16:38:32	5	-0.1	35	0.0000	0.0000	0.00	
16:38:33	5	-0.1	35	0.0000	0.0000	0.00	
16:38:34	5	-0.1	35	0.0000	0.0000	0.00	
16:38:35	5	-0.1	35	0.0000	0.0000	0.00	
16:38:36	5	-0.1	35	0.0000	0.0000	0.00	
16:38:37	5	0.0	35	0.0000	0.0000	0.00	
16:38:38	5	-0.1	35	0.0000	0.0000	0.00	
16:38:39	5	-0.1	35	0.0000	0.1000	0.00	
16:38:40	5	0.0	35	0.0000	0.7000	0.00	
16:38:41	5	0.0	35	0.0000	1.2000	0.00	
16:38:42	5	0.0	35	0.0000	0.8000	0.00	
16:38:43	5	-0.1	35	0.0000	0.4000	0.00	
16:38:44	5	0.0	35	0.0000	0.2000	0.00	
16:38:45	5	-0.1	35	0.0000	0.2000	0.00	
16:38:46	5	-0.1	35	0.0000	0.5000	0.00	
16:38:47	5	0.0	35	0.0000	0.5000	0.00	
16:38:48	5	0.0	35	0.0000	0.2000	0.00	
16:38:49	5	0.0	35	0.0000	0.6000	0.00	
16:38:50	5	0.0	35	0.0000	1.0000	0.00	
16:38:51	5	0.0	35	0.0000	1.0000	0.00	
16:38:52	5	0.0	35	0.0000	1.2000	0.00	
16:38:53	5	0.0	35	0.0000	1.4000	0.00	
16:38:54	5	0.0	35	0.0000	0.9000	0.00	
16:38:55	5	0.0	35	0.0000	0.5000	0.00	
16:38:56	5	0.0	35	0.0000	0.4000	0.00	
16:38:57	5	-0.1	35	0.0000	0.5000	0.00	
16:38:58	5	0.0	35	0.0000	0.8000	0.00	
16:38:59	5	0.0	35	0.0000	0.7000	0.00	
16:39:00	5	-0.1	35	0.0000	0.8000	0.00	
16:39:01	5	0.0	35	0.0000	1.0000	0.00	
16:39:02	5	-0.1	35	0.0000	1.0000	0.00	
16:39:03	5	0.0	35	0.0000	1.0000	0.00	
16:39:04	5	0.0	35	0.0000	0.8000	0.00	
16:39:05	5	0.0	35	0.0000	0.5000	0.00	
16:39:06	5	0.0	35	0.0000	1.0000	0.00	
16:39:07	5	-0.1	35	0.0000	1.8000	0.00	
16:39:08	5	0.0	35	0.0000	1.6000	0.00	
16:39:09	5	0.0	35	0.0000	0.7000	0.00	
16:39:10	5	-0.1	35	0.0000	0.2000	0.00	
16:39:11	5	-0.1	35	0.0000	0.1000	0.00	
16:39:12	5	-0.1	35	0.0000	0.0000	0.00	
16:39:13	5	-0.1	35	0.0000	0.0000	0.00	
16:39:14	5	-0.1	35	0.0000	0.0000	0.00	
16:39:15	5	-0.1	35	0.0000	0.0000	0.00	
16:39:16	5	-0.1	35	0.0000	0.0000	0.00	
16:39:17	5	-0.1	35	0.0000	0.0000	0.00	
16:39:18	5	-0.1	35	0.0000	0.0000	0.00	
16:39:19	5	-0.1	35	0.0000	0.1000	0.00	
16:39:20	5	-0.1	35	0.0000	0.1000	0.00	
16:39:21	5	-0.1	35	0.0000	0.4000	0.00	
16:39:22	5	-0.1	35	0.0000	0.9000	0.00	
16:39:23	5	-0.1	35	0.0000	0.8000	0.00	
16:39:24	5	0.0	35	0.0000	0.3000	0.00	
16:39:25	5	0.0	35	0.0000	0.3000	0.00	
16:39:26	5	0.0	35	0.0000	0.3000	0.00	
16:39:27	5	0.0	35	0.0000	0.0000	0.00	
16:39:28	5	0.0	35	0.0000	0.0000	0.00	
16:39:29	5	0.0	35	0.0000	0.2000	0.00	
16:39:30	5	0.0	35	0.0000	0.3000	0.00	
16:39:31	5	0.0	35	0.0000	0.1000	0.00	
16:39:32	5	0.0	35	0.0000	0.0000	0.00	
16:39:33	5	0.0	35	0.0000	0.0000	0.00	
16:39:34	5	0.0	35	0.0000	0.0000	0.00	
16:39:35	5	0.0	35	0.0000	0.0000	0.00	
16:39:36	5	0.0	35	0.0000	0.0000	0.00	
16:39:37	5	0.0	35	0.0000	0.0000	0.00	
16:39:38	5	0.0	35	0.0000	0.0000	0.00	
16:39:39	5	0.0	35	0.0000	0.0000	0.00	
16:39:40	5	0.0	35	0.0000	0.0000	0.00	
16:39:41	5	0.0	35	0.0000	0.1000	0.00	
16:39:42	5	0.0	35	0.0000	0.4000	0.00	
16:39:43	5	0.0	35	0.0000	0.6000	0.00	
16:39:44	5	0.0	35	0.0000	1.0000	0.00	
16:39:45	5	0.0	35	0.0000	1.5000	0.00	
16:39:46	5	0.0	35	0.0000	1.2000	0.00	
16:39:47	5	0.0	35	0.0000	0.7000	0.00	
16:39:48	5	0.0	35	0.0000	0.3000	0.00	
16:39:49	5	0.0	35	0.0000	0.0000	0.00	
16:39:50	5	0.0	35	0.0000	0.0000	0.00	
16:39:51	5	0.0	35	0.0000	0.0000	0.00	
16:39:52	5	0.0	35	0.0000	0.0000	0.00	
16:39:53	5	0.0	35	0.0000	0.0000	0.00	
16:39:54	5	0.0	35	0.0000	0.0000	0.00	
16:39:55	5	0.0	35	0.0000	0.1000	0.00	
16:39:56	5	0.0	35	0.0000	0.1000	0.00	
16:39:57	5	0.0	35	0.0000	0.0000	0.00	
16:39:58	5	0.0	35	0.0000	0.0000	0.00	
16:39:59	5	0.0	35	0.0000	0.0000	0.00	
16:40:00	5	0.0	35	0.0000	0.1000	0.00	
16:40:01	5	0.0	35	0.0000	0.1000	0.00	
16:40:02	5	0.0	35	0.0000	0.0000	0.00	
16:40:03	5	0.0	35	0.0000	0.0000	0.00	
16:40:04	5	0.0	35	0.0000	0.0000	0.00	
16:40:05	5	0.0	35	0.0000	0.0000	0.00	
16:40:06	5	0.0	35	0.0000	0.0000	0.00	
16:40:07	5	0.0	35	0.0000	0.1000	0.00	
16:40:08	5	0.0	35	0.0000	0.3000	0.00	
16:40:09	5	0.0	35	0.0000	0.5000	0.00	
16:40:10	5	0.0	35	0.0000	0.6000	0.00	
16:40:11	5	0.0	35	0.0000	0.4000	0.00	
16:40:12	5	0.0	35	0.0000	0.1000	0.00	
16:40:13	5	0.0	35	0.0000	0.0000	0.00	
16:40:14	5	0.0	35	0.0000	0.0000	0.00	
16:40:15	5	0.0	35	0.0000	0.0000	0.00	
16:40:16	5	0.0	35	0.0000	0.0000	0.00	
16:40:17	5	0.0	35	0.0000	0.0000	0.00	
16:40:18	5	0.0	35	0.0000	0.1000	0.00	
16:40:19	5	0.0	35	0.0000	0.5000	0.00	
16:40:20	5	0.0	35	0.0000	0.5000	0.00	
16:40:21	5	0.0	35	0.0000	0.3000	0.00	
16:40:22	5	0.0	35	0.0000	0.8000	0.00	
16:40:23	5	0.0	35	0.0000	1.0000	0.00	
16:40:24	5	0.0	35	0.0000	0.5000	0.00	
16:40:25	5	0.0	35	0.0000	0.1000	0.00	
16:40:26	5	0.0	35	0.0000	0.0000	0.00	
16:40:27	5	0.0	35	0.0000	0.0000	0.00	
16:40:28	5	0.1	35	0.0000	0.0000	0.00	
16:40:29	5	0.0	35	0.0000	0.0000	0.00	
16:40:30	5	0.1	35	0.0000	0.5000	0.00	
16:40:31	5	0.1	35	0.0000	1.1000	0.00	
16:40:32	5	0.1	35	0.0000	0.9000	0.00	
16:40:33	5	0.1	35	0.0000	1.0000	0.00	
16:40:34	5	0.1	35	0.0000	1.1000	0.00	
16:40:35	5	0.1	35	0.0000	0.8000	0.00	
16:40:36	5	0.1	35	0.0000	0.5000	0.00	
16:40:37	5	0.1	35	0.0000	0.1000	0.00	
16:40:38	5	0.1	35	0.0000	0.2000	0.00	
16:40:39	5	0.1	35	0.0000	0.5000	0.00	
16:40:40	5	0.1	35	0.0000	0.3000	0.00	
16:40:41	5	0.1	35	0.0000	0.7000	0.00	
