Data Start: 2020-09-25 16:27:30
Data End: 2020-09-25 16:47:40
Devicename: Multi Plankton Sampler MPS
IdentNo.: 1020

Net []
Range1: 0 to 5

Pressure [dbar]
Range1: 0.0 to 3000.0  Cal0: -8.585877E+2  Cal1: 1.175972E-1  Cal2: -1.044298E-6  Cal3: -1.441992E+0  Cal4: 9.253807E-5  Cal5: -8.766143E-10  Cal6: 7.97392E-2  Cal7: 7.856609E-2  Cal8: -1.359118E-8

Volume [m³]
Range1: 0 to 65000  Cal0: 2.5E-1

Flow in [m/s]
Range1: 0.0000 to 9.9000

Flow out [m/s]
Range1: 0.0000 to 9.9000

Flow ratio [%]
Range1: 0.00 to 200.00

Header Comment

Ship:		
Cruise:		
Station:		
Cast:		
Position:		
Operator:		


Time [hh:mm:ss]	Net []	Pressure [dbar]	Volume [m³]	Flow in [m/s]	Flow out [m/s]	Flow ratio [%]	Comments  [Index]
16:27:30	0	0.1	0	0.0000	0.0000	0.00	
16:27:31	0	0.1	0	0.0000	0.0000	0.00	
16:27:32	0	0.1	0	0.0000	0.0000	0.00	
16:27:33	0	0.1	0	0.0000	0.0000	0.00	
16:27:34	0	0.1	0	0.0000	0.0000	0.00	
16:27:35	0	0.1	0	0.0000	0.0000	0.00	
16:27:36	0	0.1	0	0.0000	0.0000	0.00	
16:27:37	0	0.1	0	0.0000	0.0000	0.00	
16:27:38	0	0.1	0	0.0000	0.0000	0.00	
16:27:39	0	0.1	0	0.0000	0.0000	0.00	
16:27:40	0	0.1	0	0.0000	0.0000	0.00	
16:27:41	0	0.1	0	0.0000	0.0000	0.00	
16:27:42	0	0.1	0	0.0000	0.0000	0.00	
16:27:43	0	0.1	0	0.0000	0.0000	0.00	
16:27:44	0	0.1	0	0.0000	0.0000	0.00	
16:27:45	0	0.1	0	0.0000	0.0000	0.00	
16:27:46	0	0.1	0	0.0000	0.0000	0.00	
16:27:47	0	0.1	0	0.0000	0.0000	0.00	
16:27:48	0	0.1	0	0.0000	0.0000	0.00	
16:27:49	0	0.1	0	0.0000	0.0000	0.00	
16:27:50	0	0.1	0	0.0000	0.0000	0.00	
16:27:51	0	0.1	0	0.0000	0.0000	0.00	
16:27:52	0	0.1	0	0.0000	0.0000	0.00	
16:27:53	0	0.1	0	0.0000	0.0000	0.00	
16:27:54	0	0.1	0	0.0000	0.0000	0.00	
16:27:55	0	0.1	0	0.0000	0.0000	0.00	
16:27:56	0	0.1	0	0.0000	0.0000	0.00	
16:27:57	0	0.1	0	0.0000	0.0000	0.00	
16:27:58	0	0.1	0	0.0000	0.0000	0.00	
16:27:59	0	0.1	0	0.0000	0.0000	0.00	
16:28:00	0	0.1	0	0.0000	0.0000	0.00	
16:28:01	0	0.1	0	0.0000	0.0000	0.00	
16:28:02	0	0.1	0	0.0000	0.0000	0.00	
16:28:03	0	0.1	0	0.0000	0.0000	0.00	
16:28:04	0	0.1	0	0.0000	0.0000	0.00	
16:28:05	0	0.1	0	0.0000	0.0000	0.00	
16:28:06	0	0.1	0	0.0000	0.0000	0.00	
16:28:07	0	0.1	0	0.0000	0.0000	0.00	
16:28:08	0	0.1	0	0.0000	0.0000	0.00	
16:28:09	0	0.1	0	0.1000	0.0000	0.00	
16:28:10	0	0.1	0	0.1000	0.0000	0.00	
16:28:11	0	0.1	0	0.0000	0.0000	0.00	
16:28:12	0	0.1	0	0.1000	0.0000	0.00	
16:28:13	0	0.1	0	0.2000	0.0000	0.00	
16:28:14	0	0.1	0	0.3000	0.0000	0.00	
16:28:15	0	0.1	0	0.7000	0.0000	0.00	
16:28:16	0	0.1	0	0.5000	0.0000	0.00	
16:28:17	0	0.1	0	0.1000	0.0000	0.00	
16:28:18	0	0.1	0	0.0000	0.0000	0.00	
16:28:19	0	0.1	0	0.0000	0.0000	0.00	
16:28:20	0	0.1	0	0.0000	0.0000	0.00	
16:28:21	0	0.1	0	0.0000	0.0000	0.00	
16:28:22	0	0.1	0	0.0000	0.0000	0.00	
16:28:23	0	0.1	0	0.0000	0.0000	0.00	
16:28:24	0	0.1	0	0.0000	0.0000	0.00	
16:28:25	0	0.1	0	0.0000	0.0000	0.00	
16:28:26	0	0.1	0	0.0000	0.0000	0.00	
16:28:27	0	0.1	0	0.0000	0.0000	0.00	
16:28:28	0	0.1	0	0.0000	0.0000	0.00	
16:28:29	0	0.1	0	0.0000	0.0000	0.00	
16:28:30	0	0.1	0	0.0000	0.0000	0.00	
16:28:31	0	0.1	0	0.0000	0.0000	0.00	
16:28:32	0	0.1	0	0.0000	0.0000	0.00	
16:28:33	0	0.1	0	0.0000	0.0000	0.00	
16:28:34	0	0.1	0	0.0000	0.0000	0.00	
16:28:35	0	0.1	0	0.0000	0.0000	0.00	
16:28:36	0	0.1	0	0.0000	0.0000	0.00	
16:28:37	0	0.1	0	0.0000	0.0000	0.00	
16:28:38	0	0.1	0	0.0000	0.0000	0.00	
16:28:39	0	0.1	0	0.0000	0.0000	0.00	
16:28:40	0	0.1	0	0.0000	0.0000	0.00	
16:28:41	0	0.1	0	0.0000	0.0000	0.00	
16:28:42	0	0.1	0	0.0000	0.0000	0.00	
16:28:43	0	0.1	0	0.0000	0.1000	0.00	
16:28:44	0	0.1	0	0.2000	0.3000	66.67	
16:28:45	0	0.1	1	1.0000	0.8000	125.00	
16:28:46	0	0.5	1	1.5000	1.1000	136.36	
16:28:47	0	1.1	1	1.7000	1.2000	141.67	
16:28:48	0	1.7	2	1.7000	1.2000	141.67	
16:28:49	0	2.3	2	1.6000	1.4000	114.29	
16:28:50	0	3.0	3	1.7000	1.4000	121.43	
16:28:51	0	3.5	3	1.6000	1.2000	133.33	
16:28:52	0	4.2	3	1.4000	1.2000	116.67	
16:28:53	0	4.9	4	1.4000	1.2000	116.67	
16:28:54	0	5.4	4	1.5000	1.2000	125.00	
16:28:55	0	6.0	4	1.4000	1.2000	116.67	
16:28:56	0	6.7	5	1.4000	1.2000	116.67	
16:28:57	0	7.4	5	1.4000	1.2000	116.67	
16:28:58	0	7.9	5	1.4000	1.2000	116.67	
16:28:59	0	8.6	6	1.3000	1.2000	108.33	
16:29:00	0	9.0	6	1.3000	1.2000	108.33	
16:29:01	0	9.7	6	1.2000	1.2000	100.00	
16:29:02	0	10.4	7	1.2000	1.1000	109.09	
16:29:03	0	10.9	7	1.3000	1.2000	108.33	
16:29:04	0	11.7	7	1.3000	1.2000	108.33	
16:29:05	0	12.4	8	1.4000	1.2000	116.67	
16:29:06	0	13.2	8	1.4000	1.2000	116.67	
16:29:07	0	13.7	8	1.3000	1.2000	108.33	
16:29:08	0	14.5	9	1.2000	1.2000	100.00	
16:29:09	0	15.1	9	1.4000	1.2000	116.67	
16:29:10	0	15.8	9	1.4000	1.2000	116.67	
16:29:11	0	16.6	10	1.3000	1.2000	108.33	
16:29:12	0	17.3	10	1.3000	1.2000	108.33	
16:29:13	0	18.0	10	1.3000	1.2000	108.33	
16:29:14	0	18.5	11	1.2000	1.1000	109.09	
16:29:15	0	19.0	11	1.2000	1.2000	100.00	
16:29:16	0	19.6	11	1.3000	1.2000	108.33	
16:29:17	0	20.2	12	1.4000	1.2000	116.67	
16:29:18	0	20.8	12	1.4000	1.2000	116.67	
16:29:19	0	21.4	12	1.4000	1.2000	116.67	
16:29:20	0	22.0	13	1.4000	1.2000	116.67	
16:29:21	0	22.5	13	1.4000	1.2000	116.67	
16:29:22	0	23.0	13	1.2000	1.2000	100.00	
16:29:23	0	23.6	14	1.2000	1.1000	109.09	
16:29:24	0	24.2	14	1.4000	1.2000	116.67	
16:29:25	0	24.9	14	1.4000	1.2000	116.67	
16:29:26	0	25.5	15	1.4000	1.2000	116.67	
16:29:27	0	26.1	15	1.3000	1.1000	118.18	
16:29:28	0	26.8	15	1.2000	1.1000	109.09	
16:29:29	0	27.5	16	1.2000	1.1000	109.09	
16:29:30	0	28.0	16	1.2000	1.1000	109.09	
16:29:31	0	28.6	16	1.2000	1.2000	100.00	
16:29:32	0	29.1	16	1.2000	1.2000	100.00	
16:29:33	0	29.8	17	1.2000	1.1000	109.09	
16:29:34	0	30.3	17	1.2000	1.1000	109.09	
16:29:35	0	31.0	17	1.2000	1.1000	109.09	
16:29:36	0	31.6	18	1.2000	1.1000	109.09	
16:29:37	0	32.1	18	1.2000	1.1000	109.09	
16:29:38	0	32.8	18	1.2000	1.1000	109.09	
16:29:39	0	33.4	19	1.2000	1.1000	109.09	
16:29:40	0	34.0	19	1.2000	1.1000	109.09	
16:29:41	0	34.6	19	1.1000	1.0000	110.00	
16:29:42	0	35.1	19	1.1000	1.0000	110.00	
16:29:43	0	35.6	20	1.2000	1.1000	109.09	
16:29:44	0	36.3	20	1.1000	1.0000	110.00	
16:29:45	0	36.8	20	1.0000	1.0000	100.00	
16:29:46	0	37.4	20	1.2000	1.0000	120.00	
16:29:47	0	37.9	21	1.2000	1.0000	120.00	
16:29:48	0	38.6	21	1.0000	1.0000	100.00	
16:29:49	0	39.2	21	1.1000	1.0000	110.00	
16:29:50	0	39.8	22	1.1000	1.0000	110.00	
16:29:51	0	40.3	22	1.1000	1.0000	110.00	
16:29:52	0	40.8	22	1.1000	1.1000	100.00	
16:29:53	0	41.4	22	1.1000	1.1000	100.00	
16:29:54	0	42.1	23	1.2000	1.0000	120.00	
16:29:55	0	42.7	23	1.2000	1.0000	120.00	
16:29:56	0	43.3	23	1.2000	1.1000	109.09	
16:29:57	0	43.9	24	1.2000	1.1000	109.09	
16:29:58	0	44.6	24	1.2000	1.1000	109.09	
16:29:59	0	45.2	24	1.2000	1.1000	109.09	
16:30:00	0	45.8	24	1.2000	1.1000	109.09	
16:30:01	0	46.4	25	1.2000	1.2000	100.00	
16:30:02	0	47.0	25	1.2000	1.2000	100.00	
16:30:03	0	47.7	25	1.1000	1.1000	100.00	
16:30:04	0	48.3	26	1.2000	1.1000	109.09	
16:30:05	0	48.9	26	1.2000	1.1000	109.09	
16:30:06	0	49.4	26	1.2000	1.1000	109.09	
16:30:07	0	50.1	26	1.2000	1.1000	109.09	
16:30:08	0	50.6	27	1.2000	1.1000	109.09	
16:30:09	0	51.2	27	1.2000	1.1000	109.09	
16:30:10	0	51.8	27	1.2000	1.1000	109.09	
16:30:11	0	52.3	28	1.2000	1.1000	109.09	
16:30:12	0	52.9	28	1.2000	1.1000	109.09	
16:30:13	0	53.4	28	1.2000	1.1000	109.09	
16:30:14	0	54.0	29	1.2000	1.1000	109.09	
16:30:15	0	54.6	29	1.2000	1.0000	120.00	
16:30:16	0	55.1	29	1.1000	1.0000	110.00	
16:30:17	0	55.7	29	1.1000	1.0000	110.00	
16:30:18	0	56.3	30	1.1000	1.0000	110.00	
16:30:19	0	56.9	30	1.2000	1.0000	120.00	
16:30:20	0	57.5	30	1.1000	1.0000	110.00	
16:30:21	0	58.0	31	1.1000	1.0000	110.00	
16:30:22	0	58.5	31	1.1000	1.0000	110.00	
16:30:23	0	59.0	31	1.0000	1.0000	100.00	
16:30:24	0	59.6	31	1.1000	1.0000	110.00	
16:30:25	0	60.2	32	1.1000	0.8000	137.50	
16:30:26	0	60.8	32	1.0000	0.8000	125.00	
16:30:27	0	61.4	32	1.0000	1.0000	100.00	
16:30:28	0	62.0	32	1.1000	1.0000	110.00	
16:30:29	0	62.6	33	1.0000	1.0000	100.00	
16:30:30	0	63.2	33	1.0000	0.9000	111.11	
16:30:31	0	63.7	33	1.0000	1.0000	100.00	
16:30:32	0	64.3	33	1.0000	1.0000	100.00	
16:30:33	0	64.9	34	1.0000	0.9000	111.11	
16:30:34	0	65.5	34	1.0000	0.9000	111.11	
16:30:35	0	66.0	34	1.0000	0.9000	111.11	
16:30:36	0	66.5	34	1.0000	1.0000	100.00	
16:30:37	0	67.1	35	1.0000	0.9000	111.11	
16:30:38	0	67.6	35	1.0000	0.9000	111.11	
16:30:39	0	68.2	35	1.0000	1.0000	100.00	
16:30:40	0	68.8	35	1.0000	0.9000	111.11	
16:30:41	0	69.4	36	1.0000	0.9000	111.11	
16:30:42	0	70.0	36	0.9000	0.8000	112.50	
16:30:43	0	70.6	36	0.9000	0.8000	112.50	
16:30:44	0	71.2	36	1.0000	1.0000	100.00	
16:30:45	0	71.8	37	1.0000	1.0000	100.00	
16:30:46	0	72.4	37	0.9000	0.8000	112.50	
16:30:47	0	73.0	37	0.8000	0.8000	100.00	
16:30:48	0	73.5	37	0.9000	0.9000	100.00	
16:30:49	0	74.0	37	0.9000	0.9000	100.00	
16:30:50	0	74.6	38	0.9000	0.8000	112.50	
16:30:51	0	75.1	38	0.9000	0.9000	100.00	
16:30:52	0	75.8	38	0.8000	0.8000	100.00	
16:30:53	0	76.2	38	0.9000	0.8000	112.50	
16:30:54	0	76.7	39	0.9000	0.9000	100.00	
16:30:55	0	77.1	39	1.0000	0.9000	111.11	
16:30:56	0	77.7	39	1.1000	1.0000	110.00	
16:30:57	0	78.1	39	1.1000	1.0000	110.00	
16:30:58	0	78.6	40	1.1000	1.0000	110.00	
16:30:59	0	79.2	40	1.1000	1.0000	110.00	
16:31:00	0	79.6	40	1.2000	1.0000	120.00	
16:31:01	0	79.9	40	1.0000	1.0000	100.00	
16:31:02	0	80.4	41	0.9000	0.8000	112.50	
16:31:03	0	80.7	41	1.0000	0.8000	125.00	
16:31:04	0	81.3	41	0.9000	0.9000	100.00	
16:31:05	0	81.6	41	1.0000	1.0000	100.00	
16:31:06	0	82.1	42	1.0000	1.0000	100.00	
16:31:07	0	82.5	42	1.0000	1.0000	100.00	
16:31:08	0	83.0	42	1.1000	1.0000	110.00	
16:31:09	0	83.4	42	1.1000	0.9000	122.22	
16:31:10	0	83.9	43	1.1000	0.9000	122.22	
16:31:11	0	84.3	43	1.0000	1.0000	100.00	
16:31:12	0	84.7	43	1.0000	1.0000	100.00	
16:31:13	0	85.2	43	1.0000	1.0000	100.00	
16:31:14	0	85.6	44	1.1000	1.0000	110.00	
16:31:15	0	86.1	44	1.0000	1.0000	100.00	
16:31:16	0	86.5	44	1.1000	1.0000	110.00	
16:31:17	0	87.1	45	1.2000	1.0000	120.00	
16:31:18	0	87.6	45	1.2000	1.0000	120.00	
16:31:19	0	88.1	45	1.2000	1.0000	120.00	
16:31:20	0	88.6	45	1.2000	1.1000	109.09	
16:31:21	0	89.0	46	1.2000	1.0000	120.00	
16:31:22	0	89.3	46	1.1000	1.0000	110.00	
16:31:23	0	89.8	46	1.0000	1.0000	100.00	
16:31:24	0	90.3	46	1.1000	1.0000	110.00	
16:31:25	0	90.8	47	1.2000	1.0000	120.00	
16:31:26	0	91.3	47	1.2000	1.0000	120.00	
16:31:27	0	91.8	47	1.2000	1.0000	120.00	
16:31:28	0	92.2	48	1.2000	1.0000	120.00	
16:31:29	0	92.7	48	1.2000	1.0000	120.00	
16:31:30	0	93.1	48	1.2000	1.0000	120.00	
16:31:31	0	93.7	49	1.2000	1.0000	120.00	
16:31:32	0	94.1	49	1.2000	1.0000	120.00	
16:31:33	0	94.5	49	1.2000	1.0000	120.00	
16:31:34	0	95.0	49	1.2000	1.0000	120.00	
16:31:35	0	95.6	50	1.2000	1.1000	109.09	
16:31:36	0	95.9	50	1.2000	1.0000	120.00	
16:31:37	0	96.4	50	1.2000	1.0000	120.00	
16:31:38	0	96.8	51	1.2000	1.0000	120.00	
16:31:39	0	97.1	51	1.1000	1.0000	110.00	
16:31:40	0	97.7	51	1.1000	1.0000	110.00	
16:31:41	0	98.1	51	1.2000	1.0000	120.00	
16:31:42	0	98.6	52	1.2000	1.0000	120.00	
16:31:43	0	99.0	52	1.2000	1.0000	120.00	
16:31:44	0	99.3	52	1.2000	1.0000	120.00	
16:31:45	0	99.7	53	1.1000	1.0000	110.00	
16:31:46	0	100.0	53	1.1000	1.0000	110.00	
16:31:47	0	100.5	53	1.1000	1.0000	110.00	
16:31:48	0	100.9	53	1.2000	1.0000	120.00	
16:31:49	0	101.2	54	1.1000	1.0000	110.00	
16:31:50	0	101.6	54	1.1000	1.0000	110.00	
16:31:51	0	102.1	54	1.2000	1.0000	120.00	
16:31:52	0	102.5	55	1.2000	1.0000	120.00	
16:31:53	0	103.0	55	1.2000	1.1000	109.09	
16:31:54	0	103.5	55	1.2000	1.0000	120.00	
16:31:55	0	103.9	55	1.2000	1.0000	120.00	
16:31:56	0	104.2	56	1.2000	1.0000	120.00	
16:31:57	0	104.7	56	1.0000	1.0000	100.00	
16:31:58	0	105.0	56	1.2000	1.0000	120.00	
16:31:59	0	105.5	57	1.2000	1.0000	120.00	
16:32:00	0	105.8	57	1.0000	1.0000	100.00	
16:32:01	0	106.3	57	1.1000	1.0000	110.00	
16:32:02	0	106.8	57	1.2000	1.0000	120.00	
16:32:03	0	107.2	58	1.2000	1.0000	120.00	
16:32:04	0	107.6	58	1.2000	1.0000	120.00	
16:32:05	0	108.1	58	1.2000	1.0000	120.00	
16:32:06	0	108.4	59	1.2000	1.0000	120.00	
16:32:07	0	109.0	59	1.2000	1.0000	120.00	
16:32:08	0	109.4	59	1.2000	1.0000	120.00	
16:32:09	0	109.8	60	1.2000	1.0000	120.00	
16:32:10	0	110.2	60	1.2000	1.0000	120.00	
16:32:11	0	110.7	60	1.2000	1.0000	120.00	
16:32:12	0	111.0	60	1.2000	1.0000	120.00	
16:32:13	0	111.5	61	1.1000	1.0000	110.00	
16:32:14	0	111.8	61	1.1000	1.0000	110.00	
16:32:15	0	112.3	61	1.1000	1.0000	110.00	
16:32:16	0	112.7	62	1.2000	1.0000	120.00	
16:32:17	0	113.1	62	1.2000	1.0000	120.00	
16:32:18	0	113.5	62	1.1000	1.0000	110.00	
16:32:19	0	113.7	62	1.1000	1.0000	110.00	
16:32:20	0	114.2	63	1.1000	1.0000	110.00	
16:32:21	0	114.5	63	1.1000	1.0000	110.00	
16:32:22	0	114.9	63	1.1000	1.0000	110.00	
16:32:23	0	115.3	63	1.2000	1.0000	120.00	
16:32:24	0	115.7	64	1.1000	1.0000	110.00	
16:32:25	0	116.1	64	1.1000	1.0000	110.00	
16:32:26	0	116.4	64	1.2000	1.0000	120.00	
16:32:27	0	116.8	65	1.2000	1.0000	120.00	
16:32:28	0	117.2	65	1.2000	1.0000	120.00	
16:32:29	0	117.5	65	1.1000	0.9000	122.22	
16:32:30	0	117.9	65	1.1000	1.0000	110.00	
16:32:31	0	118.3	66	1.2000	1.0000	120.00	
16:32:32	0	118.8	66	1.2000	1.0000	120.00	
16:32:33	0	119.2	66	1.2000	1.0000	120.00	
16:32:34	0	119.7	67	1.2000	1.0000	120.00	
16:32:35	0	120.1	67	1.2000	1.0000	120.00	
16:32:36	0	120.4	67	1.2000	1.0000	120.00	
16:32:37	0	120.8	67	1.1000	1.0000	110.00	
16:32:38	0	121.2	68	1.0000	1.0000	100.00	
16:32:39	0	121.6	68	1.1000	1.0000	110.00	
16:32:40	0	122.0	68	1.1000	1.0000	110.00	
16:32:41	0	122.5	69	1.2000	1.0000	120.00	
16:32:42	0	122.8	69	1.2000	1.0000	120.00	
16:32:43	0	123.2	69	1.1000	1.0000	110.00	
16:32:44	0	123.7	69	1.0000	1.0000	100.00	
16:32:45	0	124.0	70	1.2000	1.0000	120.00	
16:32:46	0	124.4	70	1.1000	1.0000	110.00	
16:32:47	0	124.9	70	1.1000	1.0000	110.00	
16:32:48	0	125.2	71	1.2000	1.0000	120.00	
16:32:49	0	125.7	71	1.2000	1.0000	120.00	
16:32:50	0	126.1	71	1.2000	1.0000	120.00	
16:32:51	0	126.4	71	1.2000	1.0000	120.00	
16:32:52	0	126.8	72	1.1000	1.0000	110.00	
16:32:53	0	127.2	72	1.0000	1.0000	100.00	
16:32:54	0	127.6	72	1.1000	1.0000	110.00	
16:32:55	0	128.1	72	1.2000	1.0000	120.00	
16:32:56	0	128.5	73	1.2000	1.0000	120.00	
16:32:57	0	128.8	73	1.2000	1.0000	120.00	
16:32:58	0	129.2	73	1.1000	1.0000	110.00	
16:32:59	0	129.6	74	1.2000	1.0000	120.00	
16:33:00	0	130.0	74	1.2000	1.0000	120.00	
16:33:01	0	130.5	74	1.2000	1.0000	120.00	
16:33:02	0	130.8	75	1.2000	1.0000	120.00	
16:33:03	0	131.2	75	1.2000	1.0000	120.00	
16:33:04	0	131.6	75	1.1000	1.0000	110.00	
16:33:05	0	132.0	75	1.1000	1.0000	110.00	
16:33:06	0	132.5	76	1.1000	1.0000	110.00	
16:33:07	0	132.8	76	1.1000	1.0000	110.00	
16:33:08	0	133.3	76	1.1000	1.0000	110.00	
16:33:09	0	133.6	76	1.1000	1.0000	110.00	
16:33:10	0	134.1	77	1.1000	1.0000	110.00	
16:33:11	0	134.4	77	1.2000	1.0000	120.00	
16:33:12	0	134.9	77	1.1000	1.0000	110.00	
16:33:13	0	135.2	78	1.1000	1.0000	110.00	
16:33:14	0	135.6	78	1.2000	1.0000	120.00	
16:33:15	0	136.0	78	1.1000	1.0000	110.00	
16:33:16	0	136.4	78	1.2000	1.0000	120.00	
16:33:17	0	136.8	79	1.2000	1.0000	120.00	
16:33:18	0	137.1	79	1.1000	1.0000	110.00	
16:33:19	0	137.6	79	1.1000	1.0000	110.00	
16:33:20	0	138.1	80	1.2000	1.0000	120.00	
16:33:21	0	138.6	80	1.2000	1.0000	120.00	
16:33:22	0	138.8	80	1.2000	1.0000	120.00	
16:33:23	0	139.3	80	1.0000	1.0000	100.00	
16:33:24	0	139.7	81	1.0000	1.0000	100.00	
16:33:25	0	140.1	81	1.1000	1.0000	110.00	
16:33:26	0	140.5	81	1.0000	1.0000	100.00	
16:33:27	0	140.9	81	1.1000	1.0000	110.00	
16:33:28	0	141.3	82	1.2000	1.0000	120.00	
16:33:29	0	141.7	82	1.2000	1.0000	120.00	
16:33:30	0	141.9	82	1.1000	1.0000	110.00	
16:33:31	0	142.3	83	1.0000	1.0000	100.00	
16:33:32	0	142.8	83	1.0000	1.0000	100.00	
16:33:33	0	143.3	83	1.1000	0.9000	122.22	
16:33:34	0	143.7	83	1.1000	0.9000	122.22	
16:33:35	0	144.1	84	1.1000	1.0000	110.00	
16:33:36	0	144.4	84	1.0000	0.9000	111.11	
16:33:37	0	144.8	84	1.1000	0.9000	122.22	
16:33:38	0	145.2	84	1.2000	1.0000	120.00	
16:33:39	0	145.6	85	1.2000	1.0000	120.00	
16:33:40	0	146.1	85	1.2000	1.0000	120.00	
16:33:41	0	146.3	85	1.1000	1.0000	110.00	
16:33:42	0	146.8	86	1.0000	1.0000	100.00	
16:33:43	0	147.2	86	1.1000	1.0000	110.00	
16:33:44	0	147.5	86	1.2000	1.0000	120.00	
16:33:45	0	147.9	86	1.1000	1.0000	110.00	
16:33:46	0	148.3	87	1.0000	0.9000	111.11	
16:33:47	0	148.9	87	1.0000	0.9000	111.11	
16:33:48	0	149.2	87	1.2000	0.9000	133.33	
16:33:49	0	149.6	87	1.1000	0.9000	122.22	
16:33:50	0	149.9	88	1.0000	1.0000	100.00	
16:33:51	0	150.3	88	1.0000	0.9000	111.11	
16:33:52	0	150.8	88	1.0000	0.9000	111.11	
16:33:53	0	151.2	89	1.2000	1.0000	120.00	
16:33:54	0	151.5	89	1.2000	1.0000	120.00	
16:33:55	0	151.9	89	1.1000	1.0000	110.00	
16:33:56	0	152.2	89	1.1000	0.9000	122.22	
16:33:57	0	152.6	90	1.1000	0.9000	122.22	
16:33:58	0	153.0	90	1.2000	1.0000	120.00	
16:33:59	0	153.5	90	1.1000	1.0000	110.00	
16:34:00	0	153.9	90	1.0000	1.0000	100.00	
16:34:01	0	154.3	91	1.1000	1.0000	110.00	
16:34:02	0	154.7	91	1.1000	1.0000	110.00	
16:34:03	0	155.0	91	1.1000	1.0000	110.00	
16:34:04	0	155.4	92	1.1000	1.0000	110.00	
16:34:05	0	155.7	92	1.1000	1.0000	110.00	
16:34:06	0	156.1	92	1.2000	1.0000	120.00	
16:34:07	0	156.6	92	1.2000	1.0000	120.00	
16:34:08	0	156.9	93	1.2000	1.0000	120.00	
16:34:09	0	157.4	93	1.1000	0.9000	122.22	
16:34:10	0	157.7	93	1.1000	0.9000	122.22	
16:34:11	0	158.1	94	1.1000	1.0000	110.00	
16:34:12	0	158.4	94	1.0000	1.0000	100.00	
16:34:13	0	158.8	94	1.1000	1.0000	110.00	
16:34:14	0	159.2	94	1.0000	0.9000	111.11	
16:34:15	0	159.5	95	1.1000	0.9000	122.22	
16:34:16	0	159.9	95	1.2000	1.0000	120.00	
16:34:17	0	160.2	95	1.1000	1.0000	110.00	
16:34:18	0	160.6	95	1.0000	0.9000	111.11	
16:34:19	0	160.9	96	1.0000	0.9000	111.11	
16:34:20	0	161.5	96	1.1000	0.9000	122.22	
16:34:21	0	161.7	96	1.2000	0.9000	133.33	
16:34:22	0	162.1	96	1.0000	0.9000	111.11	
16:34:23	0	162.5	97	1.0000	0.9000	111.11	
16:34:24	0	162.9	97	1.1000	1.0000	110.00	
16:34:25	0	163.3	97	1.1000	1.0000	110.00	
16:34:26	0	163.6	98	1.2000	1.0000	120.00	
16:34:27	0	164.0	98	1.1000	1.0000	110.00	
16:34:28	0	164.4	98	1.1000	1.0000	110.00	
16:34:29	0	164.9	98	1.2000	1.0000	120.00	
16:34:30	0	165.3	99	1.2000	1.0000	120.00	
16:34:31	0	165.8	99	1.2000	1.0000	120.00	
16:34:32	0	166.2	99	1.2000	1.0000	120.00	
16:34:33	0	166.5	100	1.1000	1.0000	110.00	
16:34:34	0	166.9	100	1.1000	1.0000	110.00	
16:34:35	0	167.3	100	1.1000	1.0000	110.00	
16:34:36	0	167.6	100	1.1000	1.0000	110.00	
16:34:37	0	168.0	101	1.1000	1.0000	110.00	
16:34:38	0	168.3	101	1.0000	0.9000	111.11	
16:34:39	0	168.7	101	1.1000	0.9000	122.22	
16:34:40	0	169.0	101	1.1000	1.0000	110.00	
16:34:41	0	169.4	102	1.1000	0.9000	122.22	
16:34:42	0	169.6	102	1.1000	0.9000	122.22	
16:34:43	0	170.1	102	1.0000	1.0000	100.00	
16:34:44	0	170.4	103	1.1000	1.0000	110.00	
16:34:45	0	170.9	103	1.1000	0.9000	122.22	
16:34:46	0	171.1	103	1.1000	0.9000	122.22	
16:34:47	0	171.4	103	1.0000	1.0000	100.00	
16:34:48	0	171.8	104	1.1000	1.0000	110.00	
16:34:49	0	172.2	104	1.2000	1.0000	120.00	
16:34:50	0	172.5	104	1.1000	0.9000	122.22	
16:34:51	0	172.8	104	1.1000	0.9000	122.22	
16:34:52	0	173.2	105	1.0000	1.0000	100.00	
16:34:53	0	173.6	105	1.1000	1.0000	110.00	
16:34:54	0	174.0	105	1.2000	1.0000	120.00	
16:34:55	0	174.4	106	1.1000	0.9000	122.22	
16:34:56	0	174.8	106	1.1000	0.9000	122.22	
16:34:57	0	175.1	106	1.1000	1.0000	110.00	
16:34:58	0	175.3	106	1.1000	0.9000	122.22	
16:34:59	0	175.8	107	1.0000	0.9000	111.11	
16:35:00	0	176.2	107	1.0000	1.0000	100.00	
16:35:01	0	176.5	107	1.1000	0.9000	122.22	
16:35:02	0	176.9	107	1.1000	0.9000	122.22	
16:35:03	0	177.3	108	1.1000	0.9000	122.22	
16:35:04	0	177.5	108	1.1000	1.0000	110.00	
16:35:05	0	177.5	108	1.3000	1.1000	118.18	
16:35:06	0	177.1	109	1.7000	1.2000	141.67	
16:35:07	0	176.8	109	1.8000	1.5000	120.00	
16:35:08	0	176.7	110	1.6000	1.6000	100.00	
16:35:09	0	176.4	110	1.5000	1.5000	100.00	
16:35:10	0	176.2	110	1.5000	1.4000	107.14	
16:35:11	0	176.1	111	1.4000	1.4000	100.00	
16:35:12	0	175.7	111	1.7000	1.4000	121.43	
16:35:13	0	175.5	112	1.7000	1.4000	121.43	
16:35:14	0	175.3	112	1.6000	1.4000	114.29	
16:35:15	0	175.1	112	1.7000	1.4000	121.43	
16:35:16	0	175.0	113	1.6000	1.4000	114.29	
16:35:17	0	174.7	113	1.6000	1.4000	114.29	
16:35:18	0	174.6	114	1.6000	1.4000	114.29	
16:35:19	0	174.3	114	1.6000	1.5000	106.67	
16:35:20	0	174.1	114	1.6000	1.5000	106.67	
16:35:21	0	173.9	115	1.6000	1.5000	106.67	
16:35:22	0	173.7	115	1.7000	1.5000	113.33	
16:35:23	0	173.7	116	1.6000	1.4000	114.29	
16:35:24	0	173.4	116	1.7000	1.5000	113.33	
16:35:25	0	173.4	117	1.8000	1.5000	120.00	
16:35:26	0	173.2	117	1.8000	1.5000	120.00	
16:35:27	0	173.2	117	1.9000	1.6000	118.75	
16:35:28	0	173.0	118	1.8000	1.5000	120.00	
16:35:29	0	172.9	118	1.8000	1.5000	120.00	
16:35:30	0	172.9	119	1.7000	1.4000	121.43	
16:35:31	0	172.7	119	1.8000	1.5000	120.00	
16:35:32	0	172.6	120	1.8000	1.6000	112.50	
16:35:33	0	172.4	120	1.7000	1.4000	121.43	
16:35:34	0	172.3	121	1.8000	1.4000	128.57	
16:35:35	0	172.2	121	1.8000	1.4000	128.57	
16:35:36	0	172.1	121	1.7000	1.4000	121.43	
16:35:37	0	172.0	122	1.8000	1.5000	120.00	
16:35:38	0	172.0	122	1.8000	1.4000	128.57	
16:35:39	0	171.7	123	1.9000	1.5000	126.67	
16:35:40	0	171.7	123	1.8000	1.5000	120.00	
16:35:41	0	171.5	124	1.7000	1.4000	121.43	
16:35:42	0	171.4	124	1.7000	1.5000	113.33	
16:35:43	0	171.3	125	1.8000	1.5000	120.00	
16:35:44	0	171.0	125	2.0000	1.6000	125.00	
16:35:45	0	171.0	126	1.9000	1.6000	118.75	
16:35:46	0	171.0	126	1.8000	1.5000	120.00	
16:35:47	0	170.8	127	1.8000	1.5000	120.00	
16:35:48	0	170.9	127	1.6000	1.4000	114.29	
16:35:49	0	170.6	127	1.8000	1.4000	128.57	
16:35:50	0	170.6	128	1.8000	1.4000	128.57	
16:35:51	0	170.5	128	1.7000	1.4000	121.43	
16:35:52	0	170.7	129	1.7000	1.4000	121.43	
16:35:53	0	170.5	129	1.8000	1.4000	128.57	
16:35:54	0	170.8	130	1.8000	1.4000	128.57	
16:35:55	0	170.5	130	1.7000	1.4000	121.43	
16:35:56	0	170.4	130	1.7000	1.4000	121.43	
16:35:57	0	170.7	131	1.4000	1.3000	107.69	
16:35:58	0	170.5	131	1.5000	1.2000	125.00	
16:35:59	0	170.4	132	1.7000	1.4000	121.43	
16:36:00	0	170.4	132	1.7000	1.4000	121.43	
16:36:01	0	170.6	132	1.6000	1.3000	123.08	
16:36:02	0	170.4	133	1.5000	1.3000	115.38	
16:36:03	0	170.6	133	1.6000	1.3000	123.08	
16:36:04	0	170.3	134	1.7000	1.4000	121.43	
16:36:05	0	170.5	134	1.7000	1.4000	121.43	
16:36:06	0	170.4	134	1.6000	1.3000	123.08	
16:36:07	0	170.4	135	1.6000	1.4000	114.29	
16:36:08	0	170.5	135	1.6000	1.3000	123.08	
16:36:09	0	170.3	136	1.7000	1.4000	121.43	
16:36:10	0	170.4	136	1.8000	1.4000	128.57	
16:36:11	0	170.4	136	1.6000	1.4000	114.29	
16:36:12	0	170.5	137	1.6000	1.3000	123.08	
16:36:13	0	170.3	137	1.8000	1.4000	128.57	
16:36:14	0	170.3	138	1.8000	1.4000	128.57	
16:36:15	0	170.2	138	1.8000	1.4000	128.57	
16:36:16	0	170.2	139	1.8000	1.4000	128.57	
16:36:17	0	170.1	139	1.8000	1.4000	128.57	
16:36:18	0	170.2	140	1.7000	1.4000	121.43	
16:36:19	0	170.1	140	1.8000	1.4000	128.57	
16:36:20	0	170.1	140	1.8000	1.4000	128.57	
16:36:21	0	169.9	141	1.7000	1.4000	121.43	
16:36:22	0	169.9	141	1.8000	1.4000	128.57	
16:36:23	0	169.8	142	1.7000	1.4000	121.43	
16:36:24	0	169.8	142	1.7000	1.4000	121.43	
16:36:25	0	169.6	143	1.8000	1.4000	128.57	
16:36:26	0	169.5	143	1.8000	1.4000	128.57	
16:36:27	0	169.5	144	1.8000	1.4000	128.57	
16:36:28	0	169.5	144	1.7000	1.4000	121.43	
16:36:29	0	169.4	144	1.8000	1.4000	128.57	
16:36:30	0	169.3	145	1.7000	1.4000	121.43	
16:36:31	0	169.2	145	1.7000	1.4000	121.43	
16:36:32	0	169.2	146	1.7000	1.4000	121.43	
16:36:33	0	169.1	146	1.7000	1.4000	121.43	
16:36:34	0	169.0	147	1.7000	1.4000	121.43	
16:36:35	0	168.8	147	1.8000	1.4000	128.57	
16:36:36	0	168.8	147	1.8000	1.4000	128.57	
16:36:37	0	168.5	148	1.9000	1.4000	135.71	
16:36:38	0	168.4	148	1.8000	1.4000	128.57	
16:36:39	0	168.1	149	1.7000	1.4000	121.43	
16:36:40	0	168.0	149	2.0000	1.6000	125.00	
16:36:41	0	167.8	150	1.9000	1.6000	118.75	
16:36:42	0	167.6	150	1.8000	1.6000	112.50	
16:36:43	0	167.4	151	1.9000	1.6000	118.75	
16:36:44	0	167.3	151	1.7000	1.6000	106.25	
16:36:45	0	167.2	152	1.6000	1.4000	114.29	
16:36:46	0	167.0	152	1.8000	1.4000	128.57	
16:36:47	0	166.8	152	1.8000	1.5000	120.00	
16:36:48	0	166.6	153	1.7000	1.4000	121.43	
16:36:49	1	166.5	0	1.6000	1.4000	114.29	
16:36:50	1	166.3	0	1.8000	1.5000	120.00	
16:36:51	1	166.0	1	2.0000	1.5000	133.33	
16:36:52	1	165.9	1	1.8000	1.5000	120.00	
16:36:53	1	165.5	2	1.7000	1.4000	121.43	
16:36:54	1	165.3	2	1.6000	1.4000	114.29	
16:36:55	1	165.1	2	1.4000	1.4000	100.00	
16:36:56	1	164.8	3	1.6000	1.4000	114.29	
16:36:57	1	164.5	3	1.6000	1.4000	114.29	
16:36:58	1	164.4	4	1.4000	1.4000	100.00	
16:36:59	1	164.1	4	1.4000	1.5000	93.33	
16:37:00	1	164.1	4	1.6000	1.4000	114.29	
16:37:01	1	163.7	5	1.6000	1.4000	114.29	
16:37:02	1	163.5	5	1.6000	1.5000	106.67	
16:37:03	1	163.3	6	1.6000	1.5000	106.67	
16:37:04	1	163.1	6	1.6000	1.5000	106.67	
16:37:05	1	163.0	6	1.6000	1.5000	106.67	
16:37:06	1	162.8	7	1.5000	1.4000	107.14	
16:37:07	1	162.6	7	1.6000	1.4000	114.29	
16:37:08	1	162.4	8	1.6000	1.5000	106.67	
16:37:09	1	162.2	8	1.5000	1.5000	100.00	
16:37:10	1	161.9	8	1.6000	1.5000	106.67	
16:37:11	1	161.8	9	1.5000	1.5000	100.00	
16:37:12	1	161.6	9	1.5000	1.4000	107.14	
16:37:13	1	161.4	10	1.6000	1.4000	114.29	
16:37:14	1	161.2	10	1.5000	1.4000	107.14	
16:37:15	1	161.0	10	1.6000	1.5000	106.67	
16:37:16	1	160.8	11	1.6000	1.4000	114.29	
16:37:17	1	160.5	11	1.6000	1.4000	114.29	
16:37:18	1	160.4	11	1.6000	1.4000	114.29	
16:37:19	1	160.3	12	1.5000	1.4000	107.14	
16:37:20	1	159.9	12	1.6000	1.4000	114.29	
16:37:21	1	159.7	13	1.5000	1.4000	107.14	
16:37:22	1	159.4	13	1.6000	1.4000	114.29	
16:37:23	1	159.4	13	1.7000	1.4000	121.43	
16:37:24	1	159.2	14	1.4000	1.4000	100.00	
16:37:25	1	158.9	14	1.6000	1.5000	106.67	
16:37:26	1	158.8	15	1.6000	1.5000	106.67	
16:37:27	1	158.6	15	1.6000	1.4000	114.29	
16:37:28	1	158.5	15	1.7000	1.5000	113.33	
16:37:29	1	158.3	16	1.5000	1.4000	107.14	
16:37:30	1	158.0	16	1.6000	1.4000	114.29	
16:37:31	1	157.9	17	1.6000	1.4000	114.29	
16:37:32	1	157.5	17	1.6000	1.4000	114.29	
16:37:33	1	157.2	17	1.6000	1.6000	100.00	
16:37:34	1	157.1	18	1.4000	1.4000	100.00	
16:37:35	1	156.8	18	1.4000	1.4000	100.00	
16:37:36	1	156.6	19	1.6000	1.4000	114.29	
16:37:37	1	156.4	19	1.6000	1.3000	123.08	
16:37:38	1	156.1	19	1.6000	1.4000	114.29	
16:37:39	1	155.9	20	1.5000	1.4000	107.14	
16:37:40	1	155.6	20	1.5000	1.4000	107.14	
16:37:41	1	155.5	21	1.6000	1.4000	114.29	
16:37:42	1	155.2	21	1.6000	1.4000	114.29	
16:37:43	1	155.0	21	1.7000	1.4000	121.43	
16:37:44	1	154.9	22	1.5000	1.4000	107.14	
16:37:45	1	154.6	22	1.6000	1.4000	114.29	
16:37:46	1	154.5	22	1.6000	1.4000	114.29	
16:37:47	1	154.1	23	1.5000	1.4000	107.14	
16:37:48	1	153.9	23	1.6000	1.4000	114.29	
16:37:49	1	153.7	24	1.6000	1.4000	114.29	
16:37:50	1	153.5	24	1.7000	1.5000	113.33	
16:37:51	1	153.2	25	1.6000	1.5000	106.67	
16:37:52	1	153.0	25	1.4000	1.5000	93.33	
16:37:53	1	152.8	25	1.6000	1.5000	106.67	
16:37:54	1	152.6	26	1.7000	1.5000	113.33	
16:37:55	1	152.4	26	1.5000	1.5000	100.00	
16:37:56	1	152.1	27	1.6000	1.5000	106.67	
16:37:57	1	151.8	27	1.8000	1.6000	112.50	
16:37:58	1	151.7	27	1.6000	1.6000	100.00	
16:37:59	1	151.5	28	1.5000	1.5000	100.00	
16:38:00	1	151.2	28	1.6000	1.5000	106.67	
16:38:01	1	151.0	29	1.7000	1.5000	113.33	
16:38:02	1	150.6	29	1.7000	1.6000	106.25	
16:38:03	1	150.4	29	1.6000	1.6000	100.00	
16:38:04	1	150.1	30	1.5000	1.6000	93.75	
16:38:05	1	149.9	30	1.6000	1.5000	106.67	
16:38:06	1	149.6	31	1.6000	1.5000	106.67	
16:38:07	1	149.3	31	1.6000	1.5000	106.67	
16:38:08	1	149.0	31	1.6000	1.6000	100.00	
16:38:09	1	148.6	32	1.6000	1.6000	100.00	
16:38:10	1	148.4	32	1.5000	1.6000	93.75	
16:38:11	1	148.0	33	1.4000	1.6000	87.50	
16:38:12	1	147.8	33	1.4000	1.6000	87.50	
16:38:13	1	147.5	33	1.4000	1.6000	87.50	
16:38:14	1	147.3	34	1.6000	1.6000	100.00	
16:38:15	1	146.9	34	1.6000	1.6000	100.00	
16:38:16	1	146.6	34	1.5000	1.6000	93.75	
16:38:17	1	146.4	35	1.4000	1.6000	87.50	
16:38:18	1	146.1	35	1.7000	1.6000	106.25	
16:38:19	1	145.8	36	1.7000	1.7000	100.00	
16:38:20	1	145.5	36	1.6000	1.6000	100.00	
16:38:21	1	145.1	37	1.8000	1.6000	112.50	
16:38:22	1	145.0	37	1.7000	1.6000	106.25	
16:38:23	1	144.7	37	1.6000	1.6000	100.00	
16:38:24	1	144.4	38	1.6000	1.6000	100.00	
16:38:25	1	144.4	38	1.5000	1.4000	107.14	
16:38:26	1	144.0	39	1.7000	1.4000	121.43	
16:38:27	1	143.7	39	1.7000	1.6000	106.25	
16:38:28	1	143.3	39	1.6000	1.6000	100.00	
16:38:29	1	143.0	40	1.6000	1.6000	100.00	
16:38:30	1	142.8	40	1.6000	1.6000	100.00	
16:38:31	1	142.4	41	1.6000	1.5000	106.67	
16:38:32	1	142.4	41	1.4000	1.4000	100.00	
16:38:33	1	141.8	41	1.6000	1.6000	100.00	
16:38:34	1	141.8	42	1.6000	1.6000	100.00	
16:38:35	1	141.5	42	1.4000	1.4000	100.00	
16:38:36	1	141.3	43	1.6000	1.5000	106.67	
16:38:37	1	141.1	43	1.5000	1.4000	107.14	
16:38:38	1	140.7	43	1.7000	1.5000	113.33	
16:38:39	1	140.4	44	1.8000	1.6000	112.50	
16:38:40	1	140.0	44	1.5000	1.5000	100.00	
16:38:41	1	140.0	44	1.4000	1.4000	100.00	
16:38:42	1	139.7	45	1.5000	1.4000	107.14	
16:38:43	1	139.4	45	1.6000	1.4000	114.29	
16:38:44	1	138.9	46	1.6000	1.4000	114.29	
16:38:45	1	138.8	46	1.4000	1.5000	93.33	
16:38:46	1	138.6	46	1.2000	1.4000	85.71	
16:38:47	1	138.2	47	1.5000	1.4000	107.14	
16:38:48	1	137.8	47	1.6000	1.6000	100.00	
16:38:49	1	137.5	47	1.4000	1.6000	87.50	
16:38:50	1	137.1	48	1.4000	1.6000	87.50	
16:38:51	1	136.9	48	1.4000	1.5000	93.33	
16:38:52	1	136.4	49	1.4000	1.5000	93.33	
16:38:53	1	136.2	49	1.4000	1.6000	87.50	
16:38:54	1	135.9	49	1.5000	1.5000	100.00	
16:38:55	1	135.6	50	1.5000	1.5000	100.00	
16:38:56	1	135.2	50	1.4000	1.6000	87.50	
16:38:57	1	134.9	50	1.4000	1.5000	93.33	
16:38:58	1	134.5	51	1.6000	1.5000	106.67	
16:38:59	1	134.2	51	1.6000	1.6000	100.00	
16:39:00	1	133.8	52	1.4000	1.5000	93.33	
16:39:01	1	133.5	52	1.5000	1.6000	93.75	
16:39:02	1	133.1	52	1.4000	1.6000	87.50	
16:39:03	1	132.7	53	1.4000	1.6000	87.50	
16:39:04	1	132.4	53	1.6000	1.6000	100.00	
16:39:05	1	132.2	53	1.5000	1.6000	93.75	
16:39:06	1	131.8	54	1.6000	1.6000	100.00	
16:39:07	1	131.5	54	1.6000	1.6000	100.00	
16:39:08	2	131.0	0	1.6000	1.6000	100.00	
16:39:09	2	130.6	0	1.6000	1.6000	100.00	
16:39:10	2	130.2	1	1.5000	1.6000	93.75	
16:39:11	2	129.9	1	1.4000	1.6000	87.50	
16:39:12	2	129.7	1	1.4000	1.5000	93.33	
16:39:13	2	129.3	2	1.6000	1.6000	100.00	
16:39:14	2	129.0	2	1.6000	1.6000	100.00	
16:39:15	2	128.7	3	1.6000	1.6000	100.00	
16:39:16	2	128.3	3	1.6000	1.6000	100.00	
16:39:17	2	128.0	3	1.4000	1.6000	87.50	
16:39:18	2	127.5	4	1.5000	1.6000	93.75	
16:39:19	2	127.2	4	1.7000	1.6000	106.25	
16:39:20	2	126.8	5	1.6000	1.6000	100.00	
16:39:21	2	126.5	5	1.5000	1.6000	93.75	
16:39:22	2	126.1	5	1.6000	1.6000	100.00	
16:39:23	2	125.8	6	1.6000	1.6000	100.00	
16:39:24	2	125.6	6	1.4000	1.6000	87.50	
16:39:25	2	125.3	7	1.6000	1.6000	100.00	
16:39:26	2	125.0	7	1.5000	1.6000	93.75	
16:39:27	2	124.7	7	1.5000	1.6000	93.75	
16:39:28	2	124.2	8	1.7000	1.7000	100.00	
16:39:29	2	123.9	8	1.6000	1.6000	100.00	
16:39:30	2	123.5	8	1.6000	1.6000	100.00	
16:39:31	2	123.0	9	1.6000	1.8000	88.89	
16:39:32	2	122.7	9	1.4000	1.6000	87.50	
16:39:33	2	122.5	10	1.5000	1.6000	93.75	
16:39:34	2	122.1	10	1.6000	1.6000	100.00	
16:39:35	2	121.7	11	1.8000	1.7000	105.88	
16:39:36	2	121.4	11	1.7000	1.8000	94.44	
16:39:37	2	121.1	11	1.5000	1.7000	88.24	
16:39:38	2	120.7	12	1.6000	1.6000	100.00	
16:39:39	2	120.4	12	1.6000	1.6000	100.00	
16:39:40	2	120.0	12	1.6000	1.6000	100.00	
16:39:41	2	119.7	13	1.6000	1.6000	100.00	
16:39:42	2	119.3	13	1.5000	1.7000	88.24	
16:39:43	2	119.1	14	1.5000	1.7000	88.24	
16:39:44	2	118.7	14	1.6000	1.7000	94.12	
16:39:45	2	118.3	14	1.5000	1.7000	88.24	
16:39:46	2	117.9	15	1.5000	1.6000	93.75	
16:39:47	2	117.6	15	1.6000	1.6000	100.00	
16:39:48	2	117.1	16	1.6000	1.7000	94.12	
16:39:49	2	116.8	16	1.6000	1.7000	94.12	
16:39:50	2	116.4	16	1.6000	1.6000	100.00	
16:39:51	2	116.1	17	1.6000	1.6000	100.00	
16:39:52	2	115.7	17	1.5000	1.6000	93.75	
16:39:53	2	115.2	18	1.5000	1.6000	93.75	
16:39:54	2	114.8	18	1.6000	1.6000	100.00	
16:39:55	2	114.4	18	1.5000	1.6000	93.75	
16:39:56	2	114.1	19	1.5000	1.6000	93.75	
16:39:57	2	113.7	19	1.7000	1.7000	100.00	
16:39:58	2	113.5	19	1.6000	1.6000	100.00	
16:39:59	2	113.0	20	1.6000	1.6000	100.00	
16:40:00	2	112.6	20	1.6000	1.7000	94.12	
16:40:01	2	112.2	21	1.5000	1.6000	93.75	
16:40:02	2	111.7	21	1.6000	1.6000	100.00	
16:40:03	2	111.5	21	1.5000	1.6000	93.75	
16:40:04	2	111.0	22	1.6000	1.6000	100.00	
16:40:05	2	110.8	22	1.7000	1.6000	106.25	
16:40:06	2	110.4	23	1.6000	1.5000	106.67	
16:40:07	2	110.1	23	1.6000	1.6000	100.00	
16:40:08	2	109.7	23	1.6000	1.6000	100.00	
16:40:09	2	109.3	24	1.7000	1.6000	106.25	
16:40:10	2	109.0	24	1.6000	1.6000	100.00	
16:40:11	2	108.6	25	1.6000	1.6000	100.00	
16:40:12	2	108.2	25	1.6000	1.6000	100.00	
16:40:13	2	107.8	26	1.6000	1.7000	94.12	
16:40:14	2	107.5	26	1.5000	1.6000	93.75	
16:40:15	2	107.1	26	1.5000	1.6000	93.75	
16:40:16	2	106.8	27	1.5000	1.6000	93.75	
16:40:17	2	106.6	27	1.4000	1.6000	87.50	
16:40:18	2	106.0	27	1.6000	1.7000	94.12	
16:40:19	2	105.7	28	1.4000	1.6000	87.50	
16:40:20	2	105.3	28	1.4000	1.6000	87.50	
16:40:21	2	104.8	29	1.6000	1.6000	100.00	
16:40:22	2	104.6	29	1.4000	1.5000	93.33	
16:40:23	2	104.2	29	1.5000	1.4000	107.14	
16:40:24	2	103.8	30	1.6000	1.5000	106.67	
16:40:25	2	103.4	30	1.5000	1.6000	93.75	
16:40:26	2	102.9	30	1.5000	1.6000	93.75	
16:40:27	2	102.5	31	1.4000	1.6000	87.50	
16:40:28	2	102.4	31	1.4000	1.4000	100.00	
16:40:29	2	102.0	32	1.6000	1.4000	114.29	
16:40:30	2	101.7	32	1.7000	1.6000	106.25	
16:40:31	2	101.3	32	1.6000	1.6000	100.00	
16:40:32	2	101.0	33	1.5000	1.6000	93.75	
16:40:33	2	100.7	33	1.4000	1.5000	93.33	
16:40:34	2	100.3	33	1.6000	1.6000	100.00	
16:40:35	2	100.2	34	1.4000	1.6000	87.50	
16:40:36	2	99.7	34	1.5000	1.4000	107.14	
16:40:37	2	99.5	35	1.6000	1.5000	106.67	
16:40:38	2	99.0	35	1.5000	1.5000	100.00	
16:40:39	2	98.7	35	1.5000	1.5000	100.00	
16:40:40	2	98.4	36	1.5000	1.5000	100.00	
16:40:41	2	98.2	36	1.6000	1.5000	106.67	
16:40:42	2	97.8	37	1.6000	1.6000	100.00	
16:40:43	2	97.3	37	1.6000	1.6000	100.00	
16:40:44	3	97.2	0	1.3000	1.5000	86.67	
16:40:45	3	96.8	0	1.4000	1.6000	87.50	
16:40:46	3	96.5	1	1.5000	1.4000	107.14	
16:40:47	3	96.0	1	1.5000	1.4000	107.14	
16:40:48	3	95.7	1	1.4000	1.5000	93.33	
16:40:49	3	95.4	2	1.3000	1.4000	92.86	
16:40:50	3	95.1	2	1.5000	1.4000	107.14	
16:40:51	3	94.9	2	1.3000	1.3000	100.00	
16:40:52	3	94.4	3	1.5000	1.4000	107.14	
16:40:53	3	94.0	3	1.6000	1.6000	100.00	
16:40:54	3	93.6	3	1.3000	1.4000	92.86	
16:40:55	3	93.2	4	1.4000	1.4000	100.00	
16:40:56	3	93.0	4	1.4000	1.4000	100.00	
16:40:57	3	92.5	5	1.5000	1.4000	107.14	
16:40:58	3	92.2	5	1.6000	1.4000	114.29	
16:40:59	3	91.8	5	1.5000	1.4000	107.14	
16:41:00	3	91.4	6	1.5000	1.5000	100.00	
16:41:01	3	91.1	6	1.5000	1.5000	100.00	
16:41:02	3	90.7	6	1.6000	1.5000	106.67	
16:41:03	3	90.6	7	1.4000	1.4000	100.00	
16:41:04	3	90.2	7	1.5000	1.4000	107.14	
16:41:05	3	89.8	8	1.7000	1.6000	106.25	
16:41:06	3	89.5	8	1.6000	1.6000	100.00	
16:41:07	3	89.1	8	1.4000	1.6000	87.50	
16:41:08	3	88.8	9	1.5000	1.6000	93.75	
16:41:09	3	88.5	9	1.6000	1.6000	100.00	
16:41:10	3	88.1	10	1.6000	1.6000	100.00	
16:41:11	3	87.7	10	1.6000	1.6000	100.00	
16:41:12	3	87.4	10	1.3000	1.6000	81.25	
16:41:13	3	87.0	11	1.4000	1.6000	87.50	
16:41:14	3	86.6	11	1.6000	1.5000	106.67	
16:41:15	3	86.3	11	1.5000	1.5000	100.00	
16:41:16	3	85.8	12	1.6000	1.5000	106.67	
16:41:17	3	85.5	12	1.4000	1.4000	100.00	
16:41:18	3	85.1	13	1.5000	1.5000	100.00	
16:41:19	3	84.8	13	1.6000	1.6000	100.00	
16:41:20	3	84.3	13	1.5000	1.5000	100.00	
16:41:21	3	83.9	14	1.5000	1.6000	93.75	
16:41:22	3	83.7	14	1.4000	1.5000	93.33	
16:41:23	3	83.3	14	1.6000	1.5000	106.67	
16:41:24	3	83.0	15	1.6000	1.6000	100.00	
16:41:25	3	82.6	15	1.5000	1.6000	93.75	
16:41:26	3	82.0	16	1.6000	1.6000	100.00	
16:41:27	3	81.8	16	1.4000	1.5000	93.33	
16:41:28	3	81.4	16	1.4000	1.5000	93.33	
16:41:29	3	81.1	17	1.4000	1.6000	87.50	
16:41:30	3	80.6	17	1.4000	1.6000	87.50	
16:41:31	3	80.1	17	1.4000	1.6000	87.50	
16:41:32	3	79.7	18	1.2000	1.6000	75.00	
16:41:33	3	79.3	18	1.3000	1.6000	81.25	
16:41:34	3	79.0	18	1.3000	1.6000	81.25	
16:41:35	3	78.6	19	1.5000	1.6000	93.75	
16:41:36	3	78.3	19	1.5000	1.6000	93.75	
16:41:37	3	77.9	19	1.4000	1.5000	93.33	
16:41:38	3	77.4	20	1.6000	1.6000	100.00	
16:41:39	3	77.1	20	1.4000	1.6000	87.50	
16:41:40	3	76.6	21	1.4000	1.6000	87.50	
16:41:41	3	76.2	21	1.5000	1.6000	93.75	
16:41:42	3	75.7	21	1.4000	1.6000	87.50	
16:41:43	3	75.5	22	1.3000	1.5000	86.67	
16:41:44	3	74.9	22	1.6000	1.6000	100.00	
16:41:45	3	74.6	22	1.6000	1.6000	100.00	
16:41:46	3	74.2	23	1.4000	1.6000	87.50	
16:41:47	3	73.8	23	1.4000	1.6000	87.50	
16:41:48	3	73.6	23	1.3000	1.4000	92.86	
16:41:49	3	73.1	24	1.5000	1.5000	100.00	
16:41:50	3	72.6	24	1.6000	1.6000	100.00	
16:41:51	3	72.1	25	1.5000	1.6000	93.75	
16:41:52	3	71.9	25	1.4000	1.6000	87.50	
16:41:53	3	71.5	25	1.5000	1.5000	100.00	
16:41:54	3	71.2	26	1.6000	1.5000	106.67	
16:41:55	3	70.7	26	1.6000	1.6000	100.00	
16:41:56	3	70.5	26	1.4000	1.6000	87.50	
16:41:57	3	70.2	27	1.4000	1.6000	87.50	
16:41:58	3	69.8	27	1.6000	1.6000	100.00	
16:41:59	3	69.4	28	1.6000	1.5000	106.67	
16:42:00	3	69.0	28	1.4000	1.6000	87.50	
16:42:01	3	68.7	28	1.3000	1.5000	86.67	
16:42:02	3	68.3	29	1.5000	1.5000	100.00	
16:42:03	3	67.9	29	1.6000	1.6000	100.00	
16:42:04	3	67.3	29	1.3000	1.6000	81.25	
16:42:05	3	67.0	30	1.1000	1.4000	78.57	
16:42:06	3	66.7	30	1.2000	1.4000	85.71	
16:42:07	3	66.1	30	1.5000	1.5000	100.00	
16:42:08	3	65.7	31	1.4000	1.5000	93.33	
16:42:09	3	65.2	31	1.4000	1.5000	93.33	
16:42:10	3	64.7	31	1.3000	1.6000	81.25	
16:42:11	3	64.4	32	1.2000	1.4000	85.71	
16:42:12	3	63.8	32	1.6000	1.5000	106.67	
16:42:13	3	63.6	32	1.6000	1.6000	100.00	
16:42:14	4	63.2	0	1.4000	1.5000	93.33	
16:42:15	4	62.8	0	1.6000	1.5000	106.67	
16:42:16	4	62.4	1	1.5000	1.5000	100.00	
16:42:17	4	61.8	1	1.4000	1.6000	87.50	
16:42:18	4	61.4	1	1.3000	1.6000	81.25	
16:42:19	4	61.0	2	1.2000	1.4000	85.71	
16:42:20	4	60.6	2	1.4000	1.5000	93.33	
16:42:21	4	60.1	2	1.4000	1.6000	87.50	
16:42:22	4	59.6	3	1.4000	1.6000	87.50	
16:42:23	4	59.4	3	1.4000	1.6000	87.50	
16:42:24	4	58.9	3	1.4000	1.6000	87.50	
16:42:25	4	58.5	4	1.6000	1.6000	100.00	
16:42:26	4	58.1	4	1.5000	1.6000	93.75	
16:42:27	4	57.7	4	1.3000	1.6000	81.25	
16:42:28	4	57.3	5	1.4000	1.6000	87.50	
16:42:29	4	56.7	5	1.4000	1.6000	87.50	
16:42:30	4	56.2	6	1.4000	1.7000	82.35	
16:42:31	4	55.8	6	1.4000	1.6000	87.50	
16:42:32	4	55.3	6	1.4000	1.6000	87.50	
16:42:33	4	54.8	7	1.5000	1.6000	93.75	
16:42:34	4	54.4	7	1.4000	1.5000	93.33	
16:42:35	4	53.9	7	1.5000	1.6000	93.75	
16:42:36	4	53.4	8	1.5000	1.6000	93.75	
16:42:37	4	52.9	8	1.4000	1.5000	93.33	
16:42:38	4	52.5	8	1.5000	1.5000	100.00	
16:42:39	4	52.0	9	1.5000	1.5000	100.00	
16:42:40	4	51.5	9	1.5000	1.5000	100.00	
16:42:41	4	51.1	10	1.5000	1.5000	100.00	
16:42:42	4	50.6	10	1.5000	1.5000	100.00	
16:42:43	4	50.3	10	1.6000	1.5000	106.67	
16:42:44	4	49.7	11	1.6000	1.6000	100.00	
16:42:45	4	49.3	11	1.6000	1.6000	100.00	
16:42:46	4	48.7	12	1.6000	1.7000	94.12	
16:42:47	4	48.3	12	1.4000	1.7000	82.35	
16:42:48	4	47.8	12	1.5000	1.6000	93.75	
16:42:49	4	47.4	13	1.5000	1.6000	93.75	
16:42:50	4	47.0	13	1.5000	1.6000	93.75	
16:42:51	4	46.4	13	1.6000	1.6000	100.00	
16:42:52	4	46.0	14	1.6000	1.5000	106.67	
16:42:53	4	45.6	14	1.6000	1.6000	100.00	
16:42:54	4	45.2	15	1.7000	1.6000	106.25	
16:42:55	4	44.6	15	1.7000	1.7000	100.00	
16:42:56	4	44.2	16	1.6000	1.8000	88.89	
16:42:57	4	43.8	16	1.6000	1.7000	94.12	
16:42:58	4	43.3	16	1.6000	1.8000	88.89	
16:42:59	4	42.9	17	1.6000	1.8000	88.89	
16:43:00	4	42.3	17	1.5000	1.6000	93.75	
16:43:01	4	41.9	18	1.6000	1.6000	100.00	
16:43:02	4	41.3	18	1.4000	1.6000	87.50	
16:43:03	4	40.9	18	1.4000	1.6000	87.50	
16:43:04	4	40.4	19	1.6000	1.6000	100.00	
16:43:05	4	40.0	19	1.5000	1.6000	93.75	
16:43:06	4	39.4	19	1.6000	1.6000	100.00	
16:43:07	4	39.0	20	1.8000	1.6000	112.50	
16:43:08	4	38.5	20	1.6000	1.6000	100.00	
16:43:09	4	38.0	21	1.6000	1.6000	100.00	
16:43:10	4	37.6	21	1.6000	1.6000	100.00	
16:43:11	4	37.1	21	1.7000	1.6000	106.25	
16:43:12	4	36.5	22	1.7000	1.8000	94.44	
16:43:13	4	36.1	22	1.6000	1.8000	88.89	
16:43:14	4	35.8	23	1.6000	1.7000	94.12	
16:43:15	4	35.4	23	1.8000	1.7000	105.88	
16:43:16	4	35.0	24	1.8000	1.8000	100.00	
16:43:17	4	34.5	24	1.8000	1.8000	100.00	
16:43:18	4	34.0	25	1.8000	1.8000	100.00	
16:43:19	4	33.5	25	1.7000	1.9000	89.47	
16:43:20	4	33.1	25	1.6000	1.8000	88.89	
16:43:21	4	32.6	26	1.6000	1.8000	88.89	
16:43:22	4	32.0	26	1.6000	1.8000	88.89	
16:43:23	4	31.7	27	1.6000	1.8000	88.89	
16:43:24	4	31.2	27	1.6000	1.8000	88.89	
16:43:25	4	30.7	27	1.8000	1.8000	100.00	
16:43:26	4	30.2	28	1.7000	1.8000	94.44	
16:43:27	4	29.8	28	1.7000	1.8000	94.44	
16:43:28	4	29.3	29	1.8000	1.9000	94.74	
16:43:29	5	28.8	0	1.6000	1.9000	84.21	
16:43:30	5	28.3	0	1.7000	1.9000	89.47	
16:43:31	5	28.0	1	1.8000	1.9000	94.74	
16:43:32	5	27.5	1	1.7000	1.8000	94.44	
16:43:33	5	27.0	2	1.6000	1.9000	84.21	
16:43:34	5	26.5	2	1.6000	1.9000	84.21	
16:43:35	5	25.9	2	1.7000	2.0000	85.00	
16:43:36	5	25.5	3	1.7000	2.0000	85.00	
16:43:37	5	24.9	3	1.7000	1.9000	89.47	
16:43:38	5	24.6	4	1.7000	1.9000	89.47	
16:43:39	5	24.0	4	1.8000	1.9000	94.74	
16:43:40	5	23.6	5	1.8000	1.9000	94.74	
16:43:41	5	23.0	5	1.8000	2.0000	90.00	
16:43:42	5	22.4	6	1.8000	2.1000	85.71	
16:43:43	5	22.0	6	1.8000	2.0000	90.00	
16:43:44	5	21.6	6	1.8000	2.0000	90.00	
16:43:45	5	21.0	7	1.9000	2.1000	90.48	
16:43:46	5	20.6	7	1.9000	2.1000	90.48	
16:43:47	5	20.1	8	1.7000	2.0000	85.00	
16:43:48	5	19.7	8	1.7000	1.9000	89.47	
16:43:49	5	19.2	9	1.8000	1.9000	94.74	
16:43:50	5	18.5	9	1.8000	2.1000	85.71	
16:43:51	5	18.0	10	1.8000	2.1000	85.71	
16:43:52	5	17.4	10	1.7000	2.1000	80.95	
16:43:53	5	16.8	10	1.6000	2.1000	76.19	
16:43:54	5	16.2	11	1.6000	2.0000	80.00	
16:43:55	5	15.8	11	1.6000	2.0000	80.00	
16:43:56	5	15.3	12	1.6000	2.0000	80.00	
16:43:57	5	14.7	12	1.6000	2.1000	76.19	
16:43:58	5	14.3	12	1.7000	2.1000	80.95	
16:43:59	5	13.9	13	1.6000	2.1000	76.19	
16:44:00	5	13.5	13	1.6000	2.1000	76.19	
16:44:01	5	13.0	14	1.8000	2.1000	85.71	
16:44:02	5	12.5	14	1.7000	2.2000	77.27	
16:44:03	5	12.0	15	1.7000	2.1000	80.95	
16:44:04	5	11.5	15	1.7000	2.1000	80.95	
16:44:05	5	11.1	15	1.5000	2.0000	75.00	
16:44:06	5	10.6	16	1.6000	2.0000	80.00	
16:44:07	5	10.0	16	1.6000	2.1000	76.19	
16:44:08	5	9.4	17	1.5000	2.1000	71.43	
16:44:09	5	9.0	17	1.6000	2.1000	76.19	
16:44:10	5	8.5	17	1.6000	2.0000	80.00	
16:44:11	5	8.1	18	1.6000	2.0000	80.00	
16:44:12	5	7.6	18	1.8000	2.1000	85.71	
16:44:13	5	7.2	19	1.8000	2.1000	85.71	
16:44:14	5	6.7	19	1.8000	2.1000	85.71	
16:44:15	5	6.3	20	1.9000	2.1000	90.48	
16:44:16	5	5.9	20	1.9000	2.1000	90.48	
16:44:17	5	5.6	21	1.7000	2.0000	85.00	
16:44:18	5	5.1	21	1.8000	2.0000	90.00	
16:44:19	5	4.7	22	2.1000	2.1000	100.00	
16:44:20	5	4.2	22	2.1000	2.1000	100.00	
16:44:21	5	3.7	23	2.1000	2.1000	100.00	
16:44:22	5	3.3	23	1.9000	2.0000	95.00	
16:44:23	5	2.9	24	1.9000	1.9000	100.00	
16:44:24	5	2.5	24	2.1000	1.9000	110.53	
16:44:25	5	1.9	25	2.0000	2.0000	100.00	
16:44:26	5	1.3	25	1.9000	2.0000	95.00	
16:44:27	5	0.8	26	2.2000	2.1000	104.76	
16:44:28	5	0.3	26	2.2000	2.0000	110.00	
16:44:29	5	-0.1	27	1.9000	1.9000	100.00	
16:44:30	5	-0.5	27	1.8000	2.0000	90.00	
16:44:31	5	-0.7	28	1.9000	1.9000	100.00	
16:44:32	5	-0.8	28	2.0000	1.5000	133.33	
16:44:33	5	-0.8	28	1.3000	0.5000	260.00	
16:44:34	5	-0.9	28	0.4000	0.0000	0.00	
16:44:35	5	-0.8	28	0.1000	0.0000	0.00	
16:44:36	5	-0.8	28	0.0000	0.0000	0.00	
16:44:37	5	-0.8	28	0.0000	0.0000	0.00	
16:44:38	5	-0.8	28	0.0000	0.0000	0.00	
16:44:39	5	-0.8	28	0.0000	0.0000	0.00	
16:44:40	5	-0.8	28	0.0000	0.0000	0.00	
16:44:41	5	-0.8	28	0.0000	0.0000	0.00	
16:44:42	5	-0.8	28	0.0000	0.0000	0.00	
16:44:43	5	-0.8	28	0.0000	0.0000	0.00	
16:44:44	5	-0.8	28	0.0000	0.0000	0.00	
16:44:45	5	-0.8	28	0.0000	0.0000	0.00	
16:44:46	5	-0.8	28	0.0000	0.0000	0.00	
16:44:47	5	-0.8	28	0.0000	0.0000	0.00	
16:44:48	5	-0.8	28	0.0000	0.0000	0.00	
16:44:49	5	-0.8	28	0.0000	0.0000	0.00	
16:44:50	5	-0.8	28	0.0000	0.0000	0.00	
16:44:51	5	-0.8	28	0.0000	0.0000	0.00	
16:44:52	5	-0.8	28	0.0000	0.0000	0.00	
16:44:53	5	-0.8	28	0.0000	0.0000	0.00	
16:44:54	5	-0.8	28	0.0000	0.0000	0.00	
16:44:55	5	-0.8	28	0.0000	0.0000	0.00	
16:44:56	5	-0.8	28	0.0000	0.0000	0.00	
16:44:57	5	-0.8	28	0.0000	0.0000	0.00	
16:44:58	5	-0.8	28	0.0000	0.0000	0.00	
16:44:59	5	-0.7	28	0.0000	0.0000	0.00	
16:45:00	5	-0.7	28	0.0000	0.0000	0.00	
16:45:01	5	-0.7	28	0.0000	0.0000	0.00	
16:45:02	5	-0.7	28	0.0000	0.0000	0.00	
16:45:03	5	-0.8	28	0.0000	0.0000	0.00	
16:45:04	5	-0.8	28	0.0000	0.0000	0.00	
16:45:05	5	-0.8	28	0.0000	0.0000	0.00	
16:45:06	5	-0.7	28	0.0000	0.0000	0.00	
16:45:07	5	-0.7	28	0.0000	0.0000	0.00	
16:45:08	5	-0.7	28	0.0000	0.0000	0.00	
16:45:09	5	-0.7	28	0.0000	0.0000	0.00	
16:45:10	5	-0.7	28	0.0000	0.0000	0.00	
16:45:11	5	-0.7	28	0.0000	0.0000	0.00	
16:45:12	5	-0.7	28	0.0000	0.0000	0.00	
16:45:13	5	-0.7	28	0.0000	0.0000	0.00	
16:45:14	5	-0.7	28	0.0000	0.0000	0.00	
16:45:15	5	-0.6	28	0.0000	0.0000	0.00	
16:45:16	5	-0.7	28	0.0000	0.0000	0.00	
16:45:17	5	-0.7	28	0.0000	0.0000	0.00	
16:45:18	5	-0.7	28	0.0000	0.0000	0.00	
16:45:19	5	-0.6	28	0.0000	0.0000	0.00	
16:45:20	5	-0.6	28	0.0000	0.0000	0.00	
16:45:21	5	-0.6	28	0.0000	0.0000	0.00	
16:45:22	5	-0.6	28	0.0000	0.0000	0.00	
16:45:23	5	-0.6	28	0.0000	0.0000	0.00	
16:45:24	5	-0.6	28	0.0000	0.0000	0.00	
16:45:25	5	-0.6	28	0.0000	0.0000	0.00	
16:45:26	5	-0.6	28	0.0000	0.0000	0.00	
16:45:27	5	-0.6	28	0.0000	0.0000	0.00	
16:45:28	5	-0.6	28	0.0000	0.0000	0.00	
16:45:29	5	-0.6	28	0.0000	0.0000	0.00	
16:45:30	5	-0.6	28	0.0000	0.0000	0.00	
16:45:31	5	-0.6	28	0.0000	0.0000	0.00	
16:45:32	5	-0.6	28	0.0000	0.0000	0.00	
16:45:33	5	-0.6	28	0.0000	0.0000	0.00	
16:45:34	5	-0.6	28	0.0000	0.0000	0.00	
16:45:35	5	-0.6	28	0.0000	0.0000	0.00	
16:45:36	5	-0.6	28	0.0000	0.0000	0.00	
16:45:37	5	-0.6	28	0.0000	0.0000	0.00	
16:45:38	5	-0.6	28	0.0000	0.0000	0.00	
16:45:39	5	-0.6	28	0.0000	0.0000	0.00	
16:45:40	5	-0.6	28	0.0000	0.0000	0.00	
16:45:41	5	-0.6	28	0.0000	0.0000	0.00	
16:45:42	5	-0.6	28	0.0000	0.0000	0.00	
16:45:43	5	-0.6	28	0.0000	0.0000	0.00	
16:45:44	5	-0.6	28	0.0000	0.0000	0.00	
16:45:45	5	-0.6	28	0.0000	0.0000	0.00	
16:45:46	5	-0.6	28	0.0000	0.0000	0.00	
16:45:47	5	-0.6	28	0.0000	0.0000	0.00	
16:45:48	5	-0.6	28	0.0000	0.0000	0.00	
16:45:49	5	-0.6	28	0.0000	0.0000	0.00	
16:45:50	5	-0.7	28	0.0000	0.0000	0.00	
16:45:51	5	-0.7	28	0.0000	0.0000	0.00	
16:45:52	5	-0.7	28	0.0000	0.0000	0.00	
16:45:53	5	-0.6	28	0.0000	0.0000	0.00	
16:45:54	5	-0.7	28	0.0000	0.0000	0.00	
16:45:55	5	-0.7	28	0.0000	0.0000	0.00	
16:45:56	5	-0.7	28	0.0000	0.0000	0.00	
16:45:57	5	-0.7	28	0.0000	0.0000	0.00	
16:45:58	5	-0.7	28	0.0000	0.0000	0.00	
16:45:59	5	-0.7	28	0.0000	0.0000	0.00	
16:46:00	5	-0.7	28	0.0000	0.0000	0.00	
16:46:01	5	-0.7	28	0.0000	0.0000	0.00	
16:46:02	5	-0.7	28	0.0000	0.0000	0.00	
16:46:03	5	-0.7	28	0.0000	0.0000	0.00	
16:46:04	5	-0.7	28	0.0000	0.0000	0.00	
16:46:05	5	-0.7	28	0.0000	0.0000	0.00	
16:46:06	5	-0.7	28	0.0000	0.0000	0.00	
16:46:07	5	-0.7	28	0.0000	0.0000	0.00	
16:46:08	5	-0.6	28	0.0000	0.0000	0.00	
16:46:09	5	-0.6	28	0.0000	0.0000	0.00	
16:46:10	5	-0.6	28	0.0000	0.0000	0.00	
16:46:11	5	-0.6	28	0.0000	0.0000	0.00	
16:46:12	5	-0.6	28	0.0000	0.0000	0.00	
16:46:13	5	-0.6	28	0.0000	0.0000	0.00	
16:46:14	5	-0.6	28	0.0000	0.0000	0.00	
16:46:15	5	-0.6	28	0.0000	0.0000	0.00	
16:46:16	5	-0.6	28	0.0000	0.0000	0.00	
16:46:17	5	-0.6	28	0.0000	0.0000	0.00	
16:46:18	5	-0.6	28	0.0000	0.0000	0.00	
16:46:19	5	-0.6	28	0.0000	0.0000	0.00	
16:46:20	5	-0.6	28	0.0000	0.0000	0.00	
16:46:21	5	-0.6	28	0.0000	0.0000	0.00	
16:46:22	5	-0.6	28	0.0000	0.0000	0.00	
16:46:23	5	-0.6	28	0.0000	0.0000	0.00	
16:46:24	5	-0.6	28	0.0000	0.0000	0.00	
16:46:25	5	-0.6	28	0.0000	0.0000	0.00	
16:46:26	5	-0.6	28	0.0000	0.0000	0.00	
16:46:27	5	-0.6	28	0.0000	0.0000	0.00	
16:46:28	5	-0.6	28	0.0000	0.0000	0.00	
16:46:29	5	-0.6	28	0.0000	0.0000	0.00	
16:46:30	5	-0.6	28	0.0000	0.0000	0.00	
16:46:31	5	-0.6	28	0.0000	0.0000	0.00	
16:46:32	5	-0.6	28	0.0000	0.0000	0.00	
16:46:33	5	-0.6	28	0.0000	0.0000	0.00	
16:46:34	5	-0.6	28	0.0000	0.0000	0.00	
16:46:35	5	-0.6	28	0.0000	0.0000	0.00	
16:46:36	5	-0.6	28	0.0000	0.0000	0.00	
16:46:37	5	-0.6	28	0.0000	0.0000	0.00	
16:46:38	5	-0.6	28	0.0000	0.0000	0.00	
16:46:39	5	-0.6	28	0.0000	0.0000	0.00	
16:46:40	5	-0.6	28	0.0000	0.0000	0.00	
16:46:41	5	-0.6	28	0.0000	0.0000	0.00	
16:46:42	5	-0.6	28	0.0000	0.0000	0.00	
16:46:43	5	-0.6	28	0.0000	0.0000	0.00	
16:46:44	5	-0.6	28	0.0000	0.0000	0.00	
16:46:45	5	-0.5	28	0.0000	0.0000	0.00	
16:46:46	5	-0.6	28	0.0000	0.0000	0.00	
16:46:47	5	-0.6	28	0.0000	0.0000	0.00	
16:46:48	5	-0.6	28	0.0000	0.0000	0.00	
16:46:49	5	-0.6	28	0.0000	0.0000	0.00	
16:46:50	5	-0.6	28	0.0000	0.0000	0.00	
16:46:51	5	-0.6	28	0.0000	0.0000	0.00	
16:46:52	5	-0.6	28	0.0000	0.0000	0.00	
16:46:53	5	-0.6	28	0.0000	0.0000	0.00	
16:46:54	5	-0.6	28	0.0000	0.0000	0.00	
16:46:55	5	-0.5	28	0.0000	0.0000	0.00	
16:46:56	5	-0.6	28	0.0000	0.0000	0.00	
16:46:57	5	-0.6	28	0.0000	0.0000	0.00	
16:46:58	5	-0.6	28	0.0000	0.0000	0.00	
16:46:59	5	-0.6	28	0.0000	0.0000	0.00	
16:47:00	5	-0.6	28	0.0000	0.0000	0.00	
16:47:01	5	-0.6	28	0.0000	0.0000	0.00	
16:47:02	5	-0.5	28	0.0000	0.0000	0.00	
16:47:03	5	-0.6	28	0.0000	0.0000	0.00	
16:47:04	5	-0.5	28	0.0000	0.0000	0.00	
16:47:05	5	-0.5	28	0.0000	0.0000	0.00	
16:47:06	5	-0.5	28	0.0000	0.0000	0.00	
16:47:07	5	-0.5	28	0.0000	0.0000	0.00	
16:47:08	5	-0.5	28	0.0000	0.0000	0.00	
16:47:09	5	-0.5	28	0.0000	0.0000	0.00	
16:47:10	5	-0.5	28	0.0000	0.0000	0.00	
16:47:11	5	-0.5	28	0.0000	0.0000	0.00	
16:47:12	5	-0.5	28	0.0000	0.0000	0.00	
16:47:13	5	-0.5	28	0.0000	0.0000	0.00	
16:47:14	5	-0.5	28	0.0000	0.0000	0.00	
16:47:15	5	-0.5	28	0.0000	0.0000	0.00	
16:47:16	5	-0.5	28	0.0000	0.0000	0.00	
16:47:17	5	-0.5	28	0.0000	0.0000	0.00	
16:47:18	5	-0.5	28	0.0000	0.0000	0.00	
16:47:19	5	-0.5	28	0.0000	0.0000	0.00	
16:47:20	5	-0.5	28	0.0000	0.0000	0.00	
16:47:21	5	-0.5	28	0.0000	0.0000	0.00	
16:47:22	5	-0.5	28	0.0000	0.0000	0.00	
16:47:23	5	-0.5	28	0.0000	0.0000	0.00	
16:47:24	5	-0.5	28	0.0000	0.0000	0.00	
16:47:25	5	-0.4	28	0.0000	0.0000	0.00	
16:47:26	5	-0.4	28	0.0000	0.0000	0.00	
16:47:27	5	-0.4	28	0.0000	0.0000	0.00	
16:47:28	5	-0.4	28	0.0000	0.0000	0.00	
16:47:29	5	-0.4	28	0.0000	0.0000	0.00	
16:47:30	5	-0.4	28	0.0000	0.0000	0.00	
16:47:31	5	-0.4	28	0.0000	0.0000	0.00	
16:47:32	5	-0.4	28	0.0000	0.0000	0.00	
16:47:33	5	-0.4	28	0.0000	0.0000	0.00	
16:47:34	5	-0.4	28	0.0000	0.0000	0.00	
16:47:35	5	-0.4	28	0.0000	0.0000	0.00	
16:47:36	5	-0.4	28	0.0000	0.0000	0.00	
16:47:37	5	-0.4	28	0.0000	0.0000	0.00	
16:47:38	5	-0.4	28	0.0000	0.0000	0.00	
16:47:39	5	-0.4	28	0.0000	0.0000	0.00	
16:47:40	5	-0.4	28	0.0000	0.0000	0.00	
