Data Start: 2020-09-20 12:44:27
Data End: 2020-09-20 13:01:29
Devicename: Multi Plankton Sampler MPS
IdentNo.: 1020

Net []
Range1: 0 to 5

Pressure [dbar]
Range1: 0.0 to 3000.0  Cal0: -8.585877E+2  Cal1: 1.175972E-1  Cal2: -1.044298E-6  Cal3: -1.441992E+0  Cal4: 9.253807E-5  Cal5: -8.766143E-10  Cal6: 7.97392E-2  Cal7: 7.856609E-2  Cal8: -1.359118E-8

Volume [m³]
Range1: 0 to 65000  Cal0: 2.5E-1

Flow in [m/s]
Range1: 0.0000 to 9.9000

Flow out [m/s]
Range1: 0.0000 to 9.9000

Flow ratio [%]
Range1: 0.00 to 200.00

Header Comment

Ship:		
Cruise:		
Station:		
Cast:		
Position:		
Operator:		


Time [hh:mm:ss]	Net []	Pressure [dbar]	Volume [m³]	Flow in [m/s]	Flow out [m/s]	Flow ratio [%]	Comments  [Index]
12:44:27	0	0.2	0	0.0000	0.0000	0.00	
12:44:28	0	0.2	0	0.0000	0.0000	0.00	
12:44:29	0	0.2	0	0.0000	0.0000	0.00	
12:44:30	0	0.2	0	0.0000	0.0000	0.00	
12:44:31	0	0.2	0	0.0000	0.0000	0.00	
12:44:32	0	0.2	0	0.0000	0.0000	0.00	
12:44:33	0	0.2	0	0.0000	0.0000	0.00	
12:44:34	0	0.2	0	0.0000	0.0000	0.00	
12:44:35	0	0.2	0	0.0000	0.0000	0.00	
12:44:36	0	0.2	0	0.0000	0.0000	0.00	
12:44:37	0	0.2	0	0.0000	0.0000	0.00	
12:44:38	0	0.2	0	0.0000	0.0000	0.00	
12:44:39	0	0.2	0	0.0000	0.0000	0.00	
12:44:40	0	0.2	0	0.0000	0.0000	0.00	
12:44:41	0	0.2	0	0.0000	0.0000	0.00	
12:44:42	0	0.2	0	0.0000	0.0000	0.00	
12:44:43	0	0.2	0	0.0000	0.0000	0.00	
12:44:44	0	0.2	0	0.0000	0.1000	0.00	
12:44:45	0	0.2	0	0.0000	0.1000	0.00	
12:44:46	0	0.3	0	0.0000	0.1000	0.00	
12:44:47	0	0.2	0	0.0000	0.2000	0.00	
12:44:48	0	0.2	0	0.0000	0.1000	0.00	
12:44:49	0	0.2	0	0.0000	0.0000	0.00	
12:44:50	0	0.2	0	0.0000	0.0000	0.00	
12:44:51	0	0.2	0	0.0000	0.0000	0.00	
12:44:52	0	0.2	0	0.0000	0.0000	0.00	
12:44:53	0	0.2	0	0.0000	0.1000	0.00	
12:44:54	0	0.2	0	0.0000	0.2000	0.00	
12:44:55	0	0.2	0	0.0000	0.1000	0.00	
12:44:56	0	0.2	0	0.0000	0.0000	0.00	
12:44:57	0	0.2	0	0.0000	0.0000	0.00	
12:44:58	0	0.2	0	0.0000	0.0000	0.00	
12:44:59	0	0.2	0	0.0000	0.0000	0.00	
12:45:00	0	0.2	0	0.0000	0.0000	0.00	
12:45:01	0	0.2	0	0.0000	0.0000	0.00	
12:45:02	0	0.2	0	0.0000	0.0000	0.00	
12:45:03	0	0.2	0	0.0000	0.0000	0.00	
12:45:04	0	0.2	0	0.0000	0.0000	0.00	
12:45:05	0	0.2	0	0.0000	0.0000	0.00	
12:45:06	0	0.2	0	0.0000	0.0000	0.00	
12:45:07	0	0.2	0	0.0000	0.0000	0.00	
12:45:08	0	0.2	0	0.0000	0.0000	0.00	
12:45:09	0	0.2	0	0.0000	0.3000	0.00	
12:45:10	0	0.2	0	0.0000	0.3000	0.00	
12:45:11	0	0.2	0	0.0000	0.1000	0.00	
12:45:12	0	0.2	0	0.0000	0.1000	0.00	
12:45:13	0	0.2	0	0.0000	0.0000	0.00	
12:45:14	0	0.2	0	0.0000	0.1000	0.00	
12:45:15	0	0.2	0	0.0000	0.1000	0.00	
12:45:16	0	0.2	0	0.0000	0.0000	0.00	
12:45:17	0	0.2	0	0.0000	0.0000	0.00	
12:45:18	0	0.2	0	0.0000	0.1000	0.00	
12:45:19	0	0.2	0	0.0000	0.1000	0.00	
12:45:20	0	0.2	0	0.0000	0.0000	0.00	
12:45:21	0	0.2	0	0.0000	0.0000	0.00	
12:45:22	0	0.2	0	0.0000	0.5000	0.00	
12:45:23	0	0.2	0	0.0000	1.2000	0.00	
12:45:24	0	0.2	0	0.0000	1.0000	0.00	
12:45:25	0	0.2	0	0.0000	1.3000	0.00	
12:45:26	0	0.2	0	0.0000	1.8000	0.00	
12:45:27	0	0.2	0	0.0000	1.7000	0.00	
12:45:28	0	0.3	0	0.0000	1.8000	0.00	
12:45:29	0	0.2	0	0.0000	1.6000	0.00	
12:45:30	0	0.3	0	0.0000	1.0000	0.00	
12:45:31	0	0.3	0	0.0000	0.3000	0.00	
12:45:32	0	0.3	0	0.0000	0.1000	0.00	
12:45:33	0	0.2	0	0.0000	0.1000	0.00	
12:45:34	0	0.3	0	0.0000	0.1000	0.00	
12:45:35	0	0.3	0	0.0000	0.1000	0.00	
12:45:36	0	0.3	0	0.0000	0.1000	0.00	
12:45:37	0	0.2	0	0.0000	0.3000	0.00	
12:45:38	0	0.3	0	0.0000	0.4000	0.00	
12:45:39	0	0.3	0	0.0000	0.1000	0.00	
12:45:40	0	0.3	0	0.0000	0.0000	0.00	
12:45:41	0	0.3	0	0.0000	0.0000	0.00	
12:45:42	0	0.3	0	0.0000	0.0000	0.00	
12:45:43	0	0.2	0	0.0000	0.0000	0.00	
12:45:44	0	0.2	0	0.0000	0.0000	0.00	
12:45:45	0	0.2	0	0.0000	0.5000	0.00	
12:45:46	0	0.2	0	0.0000	1.2000	0.00	
12:45:47	0	0.3	0	0.1000	0.8000	12.50	
12:45:48	0	0.3	0	0.1000	0.1000	100.00	
12:45:49	0	0.3	0	0.3000	0.4000	75.00	
12:45:50	0	0.3	1	2.2000	1.8000	122.22	
12:45:51	0	0.3	2	3.7000	2.5000	148.00	
12:45:52	0	0.3	3	4.1000	2.9000	141.38	
12:45:53	0	0.3	4	4.9000	4.2000	116.67	
12:45:54	0	0.3	4	3.6000	3.4000	105.88	
12:45:55	0	0.2	5	1.0000	1.8000	55.56	
12:45:56	0	0.2	5	0.1000	0.8000	12.50	
12:45:57	0	0.3	5	0.0000	0.4000	0.00	
12:45:58	0	0.3	5	0.8000	1.1000	72.73	
12:45:59	0	0.3	5	1.4000	1.4000	100.00	
12:46:00	0	0.2	6	1.4000	1.0000	140.00	
12:46:01	0	0.2	7	2.7000	2.3000	117.39	
12:46:02	0	0.2	7	2.8000	3.3000	84.85	
12:46:03	0	0.2	7	1.1000	2.3000	47.83	
12:46:04	0	0.2	7	0.6000	1.8000	33.33	
12:46:05	0	0.3	8	1.0000	1.8000	55.56	
12:46:06	0	0.2	8	0.6000	0.9000	66.67	
12:46:07	0	0.2	8	0.1000	0.1000	100.00	
12:46:08	0	0.2	8	0.0000	0.1000	0.00	
12:46:09	0	0.2	8	0.0000	0.1000	0.00	
12:46:10	0	0.3	8	0.0000	0.1000	0.00	
12:46:11	0	0.3	8	0.0000	0.3000	0.00	
12:46:12	0	0.3	8	0.0000	0.3000	0.00	
12:46:13	0	0.3	8	0.0000	0.1000	0.00	
12:46:14	0	0.3	8	0.0000	0.0000	0.00	
12:46:15	0	0.3	8	0.1000	0.0000	0.00	
12:46:16	0	0.3	8	0.1000	0.0000	0.00	
12:46:17	0	0.2	8	0.1000	0.0000	0.00	
12:46:18	0	0.2	8	0.1000	0.0000	0.00	
12:46:19	0	0.2	8	0.0000	0.0000	0.00	
12:46:20	0	0.2	8	0.0000	0.0000	0.00	
12:46:21	0	0.2	8	0.0000	0.0000	0.00	
12:46:22	0	0.3	8	0.0000	0.0000	0.00	
12:46:23	0	0.4	8	0.1000	0.9000	11.11	
12:46:24	0	0.4	8	0.1000	1.2000	8.33	
12:46:25	0	0.3	8	0.0000	0.3000	0.00	
12:46:26	0	0.4	8	0.0000	0.0000	0.00	
12:46:27	0	0.3	8	0.0000	0.1000	0.00	
12:46:28	0	0.3	8	0.0000	0.1000	0.00	
12:46:29	0	0.3	8	0.1000	0.0000	0.00	
12:46:30	0	0.3	8	0.1000	0.0000	0.00	
12:46:31	0	0.3	8	0.0000	0.0000	0.00	
12:46:32	0	0.3	8	0.0000	0.0000	0.00	
12:46:33	0	0.2	8	0.0000	0.0000	0.00	
12:46:34	0	0.2	8	0.0000	0.0000	0.00	
12:46:35	0	0.2	8	0.0000	0.0000	0.00	
12:46:36	0	0.3	8	0.0000	0.0000	0.00	
12:46:37	0	0.3	8	0.0000	0.1000	0.00	
12:46:38	0	0.3	8	0.0000	0.1000	0.00	
12:46:39	0	0.3	8	0.0000	0.0000	0.00	
12:46:40	0	0.3	8	0.0000	0.1000	0.00	
12:46:41	0	0.3	8	0.0000	0.1000	0.00	
12:46:42	0	0.3	8	0.0000	0.1000	0.00	
12:46:43	0	0.3	8	0.0000	0.0000	0.00	
12:46:44	0	0.3	8	0.0000	0.0000	0.00	
12:46:45	0	0.3	8	0.0000	0.0000	0.00	
12:46:46	0	0.3	8	0.2000	0.1000	200.00	
12:46:47	0	0.3	9	1.5000	1.2000	125.00	
12:46:48	0	0.2	9	2.1000	2.1000	100.00	
12:46:49	0	0.3	10	2.1000	1.8000	116.67	
12:46:50	0	0.3	10	2.9000	1.4000	207.14	
12:46:51	0	0.2	11	2.2000	0.8000	275.00	
12:46:52	0	0.2	11	0.9000	0.2000	450.00	
12:46:53	0	0.2	11	0.2000	0.0000	0.00	
12:46:54	0	0.2	11	0.0000	0.7000	0.00	
12:46:55	0	0.2	11	0.0000	0.8000	0.00	
12:46:56	0	0.2	11	0.0000	0.1000	0.00	
12:46:57	0	0.3	11	1.0000	0.1000	1000.00	
12:46:58	0	0.3	12	2.6000	0.6000	433.33	
12:46:59	0	0.2	12	2.0000	0.8000	250.00	
12:47:00	0	0.3	12	0.8000	0.3000	266.67	
12:47:01	0	0.2	13	0.8000	0.1000	800.00	
12:47:02	0	0.2	13	0.6000	0.1000	600.00	
12:47:03	0	0.2	13	0.1000	0.1000	100.00	
12:47:04	0	0.2	13	0.0000	0.0000	0.00	
12:47:05	0	0.3	13	0.0000	0.0000	0.00	
12:47:06	0	0.2	13	0.1000	0.5000	20.00	
12:47:07	0	0.2	13	0.1000	0.5000	20.00	
12:47:08	0	0.2	13	0.0000	0.0000	0.00	
12:47:09	0	0.2	13	0.0000	0.0000	0.00	
12:47:10	0	0.2	13	0.0000	0.0000	0.00	
12:47:11	0	0.2	13	0.0000	0.0000	0.00	
12:47:12	0	0.2	13	0.0000	0.0000	0.00	
12:47:13	0	0.3	13	0.1000	0.1000	100.00	
12:47:14	0	0.2	13	1.0000	0.8000	125.00	
12:47:15	0	0.3	13	1.1000	0.9000	122.22	
12:47:16	0	0.3	14	0.7000	0.6000	116.67	
12:47:17	0	0.3	14	1.2000	1.0000	120.00	
12:47:18	0	0.3	14	0.8000	0.6000	133.33	
12:47:19	0	0.2	14	0.8000	1.0000	80.00	
12:47:20	0	0.3	15	1.2000	1.5000	80.00	
12:47:21	0	0.2	15	1.4000	1.4000	100.00	
12:47:22	0	0.3	15	1.2000	1.0000	120.00	
12:47:23	0	0.4	15	0.6000	0.8000	75.00	
12:47:24	0	0.3	16	1.4000	1.6000	87.50	
12:47:25	0	0.5	16	1.5000	1.7000	88.24	
12:47:26	0	1.1	16	1.0000	1.3000	76.92	
12:47:27	0	0.9	17	1.0000	1.2000	83.33	
12:47:28	0	1.6	17	0.7000	1.2000	58.33	
12:47:29	0	1.7	17	1.0000	1.2000	83.33	
12:47:30	0	2.3	17	1.4000	1.4000	100.00	
12:47:31	0	2.9	18	1.3000	1.4000	92.86	
12:47:32	0	3.1	18	1.2000	1.3000	92.31	
12:47:33	0	3.4	18	1.2000	1.2000	100.00	
12:47:34	0	3.9	19	1.0000	1.0000	100.00	
12:47:35	0	4.3	19	1.2000	1.0000	120.00	
12:47:36	0	4.6	19	1.2000	1.0000	120.00	
12:47:37	0	5.1	19	1.0000	1.0000	100.00	
12:47:38	0	5.4	20	1.0000	1.0000	100.00	
12:47:39	0	5.8	20	1.0000	1.0000	100.00	
12:47:40	0	6.0	20	1.0000	1.0000	100.00	
12:47:41	0	6.6	20	1.0000	0.9000	111.11	
12:47:42	0	6.7	21	1.0000	0.9000	111.11	
12:47:43	0	7.3	21	0.8000	0.8000	100.00	
12:47:44	0	7.5	21	0.8000	0.7000	114.29	
12:47:45	0	8.0	21	0.9000	0.8000	112.50	
12:47:46	0	8.3	22	0.8000	0.9000	88.89	
12:47:47	0	8.7	22	0.9000	0.9000	100.00	
12:47:48	0	9.1	22	1.0000	0.9000	111.11	
12:47:49	0	9.4	22	1.1000	1.0000	110.00	
12:47:50	0	9.7	23	1.2000	1.0000	120.00	
12:47:51	0	10.5	23	1.0000	0.9000	111.11	
12:47:52	0	10.6	23	1.2000	1.0000	120.00	
12:47:53	0	11.3	23	1.0000	1.0000	100.00	
12:47:54	0	11.8	24	0.9000	0.8000	112.50	
12:47:55	0	12.0	24	1.2000	0.8000	150.00	
12:47:56	0	12.9	24	0.7000	0.8000	87.50	
12:47:57	0	13.1	24	1.0000	0.8000	125.00	
12:47:58	0	13.8	24	1.0000	1.0000	100.00	
12:47:59	0	14.3	25	0.8000	0.9000	88.89	
12:48:00	0	14.6	25	1.0000	0.9000	111.11	
12:48:01	0	15.3	25	0.9000	0.9000	100.00	
12:48:02	0	15.6	26	1.1000	1.0000	110.00	
12:48:03	0	16.1	26	1.2000	1.0000	120.00	
12:48:04	0	16.7	26	1.1000	1.0000	110.00	
12:48:05	0	17.0	26	1.2000	1.0000	120.00	
12:48:06	0	17.7	27	1.2000	1.0000	120.00	
12:48:07	0	18.0	27	1.2000	1.0000	120.00	
12:48:08	0	18.5	27	1.2000	1.0000	120.00	
12:48:09	0	18.9	27	1.0000	1.0000	100.00	
12:48:10	0	19.3	28	1.2000	1.0000	120.00	
12:48:11	0	19.7	28	1.2000	1.0000	120.00	
12:48:12	0	20.2	28	1.2000	1.0000	120.00	
12:48:13	0	20.5	29	1.2000	1.0000	120.00	
12:48:14	0	21.1	29	1.0000	1.0000	100.00	
12:48:15	0	21.4	29	1.0000	1.0000	100.00	
12:48:16	0	21.9	29	1.0000	1.0000	100.00	
12:48:17	0	22.5	30	0.8000	0.8000	100.00	
12:48:18	0	22.9	30	1.0000	0.8000	125.00	
12:48:19	0	23.4	30	1.0000	1.0000	100.00	
12:48:20	0	24.0	30	1.1000	1.0000	110.00	
12:48:21	0	24.5	31	1.2000	1.0000	120.00	
12:48:22	0	25.1	31	1.2000	1.0000	120.00	
12:48:23	0	25.5	31	1.2000	1.0000	120.00	
12:48:24	0	25.9	32	1.2000	1.0000	120.00	
12:48:25	0	26.4	32	1.2000	1.0000	120.00	
12:48:26	0	26.9	32	1.0000	1.0000	100.00	
12:48:27	0	27.3	32	1.2000	1.0000	120.00	
12:48:28	0	27.8	33	1.2000	1.0000	120.00	
12:48:29	0	28.1	33	1.2000	1.0000	120.00	
12:48:30	0	28.5	33	1.2000	1.0000	120.00	
12:48:31	0	29.1	34	1.1000	1.0000	110.00	
12:48:32	0	29.4	34	1.2000	1.0000	120.00	
12:48:33	0	29.8	34	1.2000	1.0000	120.00	
12:48:34	0	30.3	34	1.1000	1.0000	110.00	
12:48:35	0	30.5	35	1.2000	1.0000	120.00	
12:48:36	0	31.1	35	1.1000	1.0000	110.00	
12:48:37	0	31.6	35	1.1000	0.9000	122.22	
12:48:38	0	31.7	36	1.3000	1.0000	130.00	
12:48:39	0	32.4	36	1.0000	1.0000	100.00	
12:48:40	0	32.7	36	1.0000	1.0000	100.00	
12:48:41	0	33.1	36	1.2000	1.0000	120.00	
12:48:42	0	33.5	37	1.0000	1.0000	100.00	
12:48:43	0	33.8	37	1.1000	1.0000	110.00	
12:48:44	0	34.1	37	1.2000	1.0000	120.00	
12:48:45	0	34.8	37	1.0000	1.0000	100.00	
12:48:46	0	35.0	38	1.2000	1.0000	120.00	
12:48:47	0	35.6	38	1.2000	1.0000	120.00	
12:48:48	0	36.2	38	0.8000	0.7000	114.29	
12:48:49	0	36.4	39	1.1000	0.8000	137.50	
12:48:50	0	37.2	39	0.8000	0.9000	88.89	
12:48:51	0	37.6	39	0.9000	0.8000	112.50	
12:48:52	0	37.9	39	1.2000	1.0000	120.00	
12:48:53	0	38.7	39	0.7000	0.8000	87.50	
12:48:54	0	39.0	40	1.0000	0.7000	142.86	
12:48:55	0	39.3	40	1.3000	1.0000	130.00	
12:48:56	0	40.2	40	0.7000	0.8000	87.50	
12:48:57	0	40.3	41	1.1000	0.8000	137.50	
12:48:58	0	40.7	41	1.2000	1.0000	120.00	
12:48:59	0	41.5	41	0.8000	0.7000	114.29	
12:49:00	0	41.8	41	1.0000	0.8000	125.00	
12:49:01	0	42.4	41	1.0000	1.0000	100.00	
12:49:02	0	43.0	42	0.8000	0.9000	88.89	
12:49:03	0	43.3	42	1.1000	1.0000	110.00	
12:49:04	0	43.9	42	0.9000	1.0000	90.00	
12:49:05	0	44.4	42	0.9000	0.7000	128.57	
12:49:06	0	44.8	43	1.1000	0.8000	137.50	
12:49:07	0	45.5	43	0.8000	0.9000	88.89	
12:49:08	0	45.8	43	0.8000	0.9000	88.89	
12:49:09	0	46.5	43	0.9000	0.8000	112.50	
12:49:10	0	46.8	44	1.0000	0.8000	125.00	
12:49:11	0	47.4	44	0.9000	0.9000	100.00	
12:49:12	0	48.0	44	0.9000	0.9000	100.00	
12:49:13	0	48.4	44	1.1000	0.9000	122.22	
12:49:14	0	48.8	45	1.0000	0.9000	111.11	
12:49:15	0	49.4	45	1.0000	0.9000	111.11	
12:49:16	0	49.6	45	1.1000	0.9000	122.22	
12:49:17	0	50.2	45	1.0000	0.9000	111.11	
12:49:18	0	50.7	46	0.9000	0.8000	112.50	
12:49:19	0	51.0	46	1.0000	0.9000	111.11	
12:49:20	0	51.5	46	1.0000	0.9000	111.11	
12:49:21	0	51.9	46	1.0000	0.9000	111.11	
12:49:22	0	52.1	47	1.2000	1.0000	120.00	
12:49:23	0	52.8	47	0.8000	0.8000	100.00	
12:49:24	0	52.9	47	1.0000	0.8000	125.00	
12:49:25	0	53.4	47	1.0000	0.9000	111.11	
12:49:26	0	53.9	47	0.7000	0.6000	116.67	
12:49:27	0	54.1	48	1.0000	0.8000	125.00	
12:49:28	0	54.7	48	0.8000	1.0000	80.00	
12:49:29	0	55.2	48	0.8000	0.9000	88.89	
12:49:30	0	55.5	48	1.0000	0.8000	125.00	
12:49:31	0	55.9	49	1.0000	0.8000	125.00	
12:49:32	0	56.5	49	0.8000	0.8000	100.00	
12:49:33	0	56.7	49	1.0000	0.8000	125.00	
12:49:34	0	57.2	49	1.0000	0.8000	125.00	
12:49:35	0	57.9	49	0.7000	0.6000	116.67	
12:49:36	0	58.1	50	0.8000	0.8000	100.00	
12:49:37	0	58.6	50	0.9000	0.9000	100.00	
12:49:38	0	59.2	50	0.8000	0.8000	100.00	
12:49:39	0	59.4	50	1.0000	0.8000	125.00	
12:49:40	0	59.9	50	0.9000	0.8000	112.50	
12:49:41	0	60.5	51	0.8000	0.7000	114.29	
12:49:42	0	60.8	51	1.0000	0.8000	125.00	
12:49:43	0	61.5	51	0.7000	0.8000	87.50	
12:49:44	0	61.8	51	0.8000	0.7000	114.29	
12:49:45	0	62.3	52	1.0000	0.8000	125.00	
12:49:46	0	62.9	52	0.8000	0.9000	88.89	
12:49:47	0	63.2	52	1.0000	0.9000	111.11	
12:49:48	0	63.7	52	1.0000	0.8000	125.00	
12:49:49	0	64.2	53	1.0000	0.8000	125.00	
12:49:50	0	64.6	53	1.0000	0.9000	111.11	
12:49:51	0	65.1	53	1.0000	0.8000	125.00	
12:49:52	0	65.5	53	1.1000	0.8000	137.50	
12:49:53	0	65.9	54	1.0000	0.8000	125.00	
12:49:54	0	66.4	54	0.9000	0.7000	128.57	
12:49:55	0	66.7	54	1.0000	0.8000	125.00	
12:49:56	0	67.4	54	0.7000	0.8000	87.50	
12:49:57	0	67.7	54	0.6000	0.7000	85.71	
12:49:58	0	68.2	54	0.8000	0.8000	100.00	
12:49:59	0	68.6	55	0.7000	0.8000	87.50	
12:50:00	0	69.0	55	0.8000	0.7000	114.29	
12:50:01	0	69.7	55	0.5000	0.5000	100.00	
12:50:02	0	69.8	55	0.8000	0.6000	133.33	
12:50:03	0	70.4	55	0.8000	0.8000	100.00	
12:50:04	0	71.0	56	0.6000	0.6000	100.00	
12:50:05	0	71.2	56	0.9000	0.7000	128.57	
12:50:06	0	72.0	56	0.5000	0.7000	71.43	
12:50:07	0	72.3	56	0.8000	0.5000	160.00	
12:50:08	0	72.8	56	1.0000	0.7000	142.86	
12:50:09	0	73.7	56	0.7000	0.5000	140.00	
12:50:10	0	74.0	57	0.9000	0.5000	180.00	
12:50:11	0	74.8	57	0.6000	0.7000	85.71	
12:50:12	0	75.2	57	0.7000	0.6000	116.67	
12:50:13	0	75.7	57	0.9000	0.8000	112.50	
12:50:14	0	76.5	57	0.5000	0.5000	100.00	
12:50:15	0	76.7	58	0.9000	0.6000	150.00	
12:50:16	0	77.4	58	0.8000	0.7000	114.29	
12:50:17	0	78.1	58	0.7000	0.5000	140.00	
12:50:18	0	78.4	58	1.0000	0.7000	142.86	
12:50:19	0	79.2	58	0.6000	0.7000	85.71	
12:50:20	0	79.7	59	0.8000	0.5000	160.00	
12:50:21	0	80.1	59	1.0000	0.7000	142.86	
12:50:22	0	81.0	59	0.5000	0.5000	100.00	
12:50:23	0	81.4	59	0.8000	0.5000	160.00	
12:50:24	0	81.8	59	0.9000	0.8000	112.50	
12:50:25	0	82.5	60	0.5000	0.5000	100.00	
12:50:26	0	83.0	60	0.8000	0.5000	160.00	
12:50:27	0	83.6	60	0.8000	0.7000	114.29	
12:50:28	0	84.1	60	0.8000	0.6000	133.33	
12:50:29	0	84.4	60	0.9000	0.7000	128.57	
12:50:30	0	85.1	60	0.5000	0.6000	83.33	
12:50:31	0	85.8	61	0.7000	0.5000	140.00	
12:50:32	0	86.1	61	0.9000	0.7000	128.57	
12:50:33	0	86.8	61	0.5000	0.7000	71.43	
12:50:34	0	87.1	61	0.8000	0.7000	114.29	
12:50:35	0	87.8	61	0.8000	0.8000	100.00	
12:50:36	0	88.2	62	0.8000	0.8000	100.00	
12:50:37	0	88.8	62	0.8000	0.7000	114.29	
12:50:38	0	89.4	62	0.8000	0.6000	133.33	
12:50:39	0	89.8	62	1.0000	0.7000	142.86	
12:50:40	0	90.6	62	0.5000	0.6000	83.33	
12:50:41	0	90.9	63	0.7000	0.6000	116.67	
12:50:42	0	91.4	63	0.8000	0.8000	100.00	
12:50:43	0	91.9	63	0.5000	0.6000	83.33	
12:50:44	0	92.5	63	0.8000	0.7000	114.29	
12:50:45	0	93.0	63	0.9000	0.8000	112.50	
12:50:46	0	93.6	63	0.8000	0.5000	160.00	
12:50:47	0	94.0	64	0.8000	0.5000	160.00	
12:50:48	0	94.6	64	0.8000	0.7000	114.29	
12:50:49	0	95.3	64	0.7000	0.5000	140.00	
12:50:50	0	95.6	64	1.0000	0.6000	166.67	
12:50:51	0	96.5	64	0.6000	0.5000	120.00	
12:50:52	0	96.8	65	0.8000	0.3000	266.67	
12:50:53	0	97.2	65	0.9000	0.5000	180.00	
12:50:54	0	98.3	65	0.5000	0.5000	100.00	
12:50:55	0	98.3	65	0.9000	0.6000	150.00	
12:50:56	0	98.8	65	0.9000	0.7000	128.57	
12:50:57	0	99.9	65	0.4000	0.4000	100.00	
12:50:58	0	99.8	66	0.9000	0.7000	128.57	
12:50:59	0	100.5	66	0.8000	0.7000	114.29	
12:51:00	0	101.2	66	0.5000	0.4000	125.00	
12:51:01	0	101.2	66	0.9000	0.7000	128.57	
12:51:02	0	102.3	66	0.6000	0.6000	100.00	
12:51:03	0	102.7	67	0.7000	0.5000	140.00	
12:51:04	0	103.2	67	0.8000	0.6000	133.33	
12:51:05	0	104.2	67	0.4000	0.5000	80.00	
12:51:06	0	104.5	67	0.8000	0.5000	160.00	
12:51:07	0	105.2	67	0.7000	0.5000	140.00	
12:51:08	0	105.9	67	0.5000	0.3000	166.67	
12:51:09	0	106.5	67	0.6000	0.3000	200.00	
12:51:10	0	106.9	68	0.7000	0.5000	140.00	
12:51:11	0	107.1	68	0.8000	0.7000	114.29	
12:51:12	0	107.5	68	0.6000	0.8000	75.00	
12:51:13	0	107.2	68	0.9000	1.0000	90.00	
12:51:14	0	107.1	69	1.2000	1.0000	120.00	
12:51:15	0	107.3	69	1.0000	0.8000	125.00	
12:51:16	0	106.7	69	1.2000	1.0000	120.00	
12:51:17	0	106.8	69	1.1000	1.0000	110.00	
12:51:18	0	106.7	70	0.9000	0.8000	112.50	
12:51:19	0	106.2	70	1.1000	1.0000	110.00	
12:51:20	0	106.5	70	1.0000	0.9000	111.11	
12:51:21	0	106.0	70	1.0000	1.0000	100.00	
12:51:22	0	105.6	71	0.8000	1.0000	80.00	
12:51:23	0	106.0	71	0.3000	0.8000	37.50	
12:51:24	0	105.2	71	0.8000	0.9000	88.89	
12:51:25	0	105.4	71	0.7000	0.8000	87.50	
12:51:26	0	105.3	71	0.5000	0.9000	55.56	
12:51:27	0	104.8	71	0.8000	1.0000	80.00	
12:51:28	0	105.1	71	0.5000	0.8000	62.50	
12:51:29	0	104.6	72	0.8000	1.0000	80.00	
12:51:30	0	104.6	72	1.0000	0.9000	111.11	
12:51:31	0	104.6	72	0.8000	0.8000	100.00	
12:51:32	0	104.2	72	1.2000	1.0000	120.00	
12:51:33	0	104.3	73	1.2000	0.9000	133.33	
12:51:34	0	103.8	73	1.1000	0.9000	122.22	
12:51:35	0	103.9	73	1.0000	0.9000	111.11	
12:51:36	0	103.3	74	1.0000	1.0000	100.00	
12:51:37	0	103.3	74	1.1000	1.0000	110.00	
12:51:38	0	103.4	74	0.8000	0.8000	100.00	
12:51:39	0	102.6	74	1.0000	0.9000	111.11	
12:51:40	0	103.1	74	0.7000	0.8000	87.50	
12:51:41	0	102.5	75	0.7000	1.0000	70.00	
12:51:42	0	102.2	75	1.0000	1.0000	100.00	
12:51:43	0	102.2	75	0.7000	0.8000	87.50	
12:51:44	0	102.0	75	0.9000	0.9000	100.00	
12:51:45	0	101.6	76	1.2000	1.0000	120.00	
12:51:46	0	101.5	76	1.1000	1.0000	110.00	
12:51:47	0	101.2	76	1.0000	1.0000	100.00	
12:51:48	0	100.9	76	1.2000	1.0000	120.00	
12:51:49	0	100.5	77	1.3000	1.1000	118.18	
12:51:50	0	100.5	77	1.2000	1.0000	120.00	
12:51:51	0	100.2	77	1.1000	1.0000	110.00	
12:51:52	0	99.4	78	1.2000	0.8000	150.00	
12:51:53	0	99.9	78	0.8000	0.4000	200.00	
12:51:54	0	99.1	78	1.0000	0.8000	125.00	
12:51:55	0	98.8	78	0.9000	0.7000	128.57	
12:51:56	0	99.3	78	0.5000	0.3000	166.67	
12:51:57	0	98.3	79	0.9000	0.8000	112.50	
12:51:58	0	98.5	79	1.0000	0.8000	125.00	
12:51:59	0	98.7	79	0.8000	0.5000	160.00	
12:52:00	0	97.9	79	0.8000	0.7000	114.29	
12:52:01	0	98.2	79	0.7000	0.5000	140.00	
12:52:02	0	98.0	79	0.8000	0.5000	160.00	
12:52:03	0	97.3	80	1.0000	0.8000	125.00	
12:52:04	0	97.3	80	0.6000	0.7000	85.71	
12:52:05	0	97.3	80	0.5000	0.8000	62.50	
12:52:06	0	96.6	80	1.0000	0.9000	111.11	
12:52:07	0	96.5	80	0.9000	0.5000	180.00	
12:52:08	0	96.5	81	0.7000	0.6000	116.67	
12:52:09	0	95.8	81	1.0000	1.0000	100.00	
12:52:10	0	95.7	81	0.8000	0.9000	88.89	
12:52:11	0	95.5	81	0.8000	0.9000	88.89	
12:52:12	0	95.0	82	1.2000	1.0000	120.00	
12:52:13	0	94.6	82	1.2000	1.0000	120.00	
12:52:14	1	94.3	0	1.1000	1.0000	110.00	
12:52:15	1	93.8	0	1.2000	1.1000	109.09	
12:52:16	1	93.3	0	1.3000	1.2000	108.33	
12:52:17	1	93.1	1	1.2000	1.0000	120.00	
12:52:18	1	92.4	1	1.2000	1.1000	109.09	
12:52:19	1	91.9	1	1.1000	1.0000	110.00	
12:52:20	1	91.7	1	0.8000	0.9000	88.89	
12:52:21	1	91.0	2	1.0000	1.0000	100.00	
12:52:22	1	90.7	2	1.0000	0.9000	111.11	
12:52:23	1	90.0	2	1.0000	1.0000	100.00	
12:52:24	1	89.6	2	0.8000	1.0000	80.00	
12:52:25	1	89.2	3	0.5000	0.9000	55.56	
12:52:26	1	88.4	3	0.8000	1.0000	80.00	
12:52:27	1	88.3	3	0.5000	0.9000	55.56	
12:52:28	1	87.5	3	0.6000	1.0000	60.00	
12:52:29	1	86.9	3	1.0000	0.9000	111.11	
12:52:30	1	86.7	3	0.7000	0.8000	87.50	
12:52:31	1	85.9	4	0.8000	1.0000	80.00	
12:52:32	1	85.4	4	0.7000	0.8000	87.50	
12:52:33	1	85.3	4	0.5000	0.8000	62.50	
12:52:34	1	84.5	4	1.0000	1.0000	100.00	
12:52:35	1	84.1	4	0.8000	0.7000	114.29	
12:52:36	1	83.6	5	0.7000	0.7000	100.00	
12:52:37	1	82.7	5	0.8000	0.8000	100.00	
12:52:38	1	82.7	5	0.5000	0.5000	100.00	
12:52:39	1	81.9	5	0.8000	0.8000	100.00	
12:52:40	1	81.2	5	0.7000	0.8000	87.50	
12:52:41	1	81.2	5	0.3000	0.5000	60.00	
12:52:42	1	80.4	6	0.8000	0.9000	88.89	
12:52:43	1	79.7	6	0.8000	0.6000	133.33	
12:52:44	1	79.7	6	0.3000	0.5000	60.00	
12:52:45	1	78.8	6	0.7000	0.9000	77.78	
12:52:46	1	78.1	6	0.8000	0.8000	100.00	
12:52:47	1	78.2	6	0.4000	0.7000	57.14	
12:52:48	1	77.2	7	0.8000	1.0000	80.00	
12:52:49	1	76.3	7	0.9000	0.8000	112.50	
12:52:50	1	76.7	7	0.5000	0.5000	100.00	
12:52:51	1	75.7	7	0.8000	0.8000	100.00	
12:52:52	1	75.1	7	0.8000	0.6000	133.33	
12:52:53	2	75.0	0	0.3000	0.5000	60.00	
12:52:54	2	74.3	0	0.8000	1.0000	80.00	
12:52:55	2	73.8	0	0.9000	1.0000	90.00	
12:52:56	2	73.5	0	0.7000	0.9000	77.78	
12:52:57	2	72.8	1	1.0000	1.1000	90.91	
12:52:58	2	71.9	1	1.0000	1.1000	90.91	
12:52:59	2	71.6	1	0.5000	0.8000	62.50	
12:53:00	2	71.1	1	0.7000	1.0000	70.00	
12:53:01	2	70.2	1	1.0000	1.0000	100.00	
12:53:02	2	69.8	1	0.7000	0.8000	87.50	
12:53:03	2	69.4	2	0.7000	0.9000	77.78	
12:53:04	2	68.2	2	1.1000	1.0000	110.00	
12:53:05	2	68.1	2	0.8000	0.8000	100.00	
12:53:06	2	67.5	2	0.7000	0.8000	87.50	
12:53:07	2	66.5	2	0.7000	0.9000	77.78	
12:53:08	2	66.3	2	0.3000	0.8000	37.50	
12:53:09	2	65.8	3	0.6000	0.9000	66.67	
12:53:10	2	64.7	3	0.8000	0.8000	100.00	
12:53:11	2	64.7	3	0.5000	0.7000	71.43	
12:53:12	2	63.9	3	0.8000	0.9000	88.89	
12:53:13	2	63.2	3	0.8000	1.0000	80.00	
12:53:14	2	62.9	3	0.5000	0.9000	55.56	
12:53:15	2	62.1	4	1.0000	1.1000	90.91	
12:53:16	2	61.7	4	1.1000	1.1000	100.00	
12:53:17	2	61.0	4	1.2000	1.1000	109.09	
12:53:18	2	60.3	5	1.4000	1.2000	116.67	
12:53:19	2	59.9	5	1.2000	1.1000	109.09	
12:53:20	2	59.2	5	1.3000	1.2000	108.33	
12:53:21	2	58.5	6	1.3000	1.3000	100.00	
12:53:22	2	58.2	6	0.9000	1.2000	75.00	
12:53:23	2	57.4	6	1.2000	1.2000	100.00	
12:53:24	2	56.7	7	1.5000	1.3000	115.38	
12:53:25	2	56.5	7	1.1000	1.1000	100.00	
12:53:26	3	55.5	0	1.1000	1.2000	91.67	
12:53:27	3	55.0	0	1.2000	1.4000	85.71	
12:53:28	3	54.6	0	1.1000	1.3000	84.62	
12:53:29	3	53.8	1	1.5000	1.5000	100.00	
12:53:30	3	53.0	1	1.6000	1.6000	100.00	
12:53:31	3	53.0	1	0.9000	1.4000	64.29	
12:53:32	3	52.2	2	1.0000	1.4000	71.43	
12:53:33	3	51.2	2	1.4000	1.3000	107.69	
12:53:34	3	51.1	2	0.9000	1.2000	75.00	
12:53:35	3	50.5	3	1.1000	1.4000	78.57	
12:53:36	3	49.4	3	1.4000	1.2000	116.67	
12:53:37	3	49.3	3	1.0000	1.0000	100.00	
12:53:38	3	48.6	3	1.1000	1.2000	91.67	
12:53:39	3	47.8	4	1.2000	0.8000	150.00	
12:53:40	3	47.6	4	0.7000	0.6000	116.67	
12:53:41	3	46.8	4	1.2000	1.2000	100.00	
12:53:42	3	46.1	4	1.4000	0.8000	175.00	
12:53:43	3	46.2	5	0.8000	0.5000	160.00	
12:53:44	3	45.2	5	0.8000	0.9000	88.89	
12:53:45	3	44.7	5	0.7000	0.7000	100.00	
12:53:46	3	44.5	5	0.6000	0.9000	66.67	
12:53:47	3	43.8	6	1.4000	1.4000	100.00	
12:53:48	3	43.4	6	1.4000	1.5000	93.33	
12:53:49	3	42.8	6	1.4000	1.5000	93.33	
12:53:50	3	42.3	7	1.6000	1.6000	100.00	
12:53:51	3	41.9	7	1.4000	1.6000	87.50	
12:53:52	3	41.2	7	1.4000	1.6000	87.50	
12:53:53	3	40.9	8	1.3000	1.6000	81.25	
12:53:54	3	40.1	8	1.4000	1.6000	87.50	
12:53:55	3	39.5	8	1.6000	1.4000	114.29	
12:53:56	3	39.2	9	1.3000	1.4000	92.86	
12:53:57	3	38.5	9	1.5000	1.6000	93.75	
12:53:58	3	37.8	10	1.6000	1.6000	100.00	
12:53:59	3	37.6	10	1.0000	1.5000	66.67	
12:54:00	4	36.8	0	1.2000	1.6000	75.00	
12:54:01	4	36.3	0	1.6000	1.6000	100.00	
12:54:02	4	36.0	1	1.4000	1.4000	100.00	
12:54:03	4	35.0	1	1.6000	1.6000	100.00	
12:54:04	4	34.6	1	1.2000	1.5000	80.00	
12:54:05	4	34.1	2	1.0000	1.4000	71.43	
12:54:06	4	33.5	2	1.2000	1.5000	80.00	
12:54:07	4	33.3	2	0.9000	1.4000	64.29	
12:54:08	4	32.6	2	1.2000	1.4000	85.71	
12:54:09	4	32.1	3	1.4000	1.6000	87.50	
12:54:10	4	31.6	3	1.3000	1.5000	86.67	
12:54:11	4	31.1	3	1.5000	1.5000	100.00	
12:54:12	4	30.5	4	1.4000	1.6000	87.50	
12:54:13	4	30.0	4	1.2000	1.6000	75.00	
12:54:14	4	29.6	4	1.2000	1.4000	85.71	
12:54:15	4	28.7	5	1.6000	1.6000	100.00	
12:54:16	4	28.4	5	1.4000	1.6000	87.50	
12:54:17	4	28.1	5	1.0000	1.4000	71.43	
12:54:18	4	27.2	6	1.5000	1.6000	93.75	
12:54:19	4	26.8	6	1.3000	1.6000	81.25	
12:54:20	4	26.5	6	1.0000	1.4000	71.43	
12:54:21	4	25.6	7	1.6000	1.5000	106.67	
12:54:22	4	25.6	7	1.3000	1.4000	92.86	
12:54:23	4	25.1	7	1.1000	1.4000	78.57	
12:54:24	4	24.3	8	1.4000	1.5000	93.33	
12:54:25	4	24.3	8	1.0000	1.2000	83.33	
12:54:26	4	23.6	8	1.2000	1.4000	85.71	
12:54:27	4	23.1	9	1.6000	1.6000	100.00	
12:54:28	4	22.9	9	1.4000	1.3000	107.69	
12:54:29	4	22.5	9	1.4000	1.4000	100.00	
12:54:30	4	21.7	10	1.8000	1.7000	105.88	
12:54:31	4	21.4	10	1.6000	1.6000	100.00	
12:54:32	4	21.4	10	1.0000	1.3000	76.92	
12:54:33	4	20.3	11	1.1000	1.0000	110.00	
12:54:34	4	20.3	11	0.8000	0.9000	88.89	
12:54:35	4	19.9	11	0.7000	1.1000	63.64	
12:54:36	4	19.1	11	1.2000	1.2000	100.00	
12:54:37	4	19.1	11	0.8000	1.0000	80.00	
12:54:38	4	18.7	12	0.6000	1.0000	60.00	
12:54:39	4	17.7	12	1.0000	1.1000	90.91	
12:54:40	5	17.7	0	0.5000	0.8000	62.50	
12:54:41	5	17.3	0	0.7000	1.0000	70.00	
12:54:42	5	16.3	0	0.9000	1.0000	90.00	
12:54:43	5	16.4	0	0.3000	0.7000	42.86	
12:54:44	5	15.8	0	0.7000	1.0000	70.00	
12:54:45	5	15.1	0	0.9000	0.8000	112.50	
12:54:46	5	15.0	1	0.5000	0.7000	71.43	
12:54:47	5	14.3	1	1.0000	1.2000	83.33	
12:54:48	5	13.5	1	1.1000	1.1000	100.00	
12:54:49	5	13.4	1	0.5000	0.9000	55.56	
12:54:50	5	12.7	2	0.8000	1.1000	72.73	
12:54:51	5	11.9	2	1.0000	1.0000	100.00	
12:54:52	5	11.6	2	0.7000	1.0000	70.00	
12:54:53	5	11.1	2	1.0000	1.2000	83.33	
12:54:54	5	10.4	3	1.4000	1.3000	107.69	
12:54:55	5	9.8	3	1.2000	1.4000	85.71	
12:54:56	5	9.4	3	1.0000	1.2000	83.33	
12:54:57	5	8.7	3	1.2000	1.2000	100.00	
12:54:58	5	8.1	4	1.3000	1.2000	108.33	
12:54:59	5	7.6	4	1.1000	1.2000	91.67	
12:55:00	5	7.0	4	1.2000	1.2000	100.00	
12:55:01	5	6.6	5	1.4000	1.2000	116.67	
12:55:02	5	5.9	5	1.5000	1.4000	107.14	
12:55:03	5	5.6	5	1.4000	1.3000	107.69	
12:55:04	5	4.9	6	1.3000	1.2000	108.33	
12:55:05	5	4.1	6	1.4000	1.2000	116.67	
12:55:06	5	4.1	6	0.8000	1.0000	80.00	
12:55:07	5	3.4	6	0.8000	1.1000	72.73	
12:55:08	5	3.3	7	0.9000	1.2000	75.00	
12:55:09	5	3.2	7	1.0000	1.4000	71.43	
12:55:10	5	2.6	7	1.3000	1.5000	86.67	
12:55:11	5	2.5	8	1.4000	1.6000	87.50	
12:55:12	5	2.3	8	1.6000	1.7000	94.12	
12:55:13	5	1.7	8	1.6000	1.4000	114.29	
12:55:14	5	1.8	9	1.2000	1.3000	92.31	
12:55:15	5	1.5	9	1.6000	1.3000	123.08	
12:55:16	5	1.2	10	1.8000	1.4000	128.57	
12:55:17	5	1.0	10	1.8000	1.6000	112.50	
12:55:18	5	0.8	11	1.9000	1.8000	105.56	
12:55:19	5	0.7	11	1.6000	1.5000	106.67	
12:55:20	5	0.5	11	1.5000	1.5000	100.00	
12:55:21	5	0.6	12	1.4000	1.5000	93.33	
12:55:22	5	0.5	12	1.4000	1.3000	107.69	
12:55:23	5	0.5	12	1.0000	1.0000	100.00	
12:55:24	5	0.5	12	0.8000	1.0000	80.00	
12:55:25	5	0.5	13	1.1000	1.4000	78.57	
12:55:26	5	0.5	13	0.8000	0.8000	100.00	
12:55:27	5	0.4	13	0.7000	0.8000	87.50	
12:55:28	5	0.4	13	1.1000	0.7000	157.14	
12:55:29	5	0.4	13	0.5000	0.1000	500.00	
12:55:30	5	0.4	13	0.0000	0.0000	0.00	
12:55:31	5	0.4	13	0.0000	0.0000	0.00	
12:55:32	5	0.4	13	0.0000	0.0000	0.00	
12:55:33	5	0.4	13	0.0000	0.0000	0.00	
12:55:34	5	0.4	13	0.0000	0.1000	0.00	
12:55:35	5	0.4	13	0.0000	0.2000	0.00	
12:55:36	5	0.4	13	0.0000	0.1000	0.00	
12:55:37	5	0.4	13	0.0000	0.6000	0.00	
12:55:38	5	0.5	13	0.0000	1.2000	0.00	
12:55:39	5	0.4	13	0.0000	0.6000	0.00	
12:55:40	5	0.5	13	0.0000	0.0000	0.00	
12:55:41	5	0.5	13	0.0000	0.0000	0.00	
12:55:42	5	0.5	13	0.0000	0.1000	0.00	
12:55:43	5	0.5	13	0.0000	0.1000	0.00	
12:55:44	5	0.5	13	0.0000	0.0000	0.00	
12:55:45	5	0.5	13	0.0000	0.0000	0.00	
12:55:46	5	0.5	13	0.0000	0.0000	0.00	
12:55:47	5	0.5	13	0.0000	0.1000	0.00	
12:55:48	5	0.5	13	0.0000	0.2000	0.00	
12:55:49	5	0.5	13	0.0000	0.3000	0.00	
12:55:50	5	0.5	13	0.0000	0.3000	0.00	
12:55:51	5	0.5	13	0.0000	0.1000	0.00	
12:55:52	5	0.5	13	0.0000	0.2000	0.00	
12:55:53	5	0.5	13	0.0000	0.2000	0.00	
12:55:54	5	0.5	13	0.0000	0.8000	0.00	
12:55:55	5	0.5	13	0.0000	1.0000	0.00	
12:55:56	5	0.5	13	0.0000	0.5000	0.00	
12:55:57	5	0.5	13	0.0000	0.4000	0.00	
12:55:58	5	0.5	13	0.0000	0.2000	0.00	
12:55:59	5	0.5	13	0.0000	0.0000	0.00	
12:56:00	5	0.5	13	0.0000	0.3000	0.00	
12:56:01	5	0.5	13	0.0000	0.5000	0.00	
12:56:02	5	0.5	13	0.0000	0.1000	0.00	
12:56:03	5	0.5	13	0.0000	0.0000	0.00	
12:56:04	5	0.5	13	0.0000	0.2000	0.00	
12:56:05	5	0.5	13	0.0000	0.6000	0.00	
12:56:06	5	0.5	13	0.0000	0.4000	0.00	
12:56:07	5	0.5	13	0.0000	0.0000	0.00	
12:56:08	5	0.5	13	0.0000	0.0000	0.00	
12:56:09	5	0.5	13	0.0000	0.0000	0.00	
12:56:10	5	0.5	13	0.0000	0.0000	0.00	
12:56:11	5	0.5	13	0.0000	0.0000	0.00	
12:56:12	5	0.5	13	0.0000	0.0000	0.00	
12:56:13	5	0.5	13	0.0000	0.0000	0.00	
12:56:14	5	0.5	13	0.0000	0.0000	0.00	
12:56:15	5	0.5	13	0.0000	0.0000	0.00	
12:56:16	5	0.5	13	0.0000	0.0000	0.00	
12:56:17	5	0.5	13	0.0000	0.0000	0.00	
12:56:18	5	0.5	13	0.0000	0.0000	0.00	
12:56:19	5	0.5	13	0.0000	0.0000	0.00	
12:56:20	5	0.5	13	0.0000	0.0000	0.00	
12:56:21	5	0.5	13	0.0000	0.0000	0.00	
12:56:22	5	0.4	13	0.0000	0.0000	0.00	
12:56:23	5	0.5	13	0.0000	0.2000	0.00	
12:56:24	5	0.4	13	0.0000	0.3000	0.00	
12:56:25	5	0.5	13	0.0000	0.1000	0.00	
12:56:26	5	0.5	13	0.0000	0.0000	0.00	
12:56:27	5	0.5	13	0.0000	0.2000	0.00	
12:56:28	5	0.4	13	0.0000	0.3000	0.00	
12:56:29	5	0.4	13	0.0000	0.4000	0.00	
12:56:30	5	0.4	13	0.0000	0.5000	0.00	
12:56:31	5	0.4	13	0.0000	0.2000	0.00	
12:56:32	5	0.5	13	0.0000	0.2000	0.00	
12:56:33	5	0.5	13	0.0000	0.2000	0.00	
12:56:34	5	0.5	13	0.0000	0.1000	0.00	
12:56:35	5	0.5	13	0.0000	0.1000	0.00	
12:56:36	5	0.5	13	0.0000	0.1000	0.00	
12:56:37	5	0.5	13	0.0000	0.3000	0.00	
12:56:38	5	0.5	13	0.0000	0.1000	0.00	
12:56:39	5	0.5	13	0.0000	0.4000	0.00	
12:56:40	5	0.5	13	0.0000	0.4000	0.00	
12:56:41	5	0.5	13	0.0000	0.0000	0.00	
12:56:42	5	0.5	13	0.0000	0.3000	0.00	
12:56:43	5	0.5	13	0.0000	0.3000	0.00	
12:56:44	5	0.5	13	0.0000	0.0000	0.00	
12:56:45	5	0.5	13	0.0000	0.1000	0.00	
12:56:46	5	0.5	13	0.0000	0.1000	0.00	
12:56:47	5	0.5	13	0.0000	0.0000	0.00	
12:56:48	5	0.5	13	0.0000	0.0000	0.00	
12:56:49	5	0.5	13	0.0000	0.1000	0.00	
12:56:50	5	0.5	13	0.0000	0.1000	0.00	
12:56:51	5	0.5	13	0.0000	0.0000	0.00	
12:56:52	5	0.5	13	0.0000	0.0000	0.00	
12:56:53	5	0.5	13	0.0000	0.0000	0.00	
12:56:54	5	0.5	13	0.0000	0.0000	0.00	
12:56:55	5	0.5	13	0.0000	0.0000	0.00	
12:56:56	5	0.5	13	0.0000	0.0000	0.00	
12:56:57	5	0.5	13	0.0000	0.0000	0.00	
12:56:58	5	0.5	13	0.0000	0.0000	0.00	
12:56:59	5	0.5	13	0.0000	0.0000	0.00	
12:57:00	5	0.5	13	0.0000	0.5000	0.00	
12:57:01	5	0.5	13	0.0000	1.0000	0.00	
12:57:02	5	0.5	13	0.0000	1.0000	0.00	
12:57:03	5	0.5	13	0.0000	1.4000	0.00	
12:57:04	5	0.5	13	0.0000	1.3000	0.00	
12:57:05	5	0.5	13	0.0000	1.0000	0.00	
12:57:06	5	0.5	13	0.0000	1.2000	0.00	
12:57:07	5	0.4	13	0.0000	1.6000	0.00	
12:57:08	5	0.5	13	0.0000	1.0000	0.00	
12:57:09	5	0.4	13	0.0000	0.2000	0.00	
12:57:10	5	0.4	13	0.0000	0.1000	0.00	
12:57:11	5	0.4	13	0.0000	0.1000	0.00	
12:57:12	5	0.5	13	0.0000	0.2000	0.00	
12:57:13	5	0.4	13	0.0000	0.4000	0.00	
12:57:14	5	0.4	13	0.0000	0.8000	0.00	
12:57:15	5	0.4	13	0.0000	0.7000	0.00	
12:57:16	5	0.4	13	0.0000	0.3000	0.00	
12:57:17	5	0.4	13	0.0000	0.3000	0.00	
12:57:18	5	0.4	13	0.0000	0.2000	0.00	
12:57:19	5	0.4	13	0.0000	0.1000	0.00	
12:57:20	5	0.4	13	0.0000	0.1000	0.00	
12:57:21	5	0.4	13	0.0000	0.0000	0.00	
12:57:22	5	0.4	13	0.0000	0.0000	0.00	
12:57:23	5	0.4	13	0.0000	0.0000	0.00	
12:57:24	5	0.4	13	0.0000	0.0000	0.00	
12:57:25	5	0.4	13	0.0000	0.1000	0.00	
12:57:26	5	0.4	13	0.0000	0.2000	0.00	
12:57:27	5	0.4	13	0.0000	0.1000	0.00	
12:57:28	5	0.4	13	0.0000	0.0000	0.00	
12:57:29	5	0.4	13	0.0000	0.3000	0.00	
12:57:30	5	0.4	13	0.0000	0.3000	0.00	
12:57:31	5	0.4	13	0.0000	0.1000	0.00	
12:57:32	5	0.4	13	0.0000	0.0000	0.00	
12:57:33	5	0.4	13	0.0000	0.0000	0.00	
12:57:34	5	0.4	13	0.0000	0.0000	0.00	
12:57:35	5	0.4	13	0.0000	0.1000	0.00	
12:57:36	5	0.4	13	0.0000	0.1000	0.00	
12:57:37	5	0.4	13	0.0000	0.2000	0.00	
12:57:38	5	0.4	13	0.0000	0.6000	0.00	
12:57:39	5	0.4	13	0.0000	1.3000	0.00	
12:57:40	5	0.4	13	0.0000	1.9000	0.00	
12:57:41	5	0.4	13	0.1000	2.4000	4.17	
12:57:42	5	0.4	13	0.1000	3.3000	3.03	
12:57:43	5	0.4	13	0.0000	3.1000	0.00	
12:57:44	5	0.4	13	0.0000	2.9000	0.00	
12:57:45	5	0.4	13	0.0000	3.6000	0.00	
12:57:46	5	0.4	13	0.0000	3.1000	0.00	
12:57:47	5	0.4	13	0.0000	2.4000	0.00	
12:57:48	5	0.4	13	0.0000	2.5000	0.00	
12:57:49	5	0.4	13	0.1000	2.3000	4.35	
12:57:50	5	0.4	13	0.1000	2.1000	4.76	
12:57:51	5	0.4	13	0.0000	2.4000	0.00	
12:57:52	5	0.4	13	0.0000	2.1000	0.00	
12:57:53	5	0.4	13	0.1000	1.8000	5.56	
12:57:54	5	0.4	13	0.1000	2.1000	4.76	
12:57:55	5	0.4	13	0.0000	1.8000	0.00	
12:57:56	5	0.4	13	0.0000	1.7000	0.00	
12:57:57	5	0.4	13	0.0000	2.2000	0.00	
12:57:58	5	0.4	13	0.0000	1.4000	0.00	
12:57:59	5	0.4	13	0.0000	0.3000	0.00	
12:58:00	5	0.4	13	0.0000	0.1000	0.00	
12:58:01	5	0.4	13	0.0000	0.1000	0.00	
12:58:02	5	0.4	13	0.0000	0.2000	0.00	
12:58:03	5	0.4	13	0.0000	1.5000	0.00	
12:58:04	5	0.4	13	0.0000	2.1000	0.00	
12:58:05	5	0.4	13	0.0000	1.2000	0.00	
12:58:06	5	0.4	13	0.0000	1.1000	0.00	
12:58:07	5	0.4	13	0.0000	0.7000	0.00	
12:58:08	5	0.4	13	0.0000	0.0000	0.00	
12:58:09	5	0.4	13	0.0000	0.5000	0.00	
12:58:10	5	0.4	13	0.0000	0.8000	0.00	
12:58:11	5	0.4	13	0.0000	0.3000	0.00	
12:58:12	5	0.4	13	0.0000	0.0000	0.00	
12:58:13	5	0.4	13	0.0000	0.2000	0.00	
12:58:14	5	0.4	13	0.0000	0.3000	0.00	
12:58:15	5	0.4	13	0.0000	0.1000	0.00	
12:58:16	5	0.4	13	0.0000	0.0000	0.00	
12:58:17	5	0.4	13	0.0000	0.0000	0.00	
12:58:18	5	0.4	13	0.0000	0.0000	0.00	
12:58:19	5	0.4	13	0.0000	0.1000	0.00	
12:58:20	5	0.4	13	0.0000	0.1000	0.00	
12:58:21	5	0.3	13	0.0000	0.0000	0.00	
12:58:22	5	0.3	13	0.0000	0.0000	0.00	
12:58:23	5	0.3	13	0.0000	0.0000	0.00	
12:58:24	5	0.4	13	0.0000	0.0000	0.00	
12:58:25	5	0.4	13	0.0000	0.1000	0.00	
12:58:26	5	0.4	13	0.0000	0.1000	0.00	
12:58:27	5	0.4	13	0.0000	0.1000	0.00	
12:58:28	5	0.4	13	0.0000	0.1000	0.00	
12:58:29	5	0.4	13	0.0000	0.1000	0.00	
12:58:30	5	0.4	13	0.0000	0.2000	0.00	
12:58:31	5	0.4	13	0.0000	0.2000	0.00	
12:58:32	5	0.4	13	0.0000	0.1000	0.00	
12:58:33	5	0.4	13	0.0000	0.5000	0.00	
12:58:34	5	0.4	13	0.0000	1.6000	0.00	
12:58:35	5	0.4	13	0.0000	1.2000	0.00	
12:58:36	5	0.4	13	0.0000	0.8000	0.00	
12:58:37	5	0.4	13	0.0000	1.4000	0.00	
12:58:38	5	0.4	13	0.0000	0.8000	0.00	
12:58:39	5	0.4	13	0.0000	1.0000	0.00	
12:58:40	5	0.4	13	0.0000	1.9000	0.00	
12:58:41	5	0.4	13	0.0000	1.0000	0.00	
12:58:42	5	0.4	13	0.0000	0.1000	0.00	
12:58:43	5	0.4	13	0.0000	0.0000	0.00	
12:58:44	5	0.4	13	0.0000	0.0000	0.00	
12:58:45	5	0.4	13	0.0000	0.0000	0.00	
12:58:46	5	0.4	13	0.0000	0.2000	0.00	
12:58:47	5	0.4	13	0.0000	0.2000	0.00	
12:58:48	5	0.4	13	0.0000	0.0000	0.00	
12:58:49	5	0.4	13	0.0000	0.0000	0.00	
12:58:50	5	0.4	13	0.0000	0.0000	0.00	
12:58:51	5	0.4	13	0.0000	0.0000	0.00	
12:58:52	5	0.4	13	0.0000	0.0000	0.00	
12:58:53	5	0.4	13	0.0000	0.1000	0.00	
12:58:54	5	0.4	13	0.0000	0.1000	0.00	
12:58:55	5	0.4	13	0.0000	0.0000	0.00	
12:58:56	5	0.4	13	0.0000	0.0000	0.00	
12:58:57	5	0.4	13	0.0000	0.0000	0.00	
12:58:58	5	0.4	13	0.0000	0.0000	0.00	
12:58:59	5	0.4	13	0.0000	0.3000	0.00	
12:59:00	5	0.3	13	0.0000	1.6000	0.00	
12:59:01	5	0.4	13	0.0000	2.7000	0.00	
12:59:02	5	0.4	13	0.0000	3.3000	0.00	
12:59:03	5	0.4	13	0.0000	4.0000	0.00	
12:59:04	5	0.3	13	0.0000	4.6000	0.00	
12:59:05	5	0.3	13	0.0000	5.1000	0.00	
12:59:06	5	0.3	13	0.0000	5.8000	0.00	
12:59:07	5	0.3	13	0.0000	6.4000	0.00	
12:59:08	5	0.3	13	0.0000	6.5000	0.00	
12:59:09	5	0.3	13	0.0000	6.4000	0.00	
12:59:10	5	0.3	13	0.0000	6.0000	0.00	
12:59:11	5	0.3	13	0.0000	5.5000	0.00	
12:59:12	5	0.3	13	0.0000	5.7000	0.00	
12:59:13	5	0.3	13	0.0000	5.5000	0.00	
12:59:14	5	0.3	13	0.0000	4.6000	0.00	
12:59:15	5	0.3	13	0.0000	4.0000	0.00	
12:59:16	5	0.3	13	0.0000	4.0000	0.00	
12:59:17	5	0.3	13	0.0000	4.0000	0.00	
12:59:18	5	0.3	13	0.0000	3.7000	0.00	
12:59:19	5	0.3	13	0.0000	2.7000	0.00	
12:59:20	5	0.3	13	0.0000	2.1000	0.00	
12:59:21	5	0.3	13	0.0000	2.1000	0.00	
12:59:22	5	0.3	13	0.0000	1.3000	0.00	
12:59:23	5	0.3	13	0.0000	0.3000	0.00	
12:59:24	5	0.3	13	0.0000	0.0000	0.00	
12:59:25	5	0.3	13	0.0000	0.0000	0.00	
12:59:26	5	0.3	13	0.0000	0.3000	0.00	
12:59:27	5	0.3	13	0.0000	0.3000	0.00	
12:59:28	5	0.3	13	0.0000	1.0000	0.00	
12:59:29	5	0.3	13	0.0000	2.7000	0.00	
12:59:30	5	0.3	13	0.0000	3.1000	0.00	
12:59:31	5	0.3	13	0.0000	1.8000	0.00	
12:59:32	5	0.3	13	0.0000	1.2000	0.00	
12:59:33	5	0.3	13	0.0000	1.6000	0.00	
12:59:34	5	0.3	13	0.0000	1.5000	0.00	
12:59:35	5	0.3	13	0.0000	0.9000	0.00	
12:59:36	5	0.3	13	0.0000	0.3000	0.00	
12:59:37	5	0.3	13	0.0000	0.1000	0.00	
12:59:38	5	0.3	13	0.0000	0.1000	0.00	
12:59:39	5	0.3	13	0.0000	0.0000	0.00	
12:59:40	5	0.3	13	0.0000	0.5000	0.00	
12:59:41	5	0.3	13	0.0000	2.1000	0.00	
12:59:42	5	0.3	13	0.0000	3.0000	0.00	
12:59:43	5	0.3	13	0.0000	2.2000	0.00	
12:59:44	5	0.3	13	0.0000	1.7000	0.00	
12:59:45	5	0.3	13	0.0000	1.9000	0.00	
12:59:46	5	0.3	13	0.0000	1.3000	0.00	
12:59:47	5	0.3	13	0.0000	0.3000	0.00	
12:59:48	5	0.3	13	0.0000	0.0000	0.00	
12:59:49	5	0.3	13	0.0000	0.3000	0.00	
12:59:50	5	0.2	13	0.0000	0.3000	0.00	
12:59:51	5	0.3	13	0.0000	0.1000	0.00	
12:59:52	5	0.3	13	0.0000	0.2000	0.00	
12:59:53	5	0.2	13	0.0000	0.3000	0.00	
12:59:54	5	0.2	13	0.0000	0.1000	0.00	
12:59:55	5	0.2	13	0.0000	0.2000	0.00	
12:59:56	5	0.2	13	0.0000	1.3000	0.00	
12:59:57	5	0.2	13	0.0000	1.6000	0.00	
12:59:58	5	0.2	13	0.0000	0.5000	0.00	
12:59:59	5	0.3	13	0.0000	0.1000	0.00	
13:00:00	5	0.2	13	0.0000	0.3000	0.00	
13:00:01	5	0.2	13	0.0000	0.2000	0.00	
13:00:02	5	0.2	13	0.0000	0.0000	0.00	
13:00:03	5	0.2	13	0.0000	0.0000	0.00	
13:00:04	5	0.2	13	0.0000	0.0000	0.00	
13:00:05	5	0.2	13	0.0000	0.0000	0.00	
13:00:06	5	0.2	13	0.0000	0.0000	0.00	
13:00:07	5	0.2	13	0.0000	0.0000	0.00	
13:00:08	5	0.2	13	0.0000	0.0000	0.00	
13:00:09	5	0.2	13	0.0000	0.0000	0.00	
13:00:10	5	0.2	13	0.0000	0.0000	0.00	
13:00:11	5	0.2	13	0.0000	0.0000	0.00	
13:00:12	5	0.2	13	0.0000	0.0000	0.00	
13:00:13	5	0.2	13	0.0000	0.0000	0.00	
13:00:14	5	0.2	13	0.0000	0.0000	0.00	
13:00:15	5	0.2	13	0.0000	0.0000	0.00	
13:00:16	5	0.2	13	0.0000	0.0000	0.00	
13:00:17	5	0.2	13	0.0000	0.0000	0.00	
13:00:18	5	0.2	13	0.0000	0.0000	0.00	
13:00:19	5	0.2	13	0.0000	0.6000	0.00	
13:00:20	5	0.2	13	0.0000	0.7000	0.00	
13:00:21	5	0.2	13	0.0000	0.1000	0.00	
13:00:22	5	0.2	13	0.0000	0.0000	0.00	
13:00:23	5	0.2	13	0.0000	0.0000	0.00	
13:00:24	5	0.2	13	0.0000	0.0000	0.00	
13:00:25	5	0.2	13	0.0000	0.3000	0.00	
13:00:26	5	0.2	13	0.0000	1.0000	0.00	
13:00:27	5	0.2	13	0.0000	0.8000	0.00	
13:00:28	5	0.2	13	0.0000	0.2000	0.00	
13:00:29	5	0.2	13	0.0000	0.4000	0.00	
13:00:30	5	0.2	13	0.0000	0.8000	0.00	
13:00:31	5	0.2	13	0.0000	1.2000	0.00	
13:00:32	5	0.2	13	0.0000	1.3000	0.00	
13:00:33	5	0.2	13	0.0000	0.7000	0.00	
13:00:34	5	0.2	13	0.0000	0.1000	0.00	
13:00:35	5	0.3	13	0.0000	0.1000	0.00	
13:00:36	5	0.3	13	0.0000	0.6000	0.00	
13:00:37	5	0.3	13	0.0000	0.5000	0.00	
13:00:38	5	0.3	13	0.0000	0.1000	0.00	
13:00:39	5	0.3	13	0.0000	0.5000	0.00	
13:00:40	5	0.2	13	0.0000	0.5000	0.00	
13:00:41	5	0.3	13	0.0000	0.1000	0.00	
13:00:42	5	0.3	13	0.0000	0.1000	0.00	
13:00:43	5	0.3	13	0.0000	0.3000	0.00	
13:00:44	5	0.3	13	0.0000	0.3000	0.00	
13:00:45	5	0.2	13	0.0000	0.1000	0.00	
13:00:46	5	0.3	13	0.0000	0.8000	0.00	
13:00:47	5	0.2	13	0.0000	1.4000	0.00	
13:00:48	5	0.2	13	0.0000	0.8000	0.00	
13:00:49	5	0.2	13	0.0000	0.4000	0.00	
13:00:50	5	0.2	13	0.0000	1.5000	0.00	
13:00:51	5	0.2	13	0.0000	1.6000	0.00	
13:00:52	5	0.2	13	0.0000	1.4000	0.00	
13:00:53	5	0.2	13	0.0000	2.6000	0.00	
13:00:54	5	0.2	13	0.0000	3.1000	0.00	
13:00:55	5	0.2	13	0.0000	2.5000	0.00	
13:00:56	5	0.2	13	0.0000	2.0000	0.00	
13:00:57	5	0.2	13	0.0000	1.8000	0.00	
13:00:58	5	0.2	13	0.0000	1.6000	0.00	
13:00:59	5	0.2	13	0.0000	0.9000	0.00	
13:01:00	5	0.2	13	0.0000	1.0000	0.00	
13:01:01	5	0.2	13	0.0000	1.2000	0.00	
13:01:02	5	0.2	13	0.0000	0.6000	0.00	
13:01:03	5	0.2	13	0.0000	0.1000	0.00	
13:01:04	5	0.2	13	0.0000	0.0000	0.00	
13:01:05	5	0.1	13	0.0000	0.0000	0.00	
13:01:06	5	0.2	13	0.0000	0.0000	0.00	
13:01:07	5	0.1	13	0.0000	0.0000	0.00	
13:01:08	5	0.1	13	0.0000	0.0000	0.00	
13:01:09	5	0.1	13	0.0000	0.0000	0.00	
13:01:10	5	0.1	13	0.0000	0.0000	0.00	
13:01:11	5	0.1	13	0.0000	0.0000	0.00	
13:01:12	5	0.1	13	0.0000	0.0000	0.00	
13:01:13	5	0.1	13	0.0000	0.0000	0.00	
13:01:14	5	0.1	13	0.0000	0.0000	0.00	
13:01:15	5	0.2	13	0.0000	0.1000	0.00	
13:01:16	5	0.1	13	0.0000	0.1000	0.00	
13:01:17	5	0.1	13	0.0000	0.1000	0.00	
13:01:18	5	0.2	13	0.0000	0.9000	0.00	
13:01:19	5	0.2	13	0.0000	1.1000	0.00	
13:01:20	5	0.2	13	0.0000	0.3000	0.00	
13:01:21	5	0.2	13	0.0000	0.0000	0.00	
13:01:22	5	0.2	13	0.0000	0.1000	0.00	
13:01:23	5	0.1	13	0.0000	0.1000	0.00	
13:01:24	5	0.1	13	0.0000	0.0000	0.00	
13:01:25	5	0.2	13	0.0000	0.0000	0.00	
13:01:26	5	0.2	13	0.0000	0.0000	0.00	
13:01:27	5	0.2	13	0.0000	0.0000	0.00	
13:01:28	5	0.2	13	0.0000	0.0000	0.00	
13:01:29	5	0.2	13	0.0000	0.1000	0.00	
