Data Start: 2020-09-20 18:06:49
Data End: 2020-09-20 18:32:23
Devicename: Multi Plankton Sampler MPS
IdentNo.: 1020

Net []
Range1: 0 to 5

Pressure [dbar]
Range1: 0.0 to 3000.0  Cal0: -8.585877E+2  Cal1: 1.175972E-1  Cal2: -1.044298E-6  Cal3: -1.441992E+0  Cal4: 9.253807E-5  Cal5: -8.766143E-10  Cal6: 7.97392E-2  Cal7: 7.856609E-2  Cal8: -1.359118E-8

Volume [m³]
Range1: 0 to 65000  Cal0: 2.5E-1

Flow in [m/s]
Range1: 0.0000 to 9.9000

Flow out [m/s]
Range1: 0.0000 to 9.9000

Flow ratio [%]
Range1: 0.00 to 200.00

Header Comment

Ship:		
Cruise:		
Station:		
Cast:		
Position:		
Operator:		


Time [hh:mm:ss]	Net []	Pressure [dbar]	Volume [m³]	Flow in [m/s]	Flow out [m/s]	Flow ratio [%]	Comments  [Index]
18:06:49	0	0.1	0	0.0000	0.0000	0.00	
18:06:50	0	0.1	0	0.0000	0.0000	0.00	
18:06:51	0	0.1	0	0.0000	0.0000	0.00	
18:06:52	0	0.1	0	0.0000	0.0000	0.00	
18:06:53	0	0.1	0	0.0000	0.0000	0.00	
18:06:54	0	0.1	0	0.0000	0.0000	0.00	
18:06:55	0	0.1	0	0.0000	0.0000	0.00	
18:06:56	0	0.1	0	0.0000	0.0000	0.00	
18:06:57	0	0.1	0	0.0000	0.0000	0.00	
18:06:58	0	0.1	0	0.0000	0.0000	0.00	
18:06:59	0	0.1	0	0.0000	0.0000	0.00	
18:07:00	0	0.1	0	0.0000	0.0000	0.00	
18:07:01	0	0.1	0	0.0000	0.0000	0.00	
18:07:02	0	0.1	0	0.0000	0.0000	0.00	
18:07:03	0	0.1	0	0.0000	0.0000	0.00	
18:07:04	0	0.1	0	0.0000	0.0000	0.00	
18:07:05	0	0.1	0	0.0000	0.0000	0.00	
18:07:06	0	0.1	0	0.0000	0.0000	0.00	
18:07:07	0	0.1	0	0.0000	0.0000	0.00	
18:07:08	0	0.1	0	0.0000	0.0000	0.00	
18:07:09	0	0.0	0	0.0000	0.0000	0.00	
18:07:10	0	0.1	0	0.0000	0.0000	0.00	
18:07:11	0	0.1	0	0.0000	0.0000	0.00	
18:07:12	0	0.1	0	0.0000	0.0000	0.00	
18:07:13	0	0.1	0	0.0000	0.0000	0.00	
18:07:14	0	0.1	0	0.0000	0.0000	0.00	
18:07:15	0	0.1	0	0.0000	0.0000	0.00	
18:07:16	0	0.1	0	0.0000	0.0000	0.00	
18:07:17	0	0.1	0	0.0000	0.0000	0.00	
18:07:18	0	0.1	0	0.0000	0.0000	0.00	
18:07:19	0	0.1	0	0.0000	0.0000	0.00	
18:07:20	0	0.1	0	0.0000	0.0000	0.00	
18:07:21	0	0.1	0	0.0000	0.0000	0.00	
18:07:22	0	0.1	0	0.0000	0.0000	0.00	
18:07:23	0	0.1	0	0.0000	0.1000	0.00	
18:07:24	0	0.1	0	0.0000	0.1000	0.00	
18:07:25	0	0.1	0	0.0000	0.0000	0.00	
18:07:26	0	0.1	0	0.0000	0.0000	0.00	
18:07:27	0	0.1	0	0.0000	0.0000	0.00	
18:07:28	0	0.1	0	0.0000	0.0000	0.00	
18:07:29	0	0.1	0	0.0000	0.0000	0.00	
18:07:30	0	0.1	0	0.0000	0.0000	0.00	
18:07:31	0	0.1	0	0.0000	0.2000	0.00	
18:07:32	0	0.1	0	0.0000	0.2000	0.00	
18:07:33	0	0.1	0	0.0000	0.0000	0.00	
18:07:34	0	0.1	0	0.0000	0.0000	0.00	
18:07:35	0	0.1	0	0.0000	0.0000	0.00	
18:07:36	0	0.1	0	0.0000	0.0000	0.00	
18:07:37	0	0.1	0	0.0000	0.1000	0.00	
18:07:38	0	0.1	0	0.0000	0.1000	0.00	
18:07:39	0	0.1	0	0.0000	0.0000	0.00	
18:07:40	0	0.1	0	0.0000	0.0000	0.00	
18:07:41	0	0.1	0	0.0000	0.0000	0.00	
18:07:42	0	0.1	0	0.0000	0.0000	0.00	
18:07:43	0	0.1	0	0.0000	0.0000	0.00	
18:07:44	0	0.1	0	0.0000	0.0000	0.00	
18:07:45	0	0.1	0	0.0000	0.0000	0.00	
18:07:46	0	0.1	0	0.0000	0.0000	0.00	
18:07:47	0	0.1	0	0.0000	0.0000	0.00	
18:07:48	0	0.1	0	0.0000	0.0000	0.00	
18:07:49	0	0.1	0	0.0000	0.0000	0.00	
18:07:50	0	0.1	0	0.0000	0.0000	0.00	
18:07:51	0	0.1	0	0.0000	0.0000	0.00	
18:07:52	0	0.1	0	0.0000	0.0000	0.00	
18:07:53	0	0.1	0	0.0000	0.0000	0.00	
18:07:54	0	0.1	0	0.0000	0.0000	0.00	
18:07:55	0	0.1	0	0.0000	0.0000	0.00	
18:07:56	0	0.1	0	0.0000	0.0000	0.00	
18:07:57	0	0.1	0	0.0000	0.0000	0.00	
18:07:58	0	0.1	0	0.0000	0.0000	0.00	
18:07:59	0	0.1	0	0.0000	0.0000	0.00	
18:08:00	0	0.1	0	0.0000	0.0000	0.00	
18:08:01	0	0.1	0	0.0000	0.0000	0.00	
18:08:02	0	0.1	0	0.0000	0.0000	0.00	
18:08:03	0	0.1	0	0.0000	0.0000	0.00	
18:08:04	0	0.0	0	0.0000	0.0000	0.00	
18:08:05	0	0.0	0	0.0000	0.0000	0.00	
18:08:06	0	0.1	0	0.0000	0.0000	0.00	
18:08:07	0	0.1	0	0.0000	0.1000	0.00	
18:08:08	0	0.1	0	0.0000	0.3000	0.00	
18:08:09	0	0.1	0	0.0000	0.1000	0.00	
18:08:10	0	0.1	0	0.0000	0.1000	0.00	
18:08:11	0	0.1	0	0.0000	0.1000	0.00	
18:08:12	0	0.1	0	0.0000	0.1000	0.00	
18:08:13	0	0.1	0	0.0000	0.7000	0.00	
18:08:14	0	0.1	0	0.0000	0.8000	0.00	
18:08:15	0	0.1	0	0.0000	0.3000	0.00	
18:08:16	0	0.1	0	0.0000	0.2000	0.00	
18:08:17	0	0.1	0	0.0000	0.1000	0.00	
18:08:18	0	0.1	0	0.0000	0.1000	0.00	
18:08:19	0	0.1	0	0.0000	0.1000	0.00	
18:08:20	0	0.1	0	0.0000	0.7000	0.00	
18:08:21	0	0.1	0	0.0000	1.2000	0.00	
18:08:22	0	0.1	0	0.0000	0.8000	0.00	
18:08:23	0	0.1	0	0.0000	0.3000	0.00	
18:08:24	0	0.1	0	0.0000	0.1000	0.00	
18:08:25	0	0.1	0	0.0000	0.1000	0.00	
18:08:26	0	0.1	0	0.0000	0.1000	0.00	
18:08:27	0	0.1	0	0.0000	0.0000	0.00	
18:08:28	0	0.1	0	0.0000	0.0000	0.00	
18:08:29	0	0.1	0	0.0000	0.1000	0.00	
18:08:30	0	0.1	0	0.0000	0.1000	0.00	
18:08:31	0	0.1	0	0.0000	0.0000	0.00	
18:08:32	0	0.1	0	0.0000	0.0000	0.00	
18:08:33	0	0.1	0	0.0000	0.0000	0.00	
18:08:34	0	0.1	0	0.0000	0.0000	0.00	
18:08:35	0	0.1	0	0.0000	0.0000	0.00	
18:08:36	0	0.1	0	0.0000	0.0000	0.00	
18:08:37	0	0.1	0	0.0000	0.0000	0.00	
18:08:38	0	0.1	0	0.0000	0.0000	0.00	
18:08:39	0	0.1	0	0.2000	0.1000	200.00	
18:08:40	0	0.2	0	0.8000	0.5000	160.00	
18:08:41	0	0.2	0	1.2000	0.8000	150.00	
18:08:42	0	0.4	0	1.1000	0.9000	122.22	
18:08:43	0	0.4	1	1.2000	1.0000	120.00	
18:08:44	0	0.7	1	1.4000	1.1000	127.27	
18:08:45	0	1.2	2	1.7000	1.3000	130.77	
18:08:46	0	1.1	2	1.8000	1.4000	128.57	
18:08:47	0	1.8	2	1.4000	1.2000	116.67	
18:08:48	0	2.1	3	1.5000	1.3000	115.38	
18:08:49	0	2.6	3	1.7000	1.5000	113.33	
18:08:50	0	3.0	4	1.5000	1.5000	100.00	
18:08:51	0	3.4	4	1.4000	1.4000	100.00	
18:08:52	0	3.8	4	1.2000	1.2000	100.00	
18:08:53	0	4.3	4	1.0000	1.1000	90.91	
18:08:54	0	4.7	5	1.2000	1.2000	100.00	
18:08:55	0	5.3	5	1.2000	1.1000	109.09	
18:08:56	0	5.6	5	1.2000	1.1000	109.09	
18:08:57	0	5.9	6	1.2000	1.1000	109.09	
18:08:58	0	6.4	6	1.0000	1.0000	100.00	
18:08:59	0	7.0	6	1.2000	1.1000	109.09	
18:09:00	0	7.4	7	1.3000	1.1000	118.18	
18:09:01	0	7.9	7	1.3000	1.1000	118.18	
18:09:02	0	8.4	7	1.2000	1.1000	109.09	
18:09:03	0	8.9	7	1.2000	1.1000	109.09	
18:09:04	0	9.4	8	1.2000	1.1000	109.09	
18:09:05	0	9.9	8	1.2000	1.1000	109.09	
18:09:06	0	10.4	8	1.2000	1.1000	109.09	
18:09:07	0	10.9	9	1.2000	1.0000	120.00	
18:09:08	0	11.5	9	1.2000	1.0000	120.00	
18:09:09	0	11.8	9	1.2000	1.1000	109.09	
18:09:10	0	12.5	9	1.2000	1.0000	120.00	
18:09:11	0	13.0	10	1.1000	1.0000	110.00	
18:09:12	0	13.3	10	1.2000	1.1000	109.09	
18:09:13	0	13.8	10	1.1000	1.0000	110.00	
18:09:14	0	14.5	11	1.0000	1.0000	100.00	
18:09:15	0	14.8	11	1.2000	1.1000	109.09	
18:09:16	0	15.3	11	1.1000	1.0000	110.00	
18:09:17	0	15.8	11	1.0000	1.0000	100.00	
18:09:18	0	16.3	12	1.1000	1.0000	110.00	
18:09:19	0	16.8	12	1.1000	1.0000	110.00	
18:09:20	0	17.4	12	1.2000	1.0000	120.00	
18:09:21	0	17.9	12	1.2000	1.0000	120.00	
18:09:22	0	18.3	13	1.1000	1.0000	110.00	
18:09:23	0	18.9	13	1.1000	1.0000	110.00	
18:09:24	0	19.5	13	1.1000	1.0000	110.00	
18:09:25	0	19.9	14	1.2000	1.0000	120.00	
18:09:26	0	20.4	14	1.2000	1.0000	120.00	
18:09:27	0	21.0	14	1.0000	1.0000	100.00	
18:09:28	0	21.5	14	1.1000	1.0000	110.00	
18:09:29	0	21.9	15	1.2000	1.0000	120.00	
18:09:30	0	22.3	15	1.2000	1.0000	120.00	
18:09:31	0	22.7	15	1.2000	1.0000	120.00	
18:09:32	0	22.9	16	1.2000	1.0000	120.00	
18:09:33	0	23.3	16	1.2000	1.0000	120.00	
18:09:34	0	23.5	16	1.2000	1.0000	120.00	
18:09:35	0	23.7	17	1.3000	1.1000	118.18	
18:09:36	0	24.0	17	1.2000	1.1000	109.09	
18:09:37	0	24.4	17	1.2000	1.0000	120.00	
18:09:38	0	24.6	17	1.3000	1.0000	130.00	
18:09:39	0	24.8	18	1.4000	1.1000	127.27	
18:09:40	0	25.1	18	1.3000	1.1000	118.18	
18:09:41	0	25.3	18	1.4000	1.1000	127.27	
18:09:42	0	25.5	19	1.4000	1.1000	127.27	
18:09:43	0	25.9	19	1.2000	1.0000	120.00	
18:09:44	0	25.9	20	1.4000	1.1000	127.27	
18:09:45	0	26.2	20	1.4000	1.2000	116.67	
18:09:46	0	26.5	20	1.1000	1.0000	110.00	
18:09:47	0	26.7	20	1.2000	1.0000	120.00	
18:09:48	0	26.9	21	1.4000	1.1000	127.27	
18:09:49	0	27.1	21	1.4000	1.1000	127.27	
18:09:50	0	27.5	21	1.3000	1.1000	118.18	
18:09:51	0	27.7	22	1.2000	1.1000	109.09	
18:09:52	0	27.7	22	1.5000	1.2000	125.00	
18:09:53	0	27.9	22	1.4000	1.2000	116.67	
18:09:54	0	28.2	23	1.3000	1.2000	108.33	
18:09:55	0	28.3	23	1.4000	1.2000	116.67	
18:09:56	0	28.7	23	1.4000	1.2000	116.67	
18:09:57	0	28.8	24	1.4000	1.2000	116.67	
18:09:58	0	29.0	24	1.5000	1.2000	125.00	
18:09:59	0	29.3	25	1.3000	1.2000	108.33	
18:10:00	0	29.3	25	1.4000	1.2000	116.67	
18:10:01	0	29.8	25	1.2000	1.1000	109.09	
18:10:02	0	29.8	26	1.3000	1.2000	108.33	
18:10:03	0	30.2	26	1.3000	1.2000	108.33	
18:10:04	0	30.4	26	1.3000	1.1000	118.18	
18:10:05	0	30.7	26	1.4000	1.2000	116.67	
18:10:06	0	30.9	27	1.2000	1.1000	109.09	
18:10:07	0	31.0	27	1.4000	1.2000	116.67	
18:10:08	0	31.6	27	1.2000	1.1000	109.09	
18:10:09	0	31.6	28	1.3000	1.1000	118.18	
18:10:10	0	31.9	28	1.4000	1.2000	116.67	
18:10:11	0	32.1	28	1.2000	1.1000	109.09	
18:10:12	0	32.4	29	1.4000	1.1000	127.27	
18:10:13	0	32.7	29	1.4000	1.1000	127.27	
18:10:14	0	32.9	30	1.4000	1.1000	127.27	
18:10:15	0	33.1	30	1.4000	1.1000	127.27	
18:10:16	0	33.3	30	1.4000	1.1000	127.27	
18:10:17	0	33.5	31	1.4000	1.2000	116.67	
18:10:18	0	33.6	31	1.5000	1.2000	125.00	
18:10:19	0	33.9	31	1.4000	1.1000	127.27	
18:10:20	0	34.1	32	1.4000	1.2000	116.67	
18:10:21	0	34.2	32	1.4000	1.2000	116.67	
18:10:22	0	34.4	32	1.4000	1.2000	116.67	
18:10:23	0	34.5	33	1.3000	1.2000	108.33	
18:10:24	0	34.9	33	1.1000	1.1000	100.00	
18:10:25	0	34.8	33	1.3000	1.1000	118.18	
18:10:26	0	35.1	34	1.3000	1.1000	118.18	
18:10:27	0	35.3	34	1.2000	1.1000	109.09	
18:10:28	0	35.6	34	1.2000	1.2000	100.00	
18:10:29	0	35.7	35	1.3000	1.1000	118.18	
18:10:30	0	35.9	35	1.4000	1.1000	127.27	
18:10:31	0	36.1	35	1.2000	1.1000	109.09	
18:10:32	0	36.1	36	1.4000	1.2000	116.67	
18:10:33	0	36.4	36	1.4000	1.2000	116.67	
18:10:34	0	36.4	36	1.4000	1.2000	116.67	
18:10:35	0	36.8	36	1.3000	1.2000	108.33	
18:10:36	0	36.8	37	1.4000	1.2000	116.67	
18:10:37	0	37.1	37	1.4000	1.2000	116.67	
18:10:38	0	37.2	38	1.3000	1.2000	108.33	
18:10:39	0	37.5	38	1.3000	1.2000	108.33	
18:10:40	0	37.6	38	1.4000	1.2000	116.67	
18:10:41	0	37.9	39	1.4000	1.2000	116.67	
18:10:42	0	38.1	39	1.4000	1.1000	127.27	
18:10:43	0	38.1	39	1.4000	1.2000	116.67	
18:10:44	0	38.3	40	1.4000	1.2000	116.67	
18:10:45	0	38.5	40	1.4000	1.1000	127.27	
18:10:46	0	38.7	40	1.4000	1.1000	127.27	
18:10:47	0	38.7	41	1.5000	1.2000	125.00	
18:10:48	0	38.9	41	1.5000	1.2000	125.00	
18:10:49	0	39.1	41	1.4000	1.2000	116.67	
18:10:50	0	39.3	42	1.4000	1.2000	116.67	
18:10:51	0	39.4	42	1.5000	1.2000	125.00	
18:10:52	0	39.5	42	1.5000	1.2000	125.00	
18:10:53	0	39.8	43	1.4000	1.2000	116.67	
18:10:54	0	40.0	43	1.4000	1.2000	116.67	
18:10:55	0	40.2	44	1.4000	1.2000	116.67	
18:10:56	0	40.2	44	1.6000	1.2000	133.33	
18:10:57	0	40.4	44	1.4000	1.2000	116.67	
18:10:58	0	40.5	45	1.2000	1.2000	100.00	
18:10:59	0	40.7	45	1.4000	1.2000	116.67	
18:11:00	0	40.8	45	1.4000	1.2000	116.67	
18:11:01	0	40.9	46	1.4000	1.2000	116.67	
18:11:02	0	41.0	46	1.4000	1.2000	116.67	
18:11:03	0	41.3	46	1.4000	1.2000	116.67	
18:11:04	0	41.4	47	1.4000	1.2000	116.67	
18:11:05	0	41.5	47	1.5000	1.2000	125.00	
18:11:06	0	41.8	47	1.4000	1.2000	116.67	
18:11:07	0	41.8	48	1.5000	1.2000	125.00	
18:11:08	0	42.1	48	1.4000	1.2000	116.67	
18:11:09	0	42.2	49	1.4000	1.2000	116.67	
18:11:10	0	42.3	49	1.6000	1.2000	133.33	
18:11:11	0	42.6	49	1.4000	1.2000	116.67	
18:11:12	0	42.6	50	1.5000	1.2000	125.00	
18:11:13	0	42.8	50	1.6000	1.3000	123.08	
18:11:14	0	42.9	50	1.3000	1.2000	108.33	
18:11:15	0	43.0	51	1.4000	1.2000	116.67	
18:11:16	0	43.3	51	1.4000	1.2000	116.67	
18:11:17	0	43.3	51	1.4000	1.2000	116.67	
18:11:18	0	43.5	52	1.4000	1.2000	116.67	
18:11:19	0	43.5	52	1.4000	1.2000	116.67	
18:11:20	0	43.9	52	1.3000	1.2000	108.33	
18:11:21	0	43.9	53	1.2000	1.1000	109.09	
18:11:22	0	43.9	53	1.6000	1.3000	123.08	
18:11:23	0	44.2	53	1.4000	1.2000	116.67	
18:11:24	0	44.3	54	1.2000	1.2000	100.00	
18:11:25	0	44.4	54	1.4000	1.2000	116.67	
18:11:26	0	44.5	54	1.4000	1.2000	116.67	
18:11:27	0	44.6	55	1.4000	1.2000	116.67	
18:11:28	0	44.8	55	1.4000	1.2000	116.67	
18:11:29	0	45.0	55	1.3000	1.2000	108.33	
18:11:30	0	45.2	56	1.3000	1.2000	108.33	
18:11:31	0	45.4	56	1.4000	1.2000	116.67	
18:11:32	0	45.5	57	1.5000	1.2000	125.00	
18:11:33	0	45.7	57	1.4000	1.2000	116.67	
18:11:34	0	45.7	57	1.4000	1.2000	116.67	
18:11:35	0	45.7	58	1.6000	1.3000	123.08	
18:11:36	0	45.8	58	1.5000	1.4000	107.14	
18:11:37	0	46.1	58	1.2000	1.2000	100.00	
18:11:38	0	46.1	59	1.4000	1.2000	116.67	
18:11:39	0	46.2	59	1.5000	1.2000	125.00	
18:11:40	0	46.5	59	1.2000	1.2000	100.00	
18:11:41	0	46.6	60	1.4000	1.2000	116.67	
18:11:42	0	46.8	60	1.4000	1.2000	116.67	
18:11:43	0	47.0	60	1.4000	1.2000	116.67	
18:11:44	0	47.0	61	1.5000	1.3000	115.38	
18:11:45	0	47.2	61	1.4000	1.2000	116.67	
18:11:46	0	47.2	61	1.4000	1.2000	116.67	
18:11:47	0	47.6	62	1.4000	1.2000	116.67	
18:11:48	0	47.7	62	1.2000	1.1000	109.09	
18:11:49	0	47.7	63	1.5000	1.2000	125.00	
18:11:50	0	48.0	63	1.4000	1.2000	116.67	
18:11:51	0	48.0	63	1.3000	1.2000	108.33	
18:11:52	0	48.3	63	1.4000	1.2000	116.67	
18:11:53	0	48.3	64	1.3000	1.2000	108.33	
18:11:54	0	48.4	64	1.6000	1.2000	133.33	
18:11:55	0	48.7	65	1.4000	1.2000	116.67	
18:11:56	0	48.8	65	1.3000	1.2000	108.33	
18:11:57	0	49.1	65	1.4000	1.2000	116.67	
18:11:58	0	49.1	66	1.4000	1.2000	116.67	
18:11:59	0	49.3	66	1.4000	1.2000	116.67	
18:12:00	0	49.5	66	1.4000	1.2000	116.67	
18:12:01	0	49.7	67	1.4000	1.2000	116.67	
18:12:02	0	49.9	67	1.4000	1.2000	116.67	
18:12:03	0	50.0	67	1.5000	1.3000	115.38	
18:12:04	0	50.3	68	1.4000	1.2000	116.67	
18:12:05	0	50.3	68	1.4000	1.2000	116.67	
18:12:06	0	50.5	68	1.5000	1.2000	125.00	
18:12:07	0	50.7	69	1.2000	1.2000	100.00	
18:12:08	0	50.8	69	1.4000	1.2000	116.67	
18:12:09	0	50.9	69	1.4000	1.2000	116.67	
18:12:10	0	51.3	70	1.4000	1.2000	116.67	
18:12:11	0	51.4	70	1.5000	1.2000	125.00	
18:12:12	0	51.5	71	1.5000	1.2000	125.00	
18:12:13	0	51.6	71	1.5000	1.2000	125.00	
18:12:14	0	51.8	71	1.5000	1.2000	125.00	
18:12:15	0	51.9	72	1.4000	1.2000	116.67	
18:12:16	0	52.0	72	1.4000	1.2000	116.67	
18:12:17	0	52.1	72	1.5000	1.2000	125.00	
18:12:18	0	52.4	73	1.3000	1.1000	118.18	
18:12:19	0	52.5	73	1.4000	1.1000	127.27	
18:12:20	0	52.7	73	1.6000	1.2000	133.33	
18:12:21	0	53.0	74	1.3000	1.1000	118.18	
18:12:22	0	53.0	74	1.4000	1.2000	116.67	
18:12:23	0	53.1	75	1.6000	1.2000	133.33	
18:12:24	0	53.5	75	1.2000	1.2000	100.00	
18:12:25	0	53.5	75	1.4000	1.2000	116.67	
18:12:26	0	53.8	76	1.5000	1.3000	115.38	
18:12:27	0	53.9	76	1.4000	1.3000	107.69	
18:12:28	0	54.2	76	1.6000	1.3000	123.08	
18:12:29	0	54.4	77	1.4000	1.2000	116.67	
18:12:30	0	54.3	77	1.5000	1.2000	125.00	
18:12:31	0	54.7	77	1.4000	1.2000	116.67	
18:12:32	0	54.8	78	1.3000	1.2000	108.33	
18:12:33	0	55.1	78	1.4000	1.2000	116.67	
18:12:34	0	55.3	78	1.4000	1.2000	116.67	
18:12:35	0	55.7	79	1.3000	1.2000	108.33	
18:12:36	0	55.7	79	1.5000	1.2000	125.00	
18:12:37	0	56.0	79	1.5000	1.2000	125.00	
18:12:38	0	56.2	80	1.3000	1.1000	118.18	
18:12:39	0	56.3	80	1.4000	1.2000	116.67	
18:12:40	0	56.7	80	1.2000	1.1000	109.09	
18:12:41	0	56.6	81	1.4000	1.1000	127.27	
18:12:42	0	57.2	81	1.3000	1.1000	118.18	
18:12:43	0	57.3	81	1.2000	1.0000	120.00	
18:12:44	0	57.5	82	1.4000	1.2000	116.67	
18:12:45	0	57.8	82	1.3000	1.1000	118.18	
18:12:46	0	58.2	82	1.2000	1.0000	120.00	
18:12:47	0	58.4	83	1.2000	1.0000	120.00	
18:12:48	0	58.6	83	1.3000	1.0000	130.00	
18:12:49	0	58.8	83	1.2000	1.0000	120.00	
18:12:50	0	59.0	84	1.2000	1.0000	120.00	
18:12:51	0	59.4	84	1.2000	1.0000	120.00	
18:12:52	0	59.6	84	1.2000	1.0000	120.00	
18:12:53	0	59.7	85	1.4000	1.1000	127.27	
18:12:54	0	60.1	85	1.2000	1.0000	120.00	
18:12:55	0	60.5	85	1.1000	1.0000	110.00	
18:12:56	0	60.5	86	1.4000	1.0000	140.00	
18:12:57	0	60.9	86	1.3000	1.0000	130.00	
18:12:58	0	61.2	86	1.2000	1.0000	120.00	
18:12:59	0	61.2	86	1.4000	1.1000	127.27	
18:13:00	0	61.8	87	1.2000	1.0000	120.00	
18:13:01	0	61.9	87	1.2000	1.0000	120.00	
18:13:02	0	62.2	87	1.3000	1.1000	118.18	
18:13:03	0	62.5	88	1.2000	1.0000	120.00	
18:13:04	0	62.7	88	1.4000	1.1000	127.27	
18:13:05	0	63.1	88	1.2000	1.1000	109.09	
18:13:06	0	63.3	89	1.2000	1.0000	120.00	
18:13:07	0	63.5	89	1.4000	1.1000	127.27	
18:13:08	0	63.8	89	1.2000	1.0000	120.00	
18:13:09	0	64.1	90	1.2000	1.0000	120.00	
18:13:10	0	64.4	90	1.3000	1.1000	118.18	
18:13:11	0	64.5	90	1.4000	1.2000	116.67	
18:13:12	0	64.9	91	1.2000	1.1000	109.09	
18:13:13	0	65.1	91	1.2000	1.1000	109.09	
18:13:14	0	65.4	91	1.3000	1.2000	108.33	
18:13:15	0	65.6	92	1.3000	1.2000	108.33	
18:13:16	0	65.7	92	1.4000	1.2000	116.67	
18:13:17	0	66.2	92	1.2000	1.0000	120.00	
18:13:18	0	66.2	93	1.4000	1.2000	116.67	
18:13:19	0	66.5	93	1.4000	1.2000	116.67	
18:13:20	0	66.9	93	1.2000	1.1000	109.09	
18:13:21	0	67.1	93	1.4000	1.2000	116.67	
18:13:22	0	67.4	94	1.4000	1.2000	116.67	
18:13:23	0	67.8	94	1.3000	1.1000	118.18	
18:13:24	0	68.2	94	1.4000	1.1000	127.27	
18:13:25	0	68.2	95	1.4000	1.2000	116.67	
18:13:26	0	68.5	95	1.4000	1.2000	116.67	
18:13:27	0	68.9	95	1.2000	1.1000	109.09	
18:13:28	0	69.0	96	1.4000	1.1000	127.27	
18:13:29	0	69.2	96	1.5000	1.2000	125.00	
18:13:30	0	69.7	96	1.3000	1.2000	108.33	
18:13:31	0	69.6	97	1.4000	1.2000	116.67	
18:13:32	0	70.1	97	1.4000	1.2000	116.67	
18:13:33	0	70.4	97	1.1000	1.1000	100.00	
18:13:34	0	70.7	98	1.2000	1.1000	109.09	
18:13:35	0	70.7	98	1.4000	1.2000	116.67	
18:13:36	0	71.1	98	1.3000	1.1000	118.18	
18:13:37	0	71.4	99	1.1000	1.0000	110.00	
18:13:38	0	71.5	99	1.3000	1.2000	108.33	
18:13:39	0	71.8	99	1.4000	1.2000	116.67	
18:13:40	0	72.0	100	1.4000	1.1000	127.27	
18:13:41	0	72.3	100	1.3000	1.1000	118.18	
18:13:42	0	72.5	100	1.3000	1.1000	118.18	
18:13:43	0	72.8	101	1.4000	1.1000	127.27	
18:13:44	0	73.0	101	1.3000	1.1000	118.18	
18:13:45	0	73.3	101	1.2000	1.1000	109.09	
18:13:46	0	73.3	102	1.4000	1.1000	127.27	
18:13:47	0	73.7	102	1.4000	1.1000	127.27	
18:13:48	0	73.8	102	1.2000	1.1000	109.09	
18:13:49	0	74.1	103	1.3000	1.1000	118.18	
18:13:50	0	74.4	103	1.4000	1.1000	127.27	
18:13:51	0	74.8	103	1.4000	1.1000	127.27	
18:13:52	0	74.8	104	1.4000	1.2000	116.67	
18:13:53	0	75.2	104	1.4000	1.2000	116.67	
18:13:54	0	75.5	104	1.3000	1.2000	108.33	
18:13:55	0	75.6	105	1.5000	1.2000	125.00	
18:13:56	0	76.2	105	1.3000	1.1000	118.18	
18:13:57	0	76.2	106	1.4000	1.2000	116.67	
18:13:58	0	76.6	106	1.4000	1.2000	116.67	
18:13:59	0	77.0	106	1.3000	1.1000	118.18	
18:14:00	0	77.1	106	1.4000	1.2000	116.67	
18:14:01	0	77.4	107	1.2000	1.1000	109.09	
18:14:02	0	77.7	107	1.2000	1.0000	120.00	
18:14:03	0	78.1	107	1.2000	1.0000	120.00	
18:14:04	0	78.2	108	1.4000	1.1000	127.27	
18:14:05	0	78.7	108	1.3000	1.1000	118.18	
18:14:06	0	78.8	108	1.2000	1.0000	120.00	
18:14:07	0	79.2	109	1.2000	1.0000	120.00	
18:14:08	0	79.4	109	1.2000	1.0000	120.00	
18:14:09	0	79.7	109	1.4000	1.0000	140.00	
18:14:10	0	79.9	110	1.3000	1.0000	130.00	
18:14:11	0	80.2	110	1.3000	1.1000	118.18	
18:14:12	0	80.6	110	1.2000	1.1000	109.09	
18:14:13	0	80.7	111	1.4000	1.1000	127.27	
18:14:14	0	81.1	111	1.4000	1.1000	127.27	
18:14:15	0	81.3	111	1.4000	1.2000	116.67	
18:14:16	0	81.7	112	1.4000	1.2000	116.67	
18:14:17	0	81.8	112	1.4000	1.1000	127.27	
18:14:18	0	82.1	112	1.3000	1.1000	118.18	
18:14:19	0	82.5	113	1.2000	1.1000	109.09	
18:14:20	0	82.5	113	1.4000	1.2000	116.67	
18:14:21	0	82.9	113	1.3000	1.1000	118.18	
18:14:22	0	83.1	114	1.2000	1.1000	109.09	
18:14:23	0	83.5	114	1.4000	1.2000	116.67	
18:14:24	0	83.6	114	1.4000	1.2000	116.67	
18:14:25	0	83.6	115	1.6000	1.2000	133.33	
18:14:26	0	84.2	115	1.2000	1.2000	100.00	
18:14:27	0	84.1	115	1.4000	1.2000	116.67	
18:14:28	0	84.5	116	1.4000	1.2000	116.67	
18:14:29	0	84.7	116	1.3000	1.2000	108.33	
18:14:30	0	84.9	116	1.4000	1.2000	116.67	
18:14:31	0	85.2	117	1.2000	1.2000	100.00	
18:14:32	0	85.5	117	1.2000	1.1000	109.09	
18:14:33	0	85.9	117	1.3000	1.1000	118.18	
18:14:34	0	86.0	118	1.5000	1.2000	125.00	
18:14:35	0	86.4	118	1.4000	1.2000	116.67	
18:14:36	0	86.7	118	1.2000	1.1000	109.09	
18:14:37	0	87.0	119	1.3000	1.1000	118.18	
18:14:38	0	87.2	119	1.3000	1.2000	108.33	
18:14:39	0	87.4	119	1.4000	1.2000	116.67	
18:14:40	0	87.7	120	1.4000	1.2000	116.67	
18:14:41	0	87.9	120	1.4000	1.2000	116.67	
18:14:42	0	88.2	120	1.3000	1.1000	118.18	
18:14:43	0	88.3	121	1.4000	1.1000	127.27	
18:14:44	0	88.4	121	1.4000	1.2000	116.67	
18:14:45	0	88.7	121	1.2000	1.2000	100.00	
18:14:46	0	88.8	122	1.4000	1.2000	116.67	
18:14:47	0	89.2	122	1.2000	1.2000	100.00	
18:14:48	0	89.4	122	1.2000	1.1000	109.09	
18:14:49	0	89.7	123	1.3000	1.0000	130.00	
18:14:50	0	89.8	123	1.3000	1.1000	118.18	
18:14:51	0	90.1	123	1.3000	1.2000	108.33	
18:14:52	0	90.6	124	1.2000	1.0000	120.00	
18:14:53	0	90.5	124	1.4000	1.1000	127.27	
18:14:54	0	90.8	124	1.3000	1.2000	108.33	
18:14:55	0	91.2	125	1.1000	1.0000	110.00	
18:14:56	0	91.4	125	1.2000	1.0000	120.00	
18:14:57	0	91.7	125	1.2000	1.1000	109.09	
18:14:58	0	91.8	126	1.4000	1.2000	116.67	
18:14:59	0	92.3	126	1.3000	1.1000	118.18	
18:15:00	0	92.4	126	1.2000	1.0000	120.00	
18:15:01	0	92.8	126	1.3000	1.1000	118.18	
18:15:02	0	93.1	127	1.2000	1.1000	109.09	
18:15:03	0	93.4	127	1.3000	1.0000	130.00	
18:15:04	0	93.5	127	1.2000	1.0000	120.00	
18:15:05	0	93.8	128	1.2000	1.1000	109.09	
18:15:06	0	94.0	128	1.4000	1.1000	127.27	
18:15:07	0	94.4	128	1.4000	1.1000	127.27	
18:15:08	0	94.5	129	1.3000	1.2000	108.33	
18:15:09	0	94.8	129	1.4000	1.2000	116.67	
18:15:10	0	95.2	129	1.2000	1.1000	109.09	
18:15:11	0	95.3	130	1.4000	1.1000	127.27	
18:15:12	0	95.6	130	1.4000	1.2000	116.67	
18:15:13	0	95.9	130	1.4000	1.2000	116.67	
18:15:14	0	96.2	131	1.4000	1.1000	127.27	
18:15:15	0	96.4	131	1.4000	1.2000	116.67	
18:15:16	0	96.7	132	1.4000	1.2000	116.67	
18:15:17	0	96.9	132	1.4000	1.2000	116.67	
18:15:18	0	97.2	132	1.5000	1.2000	125.00	
18:15:19	0	97.5	133	1.4000	1.2000	116.67	
18:15:20	0	97.5	133	1.5000	1.2000	125.00	
18:15:21	0	97.8	133	1.4000	1.2000	116.67	
18:15:22	0	98.0	134	1.2000	1.1000	109.09	
18:15:23	0	98.2	134	1.4000	1.1000	127.27	
18:15:24	0	98.6	134	1.3000	1.1000	118.18	
18:15:25	0	98.7	135	1.3000	1.2000	108.33	
18:15:26	0	99.0	135	1.4000	1.1000	127.27	
18:15:27	0	99.1	135	1.4000	1.1000	127.27	
18:15:28	0	99.5	136	1.3000	1.2000	108.33	
18:15:29	0	99.4	136	1.4000	1.2000	116.67	
18:15:30	0	99.8	136	1.3000	1.2000	108.33	
18:15:31	0	100.0	137	1.3000	1.2000	108.33	
18:15:32	0	100.1	137	1.6000	1.2000	133.33	
18:15:33	0	100.3	137	1.4000	1.2000	116.67	
18:15:34	0	100.5	138	1.4000	1.2000	116.67	
18:15:35	0	100.6	138	1.4000	1.2000	116.67	
18:15:36	0	100.7	138	1.5000	1.2000	125.00	
18:15:37	0	100.8	139	1.4000	1.2000	116.67	
18:15:38	0	100.9	139	1.4000	1.2000	116.67	
18:15:39	0	101.4	139	1.2000	1.1000	109.09	
18:15:40	0	101.3	140	1.4000	1.2000	116.67	
18:15:41	0	101.7	140	1.4000	1.2000	116.67	
18:15:42	0	101.8	140	1.3000	1.2000	108.33	
18:15:43	0	102.3	141	1.2000	1.2000	100.00	
18:15:44	0	102.5	141	1.3000	1.2000	108.33	
18:15:45	0	102.6	141	1.5000	1.2000	125.00	
18:15:46	0	103.0	142	1.3000	1.2000	108.33	
18:15:47	0	103.3	142	1.3000	1.2000	108.33	
18:15:48	0	103.5	142	1.4000	1.2000	116.67	
18:15:49	0	103.6	143	1.4000	1.2000	116.67	
18:15:50	0	103.7	143	1.4000	1.2000	116.67	
18:15:51	0	104.1	143	1.3000	1.1000	118.18	
18:15:52	0	104.2	144	1.3000	1.2000	108.33	
18:15:53	0	104.4	144	1.4000	1.2000	116.67	
18:15:54	0	104.6	145	1.4000	1.2000	116.67	
18:15:55	0	104.9	145	1.3000	1.2000	108.33	
18:15:56	0	105.2	145	1.2000	1.1000	109.09	
18:15:57	0	105.4	145	1.4000	1.2000	116.67	
18:15:58	0	105.5	146	1.4000	1.2000	116.67	
18:15:59	0	105.9	146	1.4000	1.1000	127.27	
18:16:00	0	106.0	147	1.4000	1.2000	116.67	
18:16:01	0	106.3	147	1.4000	1.2000	116.67	
18:16:02	0	106.5	147	1.2000	1.1000	109.09	
18:16:03	0	106.7	148	1.3000	1.1000	118.18	
18:16:04	0	107.0	148	1.4000	1.2000	116.67	
18:16:05	0	107.2	148	1.4000	1.2000	116.67	
18:16:06	0	107.4	149	1.4000	1.2000	116.67	
18:16:07	0	107.6	149	1.3000	1.1000	118.18	
18:16:08	0	107.9	149	1.2000	1.1000	109.09	
18:16:09	0	108.1	150	1.3000	1.1000	118.18	
18:16:10	0	108.3	150	1.4000	1.2000	116.67	
18:16:11	0	108.5	150	1.3000	1.2000	108.33	
18:16:12	0	108.8	151	1.2000	1.1000	109.09	
18:16:13	0	108.8	151	1.4000	1.2000	116.67	
18:16:14	0	109.2	151	1.5000	1.2000	125.00	
18:16:15	0	109.4	152	1.2000	1.2000	100.00	
18:16:16	0	109.5	152	1.3000	1.2000	108.33	
18:16:17	0	109.9	152	1.4000	1.2000	116.67	
18:16:18	0	109.9	153	1.4000	1.2000	116.67	
18:16:19	0	110.3	153	1.4000	1.2000	116.67	
18:16:20	0	110.3	153	1.4000	1.2000	116.67	
18:16:21	0	110.7	154	1.4000	1.2000	116.67	
18:16:22	0	110.8	154	1.4000	1.2000	116.67	
18:16:23	0	111.0	154	1.4000	1.2000	116.67	
18:16:24	0	111.2	155	1.4000	1.2000	116.67	
18:16:25	0	111.5	155	1.4000	1.2000	116.67	
18:16:26	0	111.7	155	1.3000	1.1000	118.18	
18:16:27	0	111.7	156	1.5000	1.2000	125.00	
18:16:28	0	112.0	156	1.5000	1.2000	125.00	
18:16:29	0	112.2	156	1.3000	1.2000	108.33	
18:16:30	0	112.2	157	1.5000	1.2000	125.00	
18:16:31	0	112.3	157	1.6000	1.2000	133.33	
18:16:32	0	112.5	158	1.4000	1.2000	116.67	
18:16:33	0	112.7	158	1.4000	1.2000	116.67	
18:16:34	0	112.8	158	1.6000	1.2000	133.33	
18:16:35	0	113.0	159	1.6000	1.3000	123.08	
18:16:36	0	113.2	159	1.4000	1.2000	116.67	
18:16:37	0	113.5	159	1.4000	1.2000	116.67	
18:16:38	0	113.6	160	1.5000	1.2000	125.00	
18:16:39	0	113.9	160	1.5000	1.2000	125.00	
18:16:40	0	113.9	161	1.6000	1.3000	123.08	
18:16:41	0	114.3	161	1.5000	1.2000	125.00	
18:16:42	0	114.5	161	1.3000	1.1000	118.18	
18:16:43	0	114.5	162	1.4000	1.2000	116.67	
18:16:44	0	114.7	162	1.4000	1.2000	116.67	
18:16:45	0	115.0	162	1.2000	1.1000	109.09	
18:16:46	0	115.1	163	1.4000	1.2000	116.67	
18:16:47	0	115.3	163	1.6000	1.2000	133.33	
18:16:48	0	115.6	163	1.3000	1.1000	118.18	
18:16:49	0	115.8	164	1.3000	1.2000	108.33	
18:16:50	0	116.1	164	1.5000	1.2000	125.00	
18:16:51	0	116.2	164	1.4000	1.2000	116.67	
18:16:52	0	116.5	165	1.4000	1.2000	116.67	
18:16:53	0	116.6	165	1.5000	1.2000	125.00	
18:16:54	0	116.9	165	1.3000	1.2000	108.33	
18:16:55	0	116.9	166	1.4000	1.2000	116.67	
18:16:56	0	117.2	166	1.5000	1.2000	125.00	
18:16:57	0	117.3	167	1.4000	1.2000	116.67	
18:16:58	0	117.6	167	1.6000	1.3000	123.08	
18:16:59	0	117.9	167	1.4000	1.2000	116.67	
18:17:00	0	118.0	168	1.4000	1.2000	116.67	
18:17:01	0	118.4	168	1.3000	1.2000	108.33	
18:17:02	0	118.4	168	1.4000	1.2000	116.67	
18:17:03	0	118.8	169	1.4000	1.2000	116.67	
18:17:04	0	119.1	169	1.2000	1.1000	109.09	
18:17:05	0	119.3	169	1.4000	1.2000	116.67	
18:17:06	0	119.6	170	1.4000	1.2000	116.67	
18:17:07	0	119.9	170	1.2000	1.1000	109.09	
18:17:08	0	119.9	170	1.4000	1.2000	116.67	
18:17:09	0	120.3	171	1.4000	1.2000	116.67	
18:17:10	0	120.4	171	1.3000	1.2000	108.33	
18:17:11	0	120.7	171	1.4000	1.2000	116.67	
18:17:12	0	120.8	172	1.4000	1.2000	116.67	
18:17:13	0	120.9	172	1.4000	1.2000	116.67	
18:17:14	0	121.3	172	1.3000	1.2000	108.33	
18:17:15	0	121.4	173	1.4000	1.2000	116.67	
18:17:16	0	121.9	173	1.3000	1.1000	118.18	
18:17:17	0	122.0	173	1.4000	1.1000	127.27	
18:17:18	0	122.5	174	1.3000	1.1000	118.18	
18:17:19	0	122.6	174	1.2000	1.1000	109.09	
18:17:20	0	123.0	174	1.3000	1.1000	118.18	
18:17:21	0	123.2	175	1.3000	1.1000	118.18	
18:17:22	0	123.5	175	1.4000	1.2000	116.67	
18:17:23	0	123.6	175	1.4000	1.1000	127.27	
18:17:24	0	124.0	176	1.3000	1.1000	118.18	
18:17:25	0	124.0	176	1.4000	1.2000	116.67	
18:17:26	0	124.3	176	1.4000	1.2000	116.67	
18:17:27	0	124.6	177	1.3000	1.2000	108.33	
18:17:28	0	124.9	177	1.3000	1.2000	108.33	
18:17:29	0	125.1	177	1.4000	1.1000	127.27	
18:17:30	0	125.3	178	1.4000	1.1000	127.27	
18:17:31	0	125.4	178	1.4000	1.2000	116.67	
18:17:32	0	125.9	178	1.4000	1.2000	116.67	
18:17:33	0	126.0	179	1.3000	1.1000	118.18	
18:17:34	0	126.0	179	1.5000	1.3000	115.38	
18:17:35	0	126.4	179	1.4000	1.2000	116.67	
18:17:36	0	126.5	180	1.3000	1.2000	108.33	
18:17:37	0	126.7	180	1.4000	1.2000	116.67	
18:17:38	0	127.1	180	1.4000	1.2000	116.67	
18:17:39	0	127.1	181	1.4000	1.2000	116.67	
18:17:40	0	127.3	181	1.5000	1.3000	115.38	
18:17:41	0	127.7	182	1.4000	1.2000	116.67	
18:17:42	0	128.0	182	1.3000	1.2000	108.33	
18:17:43	0	128.2	182	1.4000	1.2000	116.67	
18:17:44	0	128.5	182	1.2000	1.2000	100.00	
18:17:45	0	128.7	183	1.2000	1.2000	100.00	
18:17:46	0	128.9	183	1.5000	1.2000	125.00	
18:17:47	0	129.2	184	1.4000	1.2000	116.67	
18:17:48	0	129.3	184	1.3000	1.2000	108.33	
18:17:49	0	129.4	184	1.5000	1.3000	115.38	
18:17:50	0	129.7	185	1.4000	1.2000	116.67	
18:17:51	0	129.9	185	1.4000	1.2000	116.67	
18:17:52	0	130.1	185	1.4000	1.2000	116.67	
18:17:53	0	130.4	186	1.4000	1.2000	116.67	
18:17:54	0	130.6	186	1.5000	1.2000	125.00	
18:17:55	0	130.8	186	1.4000	1.2000	116.67	
18:17:56	0	131.1	187	1.4000	1.2000	116.67	
18:17:57	0	131.2	187	1.4000	1.2000	116.67	
18:17:58	0	131.4	187	1.5000	1.2000	125.00	
18:17:59	0	131.5	188	1.6000	1.2000	133.33	
18:18:00	0	131.7	188	1.4000	1.2000	116.67	
18:18:01	0	131.9	189	1.4000	1.3000	107.69	
18:18:02	0	132.0	189	1.5000	1.3000	115.38	
18:18:03	0	132.1	189	1.5000	1.3000	115.38	
18:18:04	0	132.3	190	1.4000	1.3000	107.69	
18:18:05	0	132.6	190	1.3000	1.2000	108.33	
18:18:06	0	132.7	190	1.5000	1.2000	125.00	
18:18:07	0	132.8	191	1.6000	1.3000	123.08	
18:18:08	0	133.4	191	1.2000	1.2000	100.00	
18:18:09	0	133.4	191	1.3000	1.3000	100.00	
18:18:10	0	133.4	192	1.7000	1.4000	121.43	
18:18:11	0	133.7	192	1.4000	1.4000	100.00	
18:18:12	0	133.9	193	1.3000	1.3000	100.00	
18:18:13	0	134.1	193	1.6000	1.4000	114.29	
18:18:14	0	134.1	193	1.7000	1.4000	121.43	
18:18:15	0	134.3	194	1.6000	1.4000	114.29	
18:18:16	0	134.5	194	1.5000	1.4000	107.14	
18:18:17	0	134.7	195	1.6000	1.4000	114.29	
18:18:18	0	134.8	195	1.6000	1.4000	114.29	
18:18:19	0	135.1	195	1.4000	1.3000	107.69	
18:18:20	0	135.3	196	1.4000	1.3000	107.69	
18:18:21	0	135.4	196	1.6000	1.4000	114.29	
18:18:22	0	135.6	196	1.6000	1.4000	114.29	
18:18:23	0	135.9	197	1.5000	1.4000	107.14	
18:18:24	0	135.9	197	1.6000	1.4000	114.29	
18:18:25	0	136.1	198	1.6000	1.5000	106.67	
18:18:26	0	136.3	198	1.6000	1.5000	106.67	
18:18:27	0	136.3	198	1.6000	1.5000	106.67	
18:18:28	0	136.7	199	1.5000	1.4000	107.14	
18:18:29	0	136.7	199	1.5000	1.4000	107.14	
18:18:30	0	136.9	200	1.6000	1.4000	114.29	
18:18:31	0	137.0	200	1.5000	1.4000	107.14	
18:18:32	0	137.1	200	1.5000	1.4000	107.14	
18:18:33	0	137.3	201	1.5000	1.4000	107.14	
18:18:34	0	137.5	201	1.5000	1.4000	107.14	
18:18:35	0	137.7	201	1.6000	1.4000	114.29	
18:18:36	0	137.7	202	1.7000	1.4000	121.43	
18:18:37	0	138.0	202	1.5000	1.4000	107.14	
18:18:38	0	138.2	203	1.3000	1.4000	92.86	
18:18:39	0	138.2	203	1.6000	1.4000	114.29	
18:18:40	0	138.5	203	1.6000	1.4000	114.29	
18:18:41	0	138.7	204	1.4000	1.4000	100.00	
18:18:42	0	138.8	204	1.5000	1.4000	107.14	
18:18:43	0	139.1	204	1.5000	1.4000	107.14	
18:18:44	0	139.2	205	1.6000	1.4000	114.29	
18:18:45	0	139.3	205	1.8000	1.5000	120.00	
18:18:46	0	139.1	206	2.0000	1.7000	117.65	
18:18:47	0	139.2	206	1.9000	1.7000	111.76	
18:18:48	0	138.9	207	1.9000	1.8000	105.56	
18:18:49	0	138.9	207	2.1000	2.0000	105.00	
18:18:50	0	138.7	208	1.8000	1.8000	100.00	
18:18:51	0	138.6	208	1.8000	1.8000	100.00	
18:18:52	0	138.4	209	2.1000	1.9000	110.53	
18:18:53	0	138.2	209	2.0000	2.0000	100.00	
18:18:54	0	138.2	210	1.8000	1.8000	100.00	
18:18:55	0	138.0	210	2.1000	1.8000	116.67	
18:18:56	0	137.8	211	2.0000	1.9000	105.26	
18:18:57	0	137.6	211	1.8000	1.9000	94.74	
18:18:58	0	137.5	212	1.8000	1.9000	94.74	
18:18:59	0	137.4	212	2.0000	2.0000	100.00	
18:19:00	0	137.3	213	2.1000	2.1000	100.00	
18:19:01	0	137.2	213	2.0000	1.9000	105.26	
18:19:02	0	137.1	214	2.1000	1.9000	110.53	
18:19:03	0	136.8	214	2.0000	2.0000	100.00	
18:19:04	0	136.7	215	1.8000	1.8000	100.00	
18:19:05	0	136.6	215	1.8000	1.8000	100.00	
18:19:06	0	136.4	216	2.1000	1.9000	110.53	
18:19:07	0	136.2	216	1.9000	2.0000	95.00	
18:19:08	0	136.2	216	1.6000	1.8000	88.89	
18:19:09	0	136.1	217	1.9000	1.8000	105.56	
18:19:10	0	136.0	218	2.1000	1.9000	110.53	
18:19:11	0	136.0	218	1.9000	1.9000	100.00	
18:19:12	0	135.8	218	1.8000	1.8000	100.00	
18:19:13	0	135.6	219	2.1000	1.8000	116.67	
18:19:14	0	135.6	219	1.8000	1.7000	105.88	
18:19:15	0	135.3	220	1.9000	1.7000	111.76	
18:19:16	0	135.3	220	2.2000	1.8000	122.22	
18:19:17	0	135.3	221	2.1000	1.8000	116.67	
18:19:18	0	135.1	221	2.1000	1.9000	110.53	
18:19:19	0	135.0	222	2.1000	1.9000	110.53	
18:19:20	0	134.9	222	1.8000	1.8000	100.00	
18:19:21	0	134.6	223	2.0000	1.9000	105.26	
18:19:22	0	134.6	223	2.1000	2.0000	105.00	
18:19:23	0	134.6	224	1.6000	1.7000	94.12	
18:19:24	0	134.4	224	2.1000	1.8000	116.67	
18:19:25	0	134.6	225	2.0000	1.9000	105.26	
18:19:26	0	134.4	225	1.8000	1.8000	100.00	
18:19:27	0	134.4	226	2.1000	1.8000	116.67	
18:19:28	0	134.3	226	1.9000	1.8000	105.56	
18:19:29	0	134.2	227	2.0000	1.8000	111.11	
18:19:30	0	133.9	227	2.1000	1.8000	116.67	
18:19:31	0	133.7	228	2.1000	1.9000	110.53	
18:19:32	0	133.5	228	1.9000	1.8000	105.56	
18:19:33	0	133.5	229	1.8000	1.7000	105.88	
18:19:34	0	133.3	229	2.1000	1.8000	116.67	
18:19:35	0	133.3	230	2.1000	1.9000	110.53	
18:19:36	0	133.2	230	2.0000	1.8000	111.11	
18:19:37	0	133.1	231	2.1000	1.8000	116.67	
18:19:38	0	132.8	231	2.1000	1.8000	116.67	
18:19:39	0	132.8	232	1.8000	1.7000	105.88	
18:19:40	0	132.7	232	1.8000	1.7000	105.88	
18:19:41	0	132.3	233	2.2000	1.9000	115.79	
18:19:42	0	132.3	233	1.7000	1.8000	94.44	
18:19:43	0	132.0	234	1.8000	1.6000	112.50	
18:19:44	0	131.8	234	2.1000	1.8000	116.67	
18:19:45	0	131.7	235	1.7000	1.7000	100.00	
18:19:46	0	131.5	235	1.8000	1.7000	105.88	
18:19:47	0	131.4	236	2.1000	1.7000	123.53	
18:19:48	0	131.2	236	2.1000	1.8000	116.67	
18:19:49	0	131.2	237	1.9000	1.7000	111.76	
18:19:50	0	130.9	237	2.0000	1.7000	117.65	
18:19:51	0	130.8	238	2.1000	1.8000	116.67	
18:19:52	0	130.9	238	1.6000	1.5000	106.67	
18:19:53	0	130.6	239	2.0000	1.8000	111.11	
18:19:54	0	130.7	239	1.9000	1.8000	105.56	
18:19:55	0	130.6	239	1.6000	1.6000	100.00	
18:19:56	0	130.5	240	2.0000	1.8000	111.11	
18:19:57	0	130.5	240	1.8000	1.8000	100.00	
18:19:58	0	130.3	241	1.9000	1.8000	105.56	
18:19:59	0	130.5	241	1.9000	1.7000	111.76	
18:20:00	0	130.3	242	1.8000	1.6000	112.50	
18:20:01	0	130.2	242	2.1000	1.8000	116.67	
18:20:02	0	130.2	243	1.8000	1.7000	105.88	
18:20:03	0	130.1	243	2.0000	1.6000	125.00	
18:20:04	0	129.8	244	2.3000	1.9000	121.05	
18:20:05	0	129.8	244	1.9000	1.9000	100.00	
18:20:06	0	129.8	245	1.8000	1.7000	105.88	
18:20:07	0	129.6	245	2.1000	1.8000	116.67	
18:20:08	0	129.5	246	2.1000	1.8000	116.67	
18:20:09	0	129.5	246	2.0000	1.8000	111.11	
18:20:10	0	129.5	247	1.8000	1.8000	100.00	
18:20:11	0	129.1	247	2.0000	1.8000	111.11	
18:20:12	0	129.2	248	2.0000	1.8000	111.11	
18:20:13	0	129.1	248	1.9000	1.8000	105.56	
18:20:14	0	128.9	249	2.1000	1.8000	116.67	
18:20:15	0	128.9	249	1.9000	1.8000	105.56	
18:20:16	0	128.6	250	2.0000	1.8000	111.11	
18:20:17	0	128.4	250	2.1000	1.9000	110.53	
18:20:18	0	128.3	251	1.8000	1.8000	100.00	
18:20:19	0	128.2	251	1.9000	1.8000	105.56	
18:20:20	0	128.1	252	2.1000	1.8000	116.67	
18:20:21	0	127.8	252	2.0000	1.9000	105.26	
18:20:22	0	128.0	252	1.6000	1.8000	88.89	
18:20:23	0	127.8	253	1.7000	1.7000	100.00	
18:20:24	0	127.7	253	2.1000	1.8000	116.67	
18:20:25	0	127.6	254	2.1000	1.8000	116.67	
18:20:26	0	127.5	254	1.8000	1.8000	100.00	
18:20:27	0	127.3	255	1.8000	1.8000	100.00	
18:20:28	0	127.1	255	2.1000	1.8000	116.67	
18:20:29	0	126.9	256	2.1000	1.8000	116.67	
18:20:30	0	126.8	256	2.0000	1.8000	111.11	
18:20:31	0	126.7	257	1.7000	1.7000	100.00	
18:20:32	0	126.5	257	1.8000	1.8000	100.00	
18:20:33	0	126.3	258	1.9000	1.9000	100.00	
18:20:34	0	126.2	258	1.6000	1.8000	88.89	
18:20:35	0	126.0	259	1.8000	1.8000	100.00	
18:20:36	0	126.0	259	1.9000	1.8000	105.56	
18:20:37	0	125.8	260	1.9000	1.8000	105.56	
18:20:38	0	125.8	260	1.9000	1.8000	105.56	
18:20:39	0	125.5	261	1.9000	1.8000	105.56	
18:20:40	0	125.4	261	1.9000	1.8000	105.56	
18:20:41	0	125.2	261	1.8000	1.8000	100.00	
18:20:42	0	125.2	262	1.9000	1.7000	111.76	
18:20:43	0	125.0	262	1.9000	1.8000	105.56	
18:20:44	0	124.9	263	2.0000	1.8000	111.11	
18:20:45	0	124.7	263	1.7000	1.7000	100.00	
18:20:46	0	124.6	264	1.8000	1.8000	100.00	
18:20:47	0	124.5	264	1.9000	1.8000	105.56	
18:20:48	0	124.3	265	2.0000	1.8000	111.11	
18:20:49	0	124.2	265	2.0000	1.8000	111.11	
18:20:50	0	124.0	266	1.8000	1.8000	100.00	
18:20:51	0	123.9	266	1.8000	1.8000	100.00	
18:20:52	0	123.6	267	1.8000	1.8000	100.00	
18:20:53	0	123.5	267	2.0000	1.8000	111.11	
18:20:54	0	123.1	268	1.9000	1.9000	100.00	
18:20:55	0	123.2	268	1.7000	1.8000	94.44	
18:20:56	0	122.9	269	1.9000	1.8000	105.56	
18:20:57	0	122.8	269	2.1000	1.8000	116.67	
18:20:58	0	122.5	270	1.9000	1.8000	105.56	
18:20:59	0	122.4	270	1.9000	1.8000	105.56	
18:21:00	0	122.3	270	1.8000	1.7000	105.88	
18:21:01	0	122.1	271	2.1000	1.8000	116.67	
18:21:02	0	121.7	271	2.1000	1.9000	110.53	
18:21:03	0	121.8	272	1.6000	1.7000	94.12	
18:21:04	0	121.3	272	1.9000	1.7000	111.76	
18:21:05	0	121.2	273	2.0000	1.8000	111.11	
18:21:06	0	120.9	273	1.8000	1.8000	100.00	
18:21:07	0	121.0	274	1.8000	1.8000	100.00	
18:21:08	0	120.7	274	1.7000	1.7000	100.00	
18:21:09	0	120.5	275	2.0000	1.9000	105.26	
18:21:10	0	120.4	275	1.8000	1.8000	100.00	
18:21:11	0	120.2	276	1.9000	1.8000	105.56	
18:21:12	0	120.0	276	2.1000	1.8000	116.67	
18:21:13	0	119.8	277	1.9000	1.8000	105.56	
18:21:14	0	119.6	277	2.0000	1.9000	105.26	
18:21:15	1	119.3	0	2.0000	1.9000	105.26	
18:21:16	1	119.2	0	1.9000	1.8000	105.56	
18:21:17	1	119.0	1	1.9000	1.8000	105.56	
18:21:18	1	118.6	1	2.1000	1.9000	110.53	
18:21:19	1	118.7	2	1.6000	1.7000	94.12	
18:21:20	1	118.4	2	1.6000	1.7000	94.12	
18:21:21	1	118.1	3	2.0000	1.9000	105.26	
18:21:22	1	118.0	3	1.6000	1.8000	88.89	
18:21:23	1	117.7	4	1.8000	1.8000	100.00	
18:21:24	1	117.5	4	2.1000	1.8000	116.67	
18:21:25	1	117.4	5	1.8000	1.8000	100.00	
18:21:26	1	117.1	5	1.9000	1.8000	105.56	
18:21:27	1	116.9	6	2.1000	1.8000	116.67	
18:21:28	1	116.7	6	1.9000	1.8000	105.56	
18:21:29	1	116.5	7	1.9000	1.8000	105.56	
18:21:30	1	116.3	7	1.9000	1.7000	111.76	
18:21:31	1	115.9	8	2.0000	1.8000	111.11	
18:21:32	1	115.8	8	1.9000	1.8000	105.56	
18:21:33	1	115.6	8	1.8000	1.8000	100.00	
18:21:34	1	115.4	9	2.0000	1.8000	111.11	
18:21:35	1	115.2	9	2.0000	1.8000	111.11	
18:21:36	1	114.9	10	1.8000	1.8000	100.00	
18:21:37	1	114.6	10	1.9000	1.8000	105.56	
18:21:38	1	114.4	11	1.9000	1.8000	105.56	
18:21:39	1	114.2	11	1.8000	1.8000	100.00	
18:21:40	1	114.0	12	2.0000	1.8000	111.11	
18:21:41	1	113.8	12	1.9000	1.8000	105.56	
18:21:42	1	113.7	13	1.8000	1.7000	105.88	
18:21:43	1	113.3	13	2.0000	1.8000	111.11	
18:21:44	1	113.0	14	2.0000	1.8000	111.11	
18:21:45	1	112.8	14	1.8000	1.7000	105.88	
18:21:46	1	112.3	15	1.9000	1.8000	105.56	
18:21:47	1	112.1	15	1.9000	1.8000	105.56	
18:21:48	1	111.9	16	1.7000	1.6000	106.25	
18:21:49	1	111.5	16	1.9000	1.7000	111.76	
18:21:50	1	111.4	16	1.8000	1.7000	105.88	
18:21:51	1	111.2	17	1.7000	1.6000	106.25	
18:21:52	1	110.9	17	1.8000	1.7000	105.88	
18:21:53	1	110.6	18	1.9000	1.8000	105.56	
18:21:54	1	110.4	18	1.6000	1.8000	88.89	
18:21:55	1	110.2	19	1.7000	1.7000	100.00	
18:21:56	1	109.9	19	2.0000	1.8000	111.11	
18:21:57	1	109.7	20	1.8000	1.8000	100.00	
18:21:58	1	109.3	20	1.9000	1.8000	105.56	
18:21:59	1	109.2	21	1.8000	1.8000	100.00	
18:22:00	1	108.9	21	1.9000	1.8000	105.56	
18:22:01	1	108.6	22	2.1000	1.8000	116.67	
18:22:02	1	108.5	22	1.7000	1.8000	94.44	
18:22:03	1	108.2	23	2.0000	1.8000	111.11	
18:22:04	1	108.1	23	2.0000	1.8000	111.11	
18:22:05	1	107.9	23	1.7000	1.7000	100.00	
18:22:06	1	107.6	24	1.9000	1.8000	105.56	
18:22:07	1	107.5	24	1.9000	1.8000	105.56	
18:22:08	1	107.1	25	2.0000	1.8000	111.11	
18:22:09	1	107.1	25	1.8000	1.8000	100.00	
18:22:10	1	106.8	26	1.8000	1.7000	105.88	
18:22:11	1	106.5	26	2.1000	1.8000	116.67	
18:22:12	1	106.3	27	1.9000	1.9000	100.00	
18:22:13	1	106.4	27	1.6000	1.7000	94.12	
18:22:14	1	105.8	28	2.0000	1.8000	111.11	
18:22:15	1	105.6	28	1.9000	1.9000	100.00	
18:22:16	1	105.6	29	1.5000	1.6000	93.75	
18:22:17	1	105.2	29	1.9000	1.7000	111.76	
18:22:18	1	104.9	30	2.1000	1.8000	116.67	
18:22:19	1	104.7	30	1.7000	1.7000	100.00	
18:22:20	1	104.5	30	1.6000	1.6000	100.00	
18:22:21	1	104.1	31	1.9000	1.7000	111.76	
18:22:22	1	104.0	31	1.7000	1.6000	106.25	
18:22:23	1	103.6	32	1.8000	1.6000	112.50	
18:22:24	1	103.4	32	1.9000	1.7000	111.76	
18:22:25	1	103.1	33	1.8000	1.6000	112.50	
18:22:26	1	102.9	33	1.8000	1.6000	112.50	
18:22:27	1	102.4	34	1.9000	1.7000	111.76	
18:22:28	1	102.2	34	2.0000	1.8000	111.11	
18:22:29	1	102.0	35	1.8000	1.7000	105.88	
18:22:30	1	101.8	35	1.9000	1.8000	105.56	
18:22:31	1	101.5	36	2.0000	1.8000	111.11	
18:22:32	1	101.3	36	1.8000	1.8000	100.00	
18:22:33	1	100.9	36	1.8000	1.8000	100.00	
18:22:34	1	100.6	37	1.8000	1.8000	100.00	
18:22:35	1	100.5	37	1.5000	1.6000	93.75	
18:22:36	1	100.1	38	1.8000	1.6000	112.50	
18:22:37	1	99.8	38	2.0000	1.8000	111.11	
18:22:38	1	99.8	38	1.4000	1.6000	87.50	
18:22:39	1	99.4	39	1.8000	1.6000	112.50	
18:22:40	1	99.0	40	2.1000	1.8000	116.67	
18:22:41	1	98.7	40	1.8000	1.7000	105.88	
18:22:42	1	98.7	40	1.6000	1.6000	100.00	
18:22:43	1	98.1	41	2.0000	1.7000	117.65	
18:22:44	1	98.1	41	1.8000	1.8000	100.00	
18:22:45	1	97.8	42	1.6000	1.7000	94.12	
18:22:46	1	97.6	42	1.8000	1.7000	105.88	
18:22:47	1	97.4	43	1.8000	1.6000	112.50	
18:22:48	1	97.2	43	1.9000	1.7000	111.76	
18:22:49	1	97.1	44	1.8000	1.7000	105.88	
18:22:50	1	96.8	44	1.8000	1.7000	105.88	
18:22:51	1	96.7	45	1.8000	1.7000	105.88	
18:22:52	1	96.5	45	1.8000	1.7000	105.88	
18:22:53	1	96.1	45	1.8000	1.8000	100.00	
18:22:54	1	96.0	46	1.7000	1.6000	106.25	
18:22:55	1	95.6	46	1.8000	1.6000	112.50	
18:22:56	2	95.4	0	1.8000	1.6000	112.50	
18:22:57	2	94.9	0	1.9000	1.7000	111.76	
18:22:58	2	95.0	1	1.7000	1.6000	106.25	
18:22:59	2	94.6	1	1.6000	1.5000	106.67	
18:23:00	2	94.4	2	1.9000	1.7000	111.76	
18:23:01	2	94.3	2	1.8000	1.7000	105.88	
18:23:02	2	94.1	3	1.9000	1.7000	111.76	
18:23:03	2	93.9	3	1.9000	1.8000	105.56	
18:23:04	2	93.5	4	1.8000	1.8000	100.00	
18:23:05	2	93.3	4	1.6000	1.7000	94.12	
18:23:06	2	93.0	4	1.6000	1.6000	100.00	
18:23:07	2	92.4	5	1.8000	1.8000	100.00	
18:23:08	2	92.4	5	1.4000	1.7000	82.35	
18:23:09	2	92.0	6	1.4000	1.6000	87.50	
18:23:10	2	91.8	6	1.8000	1.7000	105.88	
18:23:11	2	91.4	6	1.8000	1.7000	105.88	
18:23:12	2	91.3	7	1.9000	1.6000	118.75	
18:23:13	2	91.0	7	1.8000	1.6000	112.50	
18:23:14	2	90.6	8	1.8000	1.7000	105.88	
18:23:15	2	90.5	8	1.8000	1.6000	112.50	
18:23:16	2	90.3	9	1.8000	1.6000	112.50	
18:23:17	2	89.9	9	2.0000	1.7000	117.65	
18:23:18	2	89.6	10	1.9000	1.8000	105.56	
18:23:19	2	89.5	10	1.7000	1.7000	100.00	
18:23:20	2	89.2	11	1.9000	1.7000	111.76	
18:23:21	2	88.9	11	2.0000	1.8000	111.11	
18:23:22	2	88.9	11	1.5000	1.6000	93.75	
18:23:23	2	88.5	12	1.6000	1.6000	100.00	
18:23:24	2	88.3	12	1.8000	1.7000	105.88	
18:23:25	2	88.0	13	1.8000	1.6000	112.50	
18:23:26	2	87.9	13	1.8000	1.6000	112.50	
18:23:27	2	87.6	14	1.8000	1.6000	112.50	
18:23:28	2	87.3	14	1.8000	1.7000	105.88	
18:23:29	2	87.2	15	1.7000	1.7000	100.00	
18:23:30	2	87.0	15	1.8000	1.7000	105.88	
18:23:31	2	86.8	15	1.8000	1.7000	105.88	
18:23:32	2	86.6	16	1.7000	1.6000	106.25	
18:23:33	2	86.3	16	1.7000	1.6000	106.25	
18:23:34	2	85.9	17	1.8000	1.7000	105.88	
18:23:35	2	85.8	17	1.7000	1.6000	106.25	
18:23:36	2	85.5	18	1.8000	1.7000	105.88	
18:23:37	2	85.3	18	1.8000	1.8000	100.00	
18:23:38	2	84.9	18	1.7000	1.7000	100.00	
18:23:39	2	84.8	19	1.7000	1.7000	100.00	
18:23:40	2	84.4	19	1.8000	1.8000	100.00	
18:23:41	2	84.5	20	1.6000	1.6000	100.00	
18:23:42	2	84.0	20	1.6000	1.6000	100.00	
18:23:43	2	83.8	21	1.8000	1.8000	100.00	
18:23:44	2	83.9	21	1.4000	1.5000	93.33	
18:23:45	2	83.6	21	1.6000	1.6000	100.00	
18:23:46	2	83.4	22	1.8000	1.6000	112.50	
18:23:47	2	83.1	22	1.9000	1.6000	118.75	
18:23:48	2	83.1	23	1.8000	1.6000	112.50	
18:23:49	2	82.9	23	1.7000	1.6000	106.25	
18:23:50	2	82.5	24	1.9000	1.8000	105.56	
18:23:51	2	82.5	24	1.6000	1.6000	100.00	
18:23:52	2	82.0	25	1.7000	1.6000	106.25	
18:23:53	2	81.5	25	1.7000	1.8000	94.44	
18:23:54	2	81.6	25	1.2000	1.6000	75.00	
18:23:55	2	81.1	26	1.6000	1.6000	100.00	
18:23:56	2	80.9	26	1.8000	1.8000	100.00	
18:23:57	2	80.7	27	1.7000	1.7000	100.00	
18:23:58	2	80.3	27	1.8000	1.8000	100.00	
18:23:59	2	80.0	27	1.6000	1.8000	88.89	
18:24:00	2	79.9	28	1.5000	1.7000	88.24	
18:24:01	2	79.4	28	1.6000	1.7000	94.12	
18:24:02	2	79.1	29	1.6000	1.7000	94.12	
18:24:03	2	78.9	29	1.6000	1.7000	94.12	
18:24:04	2	78.6	29	1.6000	1.7000	94.12	
18:24:05	2	78.2	30	1.8000	1.7000	105.88	
18:24:06	2	78.0	30	1.8000	1.8000	100.00	
18:24:07	2	77.8	31	1.7000	1.7000	100.00	
18:24:08	2	77.4	31	1.8000	1.8000	100.00	
18:24:09	2	77.4	32	1.6000	1.6000	100.00	
18:24:10	2	76.9	32	1.8000	1.6000	112.50	
18:24:11	2	76.7	32	1.8000	1.8000	100.00	
18:24:12	2	76.3	33	1.6000	1.7000	94.12	
18:24:13	2	76.2	33	1.6000	1.6000	100.00	
18:24:14	2	75.7	34	1.6000	1.6000	100.00	
18:24:15	2	75.3	34	1.6000	1.8000	88.89	
18:24:16	2	75.1	34	1.4000	1.8000	77.78	
18:24:17	2	74.7	35	1.5000	1.6000	93.75	
18:24:18	2	74.4	35	1.7000	1.7000	100.00	
18:24:19	2	74.0	36	1.8000	1.8000	100.00	
18:24:20	2	73.7	36	1.7000	1.8000	94.44	
18:24:21	2	73.4	37	1.6000	1.8000	88.89	
18:24:22	2	73.2	37	1.7000	1.7000	100.00	
18:24:23	2	72.8	37	1.8000	1.8000	100.00	
18:24:24	2	72.6	38	1.8000	1.8000	100.00	
18:24:25	2	72.3	38	1.7000	1.7000	100.00	
18:24:26	2	72.1	39	1.7000	1.8000	94.44	
18:24:27	2	71.7	39	1.8000	1.8000	100.00	
18:24:28	2	71.5	40	1.8000	1.8000	100.00	
18:24:29	3	71.2	0	1.6000	1.8000	88.89	
18:24:30	3	70.9	0	1.7000	1.8000	94.44	
18:24:31	3	70.6	1	1.8000	1.8000	100.00	
18:24:32	3	70.3	1	1.8000	1.8000	100.00	
18:24:33	3	69.9	2	1.8000	1.8000	100.00	
18:24:34	3	69.8	2	1.6000	1.8000	88.89	
18:24:35	3	69.4	3	1.8000	1.7000	105.88	
18:24:36	3	69.0	3	1.9000	1.8000	105.56	
18:24:37	3	68.9	3	1.6000	1.8000	88.89	
18:24:38	3	68.6	4	1.7000	1.7000	100.00	
18:24:39	3	68.3	4	1.7000	1.8000	94.44	
18:24:40	3	67.8	5	1.7000	1.8000	94.44	
18:24:41	3	67.5	5	1.7000	1.8000	94.44	
18:24:42	3	67.0	6	1.7000	1.8000	94.44	
18:24:43	3	66.8	6	1.8000	1.8000	100.00	
18:24:44	3	66.6	6	1.7000	1.7000	100.00	
18:24:45	3	66.2	7	1.8000	1.8000	100.00	
18:24:46	3	65.9	7	1.7000	1.9000	89.47	
18:24:47	3	65.7	8	1.6000	1.8000	88.89	
18:24:48	3	65.3	8	1.8000	1.9000	94.74	
18:24:49	3	65.0	9	1.8000	1.9000	94.74	
18:24:50	3	64.7	9	1.5000	1.6000	93.75	
18:24:51	3	64.2	10	1.8000	1.8000	100.00	
18:24:52	3	63.9	10	1.9000	1.9000	100.00	
18:24:53	3	63.6	10	1.6000	1.7000	94.12	
18:24:54	3	63.2	11	1.7000	1.6000	106.25	
18:24:55	3	62.8	11	1.8000	1.8000	100.00	
18:24:56	3	62.5	12	1.6000	1.8000	88.89	
18:24:57	3	62.2	12	1.5000	1.6000	93.75	
18:24:58	3	61.6	12	1.7000	1.7000	100.00	
18:24:59	3	61.6	13	1.4000	1.6000	87.50	
18:25:00	3	61.1	13	1.6000	1.7000	94.12	
18:25:01	3	60.8	14	1.9000	1.9000	100.00	
18:25:02	3	60.5	14	1.8000	1.8000	100.00	
18:25:03	3	60.2	15	1.9000	1.8000	105.56	
18:25:04	3	59.8	15	1.9000	1.9000	100.00	
18:25:05	3	59.5	15	1.7000	1.8000	94.44	
18:25:06	3	59.2	16	1.8000	1.7000	105.88	
18:25:07	3	58.7	16	1.9000	1.9000	100.00	
18:25:08	3	58.6	17	1.7000	1.8000	94.44	
18:25:09	3	58.4	17	1.7000	1.6000	106.25	
18:25:10	3	58.0	18	1.8000	1.6000	112.50	
18:25:11	3	57.6	18	1.8000	1.7000	105.88	
18:25:12	3	57.2	19	1.7000	1.7000	100.00	
18:25:13	3	57.0	19	1.6000	1.6000	100.00	
18:25:14	3	56.5	20	1.8000	1.6000	112.50	
18:25:15	3	56.2	20	1.8000	1.6000	112.50	
18:25:16	3	55.7	20	1.8000	1.6000	112.50	
18:25:17	3	55.5	21	1.6000	1.6000	100.00	
18:25:18	3	55.2	21	1.4000	1.5000	93.33	
18:25:19	3	54.7	22	1.8000	1.8000	100.00	
18:25:20	3	54.6	22	1.6000	1.6000	100.00	
18:25:21	3	54.3	22	1.7000	1.6000	106.25	
18:25:22	3	54.0	23	2.0000	1.8000	111.11	
18:25:23	3	53.8	23	1.8000	1.8000	100.00	
18:25:24	3	53.5	24	1.9000	1.8000	105.56	
18:25:25	3	53.6	24	1.7000	1.7000	100.00	
18:25:26	3	53.1	25	1.8000	1.7000	105.88	
18:25:27	3	52.9	25	2.0000	1.8000	111.11	
18:25:28	3	52.6	26	1.7000	1.6000	106.25	
18:25:29	3	52.2	26	1.8000	1.6000	112.50	
18:25:30	3	51.9	27	1.9000	1.8000	105.56	
18:25:31	3	51.7	27	1.6000	1.6000	100.00	
18:25:32	3	51.2	28	1.8000	1.6000	112.50	
18:25:33	3	51.0	28	1.9000	1.7000	111.76	
18:25:34	3	50.8	28	1.7000	1.6000	106.25	
18:25:35	3	50.6	29	1.9000	1.7000	111.76	
18:25:36	3	50.2	29	1.9000	1.8000	105.56	
18:25:37	3	49.9	30	1.7000	1.8000	94.44	
18:25:38	3	49.6	30	1.8000	1.7000	105.88	
18:25:39	3	49.2	31	1.8000	1.7000	105.88	
18:25:40	3	48.9	31	1.7000	1.6000	106.25	
18:25:41	3	48.5	32	1.9000	1.6000	118.75	
18:25:42	3	48.1	32	1.9000	1.7000	111.76	
18:25:43	3	47.7	33	1.8000	1.6000	112.50	
18:25:44	3	47.4	33	1.8000	1.6000	112.50	
18:25:45	4	46.9	0	1.9000	1.6000	118.75	
18:25:46	4	46.7	0	1.8000	1.7000	105.88	
18:25:47	4	46.3	1	1.8000	1.6000	112.50	
18:25:48	4	46.1	1	1.8000	1.6000	112.50	
18:25:49	4	45.6	2	1.8000	1.7000	105.88	
18:25:50	4	45.3	2	1.7000	1.7000	100.00	
18:25:51	4	45.0	3	1.7000	1.6000	106.25	
18:25:52	4	44.5	3	1.9000	1.7000	111.76	
18:25:53	4	44.3	4	1.8000	1.7000	105.88	
18:25:54	4	44.0	4	1.8000	1.6000	112.50	
18:25:55	4	43.7	4	1.8000	1.6000	112.50	
18:25:56	4	43.2	5	1.8000	1.7000	105.88	
18:25:57	4	43.0	5	1.5000	1.7000	88.24	
18:25:58	4	42.7	6	1.6000	1.6000	100.00	
18:25:59	4	42.3	6	1.8000	1.7000	105.88	
18:26:00	4	42.0	7	1.8000	1.7000	105.88	
18:26:01	4	41.6	7	1.8000	1.8000	100.00	
18:26:02	4	41.5	7	1.7000	1.7000	100.00	
18:26:03	4	41.0	8	1.8000	1.6000	112.50	
18:26:04	4	40.7	8	1.9000	1.8000	105.56	
18:26:05	4	40.4	9	1.7000	1.7000	100.00	
18:26:06	4	39.9	9	1.8000	1.7000	105.88	
18:26:07	4	39.6	10	1.9000	1.7000	111.76	
18:26:08	4	39.4	10	1.6000	1.5000	106.67	
18:26:09	4	38.9	11	1.8000	1.6000	112.50	
18:26:10	4	38.6	11	1.8000	1.7000	105.88	
18:26:11	4	38.3	11	1.6000	1.6000	100.00	
18:26:12	4	37.9	12	1.8000	1.6000	112.50	
18:26:13	4	37.6	12	1.8000	1.6000	112.50	
18:26:14	4	37.2	13	1.8000	1.6000	112.50	
18:26:15	4	36.8	13	1.8000	1.6000	112.50	
18:26:16	4	36.5	14	1.7000	1.6000	106.25	
18:26:17	4	36.1	14	1.7000	1.6000	106.25	
18:26:18	4	35.7	15	1.7000	1.6000	106.25	
18:26:19	4	35.4	15	1.6000	1.6000	100.00	
18:26:20	4	35.0	15	1.6000	1.6000	100.00	
18:26:21	4	34.5	16	1.8000	1.7000	105.88	
18:26:22	4	34.1	16	1.7000	1.8000	94.44	
18:26:23	4	34.0	16	1.2000	1.5000	80.00	
18:26:24	4	33.5	17	1.6000	1.5000	106.67	
18:26:25	4	33.1	17	1.8000	1.8000	100.00	
18:26:26	4	33.0	18	1.4000	1.7000	82.35	
18:26:27	4	32.7	18	1.6000	1.6000	100.00	
18:26:28	4	32.3	19	1.8000	1.7000	105.88	
18:26:29	4	31.9	19	1.8000	1.8000	100.00	
18:26:30	4	31.7	19	1.6000	1.7000	94.12	
18:26:31	4	31.3	20	1.7000	1.7000	100.00	
18:26:32	4	31.1	20	1.8000	1.8000	100.00	
18:26:33	4	30.8	21	1.7000	1.8000	94.44	
18:26:34	4	30.5	21	1.8000	1.8000	100.00	
18:26:35	4	30.2	22	1.8000	1.8000	100.00	
18:26:36	4	29.9	22	1.8000	1.8000	100.00	
18:26:37	4	29.7	23	1.7000	1.8000	94.44	
18:26:38	4	29.4	23	1.8000	1.8000	100.00	
18:26:39	4	29.1	24	1.9000	1.8000	105.56	
18:26:40	4	28.6	24	1.7000	1.8000	94.44	
18:26:41	4	28.4	24	1.4000	1.7000	82.35	
18:26:42	4	28.0	25	1.6000	1.6000	100.00	
18:26:43	4	27.7	25	1.9000	1.7000	111.76	
18:26:44	4	27.3	26	1.7000	1.7000	100.00	
18:26:45	4	26.9	26	1.8000	1.8000	100.00	
18:26:46	4	26.7	26	1.6000	1.8000	88.89	
18:26:47	4	26.3	27	1.7000	1.7000	100.00	
18:26:48	4	26.1	27	1.9000	1.8000	105.56	
18:26:49	4	25.8	28	1.9000	1.8000	105.56	
18:26:50	4	25.6	28	1.8000	1.8000	100.00	
18:26:51	4	25.3	29	1.8000	1.7000	105.88	
18:26:52	4	24.9	29	2.0000	1.8000	111.11	
18:26:53	4	24.7	30	1.6000	1.8000	88.89	
18:26:54	4	24.1	30	1.7000	1.7000	100.00	
18:26:55	4	23.9	30	1.8000	1.7000	105.88	
18:26:56	4	23.3	31	1.7000	1.7000	100.00	
18:26:57	5	23.1	0	1.8000	1.6000	112.50	
18:26:58	5	22.6	0	1.8000	1.6000	112.50	
18:26:59	5	22.1	1	1.6000	1.7000	94.12	
18:27:00	5	22.0	1	1.4000	1.5000	93.33	
18:27:01	5	21.6	2	1.7000	1.5000	113.33	
18:27:02	5	21.1	2	1.9000	1.6000	118.75	
18:27:03	5	20.9	2	1.6000	1.6000	100.00	
18:27:04	5	20.4	3	1.7000	1.6000	106.25	
18:27:05	5	20.1	3	1.8000	1.6000	112.50	
18:27:06	5	19.7	4	1.6000	1.5000	106.67	
18:27:07	5	19.4	4	1.7000	1.6000	106.25	
18:27:08	5	18.9	5	1.8000	1.6000	112.50	
18:27:09	5	18.5	5	1.6000	1.6000	100.00	
18:27:10	5	18.3	5	1.6000	1.5000	106.67	
18:27:11	5	17.8	6	1.8000	1.6000	112.50	
18:27:12	5	17.4	6	1.8000	1.8000	100.00	
18:27:13	5	17.2	7	1.6000	1.6000	100.00	
18:27:14	5	16.8	7	1.8000	1.6000	112.50	
18:27:15	5	16.3	8	1.8000	1.7000	105.88	
18:27:16	5	16.0	8	1.7000	1.7000	100.00	
18:27:17	5	15.6	9	1.8000	1.7000	105.88	
18:27:18	5	15.2	9	1.8000	1.7000	105.88	
18:27:19	5	14.8	9	1.7000	1.6000	106.25	
18:27:20	5	14.4	10	1.8000	1.6000	112.50	
18:27:21	5	14.0	10	1.7000	1.7000	100.00	
18:27:22	5	13.7	11	1.7000	1.7000	100.00	
18:27:23	5	13.3	11	1.8000	1.7000	105.88	
18:27:24	5	12.9	12	1.7000	1.7000	100.00	
18:27:25	5	12.4	12	1.6000	1.6000	100.00	
18:27:26	5	12.0	12	1.6000	1.6000	100.00	
18:27:27	5	11.5	13	1.8000	1.7000	105.88	
18:27:28	5	11.2	13	1.7000	1.7000	100.00	
18:27:29	5	10.7	14	1.7000	1.7000	100.00	
18:27:30	5	10.3	14	1.7000	1.8000	94.44	
18:27:31	5	10.0	14	1.4000	1.7000	82.35	
18:27:32	5	9.6	15	1.6000	1.6000	100.00	
18:27:33	5	9.0	15	1.8000	1.7000	105.88	
18:27:34	5	8.6	16	1.6000	1.8000	88.89	
18:27:35	5	8.3	16	1.4000	1.7000	82.35	
18:27:36	5	7.9	16	1.6000	1.7000	94.12	
18:27:37	5	7.5	17	1.6000	1.8000	88.89	
18:27:38	5	7.1	17	1.6000	1.7000	94.12	
18:27:39	5	6.7	18	1.8000	1.8000	100.00	
18:27:40	5	6.5	18	1.6000	1.7000	94.12	
18:27:41	5	6.0	19	1.6000	1.6000	100.00	
18:27:42	5	5.7	19	1.8000	1.7000	105.88	
18:27:43	5	5.2	19	1.6000	1.7000	94.12	
18:27:44	5	5.0	20	1.5000	1.6000	93.75	
18:27:45	5	4.5	20	1.8000	1.6000	112.50	
18:27:46	5	4.1	21	1.8000	1.7000	105.88	
18:27:47	5	3.8	21	1.6000	1.7000	94.12	
18:27:48	5	3.3	22	1.8000	1.8000	100.00	
18:27:49	5	2.8	22	1.6000	1.8000	88.89	
18:27:50	5	2.7	22	1.6000	1.7000	94.12	
18:27:51	5	2.3	23	1.9000	1.8000	105.56	
18:27:52	5	2.0	23	2.0000	1.8000	111.11	
18:27:53	5	1.8	24	1.7000	1.8000	94.44	
18:27:54	5	1.6	24	1.8000	1.6000	112.50	
18:27:55	5	1.4	25	2.3000	1.8000	127.78	
18:27:56	5	0.9	25	2.3000	1.8000	127.78	
18:27:57	5	0.8	26	1.6000	1.5000	106.67	
18:27:58	5	0.6	26	1.6000	1.5000	106.67	
18:27:59	5	0.5	27	1.8000	1.6000	112.50	
18:28:00	5	0.1	27	2.1000	1.8000	116.67	
18:28:01	5	0.0	28	2.1000	1.4000	150.00	
18:28:02	5	-0.1	28	1.8000	1.3000	138.46	
18:28:03	5	-0.1	29	1.8000	1.4000	128.57	
18:28:04	5	-0.1	29	1.6000	1.3000	123.08	
18:28:05	5	-0.1	29	1.1000	0.9000	122.22	
18:28:06	5	-0.1	29	0.8000	0.2000	400.00	
18:28:07	5	-0.1	29	0.3000	0.0000	0.00	
18:28:08	5	-0.1	29	0.0000	0.0000	0.00	
18:28:09	5	-0.1	29	0.0000	0.0000	0.00	
18:28:10	5	0.0	29	0.0000	0.0000	0.00	
18:28:11	5	-0.1	29	0.0000	0.0000	0.00	
18:28:12	5	-0.1	29	0.0000	0.0000	0.00	
18:28:13	5	0.0	29	0.0000	0.0000	0.00	
18:28:14	5	-0.1	29	0.0000	0.0000	0.00	
18:28:15	5	0.0	29	0.0000	0.3000	0.00	
18:28:16	5	0.0	29	0.0000	0.5000	0.00	
18:28:17	5	0.0	29	0.0000	1.2000	0.00	
18:28:18	5	0.0	29	0.0000	2.0000	0.00	
18:28:19	5	0.0	29	0.0000	1.7000	0.00	
18:28:20	5	0.0	29	0.0000	0.8000	0.00	
18:28:21	5	0.0	29	0.0000	0.8000	0.00	
18:28:22	5	0.0	29	0.0000	1.3000	0.00	
18:28:23	5	0.0	29	0.0000	1.4000	0.00	
18:28:24	5	0.0	29	0.0000	1.4000	0.00	
18:28:25	5	0.0	29	0.0000	1.6000	0.00	
18:28:26	5	0.0	29	0.0000	1.4000	0.00	
18:28:27	5	0.0	29	0.0000	1.2000	0.00	
18:28:28	5	0.0	29	0.0000	1.5000	0.00	
18:28:29	5	0.0	29	0.0000	1.5000	0.00	
18:28:30	5	0.0	29	0.0000	1.5000	0.00	
18:28:31	5	0.0	29	0.0000	1.3000	0.00	
18:28:32	5	0.0	29	0.0000	0.7000	0.00	
18:28:33	5	0.0	29	0.0000	0.2000	0.00	
18:28:34	5	0.0	29	0.0000	0.0000	0.00	
18:28:35	5	0.0	29	0.0000	0.0000	0.00	
18:28:36	5	0.0	29	0.0000	0.1000	0.00	
18:28:37	5	0.0	29	0.0000	0.1000	0.00	
18:28:38	5	0.0	29	0.0000	0.0000	0.00	
18:28:39	5	0.0	29	0.0000	0.0000	0.00	
18:28:40	5	0.0	29	0.0000	0.0000	0.00	
18:28:41	5	0.0	29	0.0000	0.1000	0.00	
18:28:42	5	0.0	29	0.0000	0.1000	0.00	
18:28:43	5	0.0	29	0.0000	0.0000	0.00	
18:28:44	5	0.0	29	0.0000	0.0000	0.00	
18:28:45	5	-0.1	29	0.0000	0.0000	0.00	
18:28:46	5	-0.1	29	0.0000	0.1000	0.00	
18:28:47	5	0.0	29	0.0000	0.1000	0.00	
18:28:48	5	0.0	29	0.0000	0.0000	0.00	
18:28:49	5	0.0	29	0.0000	0.1000	0.00	
18:28:50	5	0.0	29	0.0000	0.2000	0.00	
18:28:51	5	0.0	29	0.0000	0.1000	0.00	
18:28:52	5	0.0	29	0.0000	0.1000	0.00	
18:28:53	5	0.0	29	0.0000	0.1000	0.00	
18:28:54	5	0.0	29	0.0000	0.0000	0.00	
18:28:55	5	0.0	29	0.0000	0.0000	0.00	
18:28:56	5	0.0	29	0.0000	0.0000	0.00	
18:28:57	5	0.0	29	0.0000	0.0000	0.00	
18:28:58	5	0.0	29	0.0000	0.0000	0.00	
18:28:59	5	0.0	29	0.0000	0.0000	0.00	
18:29:00	5	0.0	29	0.0000	0.0000	0.00	
18:29:01	5	0.0	29	0.0000	0.0000	0.00	
18:29:02	5	-0.1	29	0.0000	0.0000	0.00	
18:29:03	5	-0.1	29	0.0000	0.0000	0.00	
18:29:04	5	-0.1	29	0.0000	0.0000	0.00	
18:29:05	5	-0.1	29	0.0000	0.0000	0.00	
18:29:06	5	0.0	29	0.0000	0.0000	0.00	
18:29:07	5	0.0	29	0.0000	0.0000	0.00	
18:29:08	5	0.0	29	0.0000	0.0000	0.00	
18:29:09	5	0.0	29	0.0000	0.0000	0.00	
18:29:10	5	0.0	29	0.0000	0.0000	0.00	
18:29:11	5	0.0	29	0.0000	0.0000	0.00	
18:29:12	5	0.0	29	0.0000	0.0000	0.00	
18:29:13	5	0.0	29	0.0000	0.0000	0.00	
18:29:14	5	0.0	29	0.0000	0.0000	0.00	
18:29:15	5	0.0	29	0.0000	0.0000	0.00	
18:29:16	5	0.0	29	0.0000	0.0000	0.00	
18:29:17	5	0.0	29	0.0000	0.0000	0.00	
18:29:18	5	0.0	29	0.0000	0.0000	0.00	
18:29:19	5	0.0	29	0.0000	0.0000	0.00	
18:29:20	5	0.0	29	0.0000	0.0000	0.00	
18:29:21	5	0.0	29	0.0000	0.0000	0.00	
18:29:22	5	0.0	29	0.0000	0.0000	0.00	
18:29:23	5	0.0	29	0.0000	0.0000	0.00	
18:29:24	5	0.0	29	0.0000	0.0000	0.00	
18:29:25	5	0.0	29	0.0000	0.0000	0.00	
18:29:26	5	0.0	29	0.0000	0.0000	0.00	
18:29:27	5	0.0	29	0.0000	0.0000	0.00	
18:29:28	5	0.0	29	0.0000	0.0000	0.00	
18:29:29	5	0.0	29	0.0000	0.0000	0.00	
18:29:30	5	0.0	29	0.0000	0.0000	0.00	
18:29:31	5	0.0	29	0.0000	0.0000	0.00	
18:29:32	5	0.0	29	0.0000	0.0000	0.00	
18:29:33	5	0.0	29	0.0000	0.0000	0.00	
18:29:34	5	0.0	29	0.0000	0.0000	0.00	
18:29:35	5	0.0	29	0.0000	0.0000	0.00	
18:29:36	5	0.0	29	0.0000	0.0000	0.00	
18:29:37	5	0.0	29	0.0000	0.0000	0.00	
18:29:38	5	0.0	29	0.0000	0.0000	0.00	
18:29:39	5	0.0	29	0.0000	0.0000	0.00	
18:29:40	5	0.0	29	0.0000	0.0000	0.00	
18:29:41	5	0.0	29	0.0000	0.0000	0.00	
18:29:42	5	0.0	29	0.0000	0.0000	0.00	
18:29:43	5	0.0	29	0.0000	0.0000	0.00	
18:29:44	5	0.0	29	0.0000	0.0000	0.00	
18:29:45	5	0.0	29	0.0000	0.0000	0.00	
18:29:46	5	0.0	29	0.0000	0.0000	0.00	
18:29:47	5	0.0	29	0.0000	0.0000	0.00	
18:29:48	5	0.0	29	0.0000	0.0000	0.00	
18:29:49	5	0.0	29	0.0000	0.0000	0.00	
18:29:50	5	0.0	29	0.0000	0.0000	0.00	
18:29:51	5	0.0	29	0.0000	0.0000	0.00	
18:29:52	5	0.0	29	0.0000	0.0000	0.00	
18:29:53	5	0.0	29	0.0000	0.0000	0.00	
18:29:54	5	0.0	29	0.0000	0.0000	0.00	
18:29:55	5	0.0	29	0.0000	0.0000	0.00	
18:29:56	5	0.0	29	0.0000	0.0000	0.00	
18:29:57	5	0.0	29	0.0000	0.0000	0.00	
18:29:58	5	0.0	29	0.0000	0.0000	0.00	
18:29:59	5	0.0	29	0.0000	0.0000	0.00	
18:30:00	5	0.0	29	0.0000	0.0000	0.00	
18:30:01	5	0.0	29	0.0000	0.0000	0.00	
18:30:02	5	0.0	29	0.0000	0.0000	0.00	
18:30:03	5	0.0	29	0.0000	0.0000	0.00	
18:30:04	5	0.0	29	0.0000	0.0000	0.00	
18:30:05	5	0.0	29	0.0000	0.0000	0.00	
18:30:06	5	0.0	29	0.0000	0.0000	0.00	
18:30:07	5	0.0	29	0.0000	0.0000	0.00	
18:30:08	5	0.0	29	0.0000	0.0000	0.00	
18:30:09	5	0.0	29	0.0000	0.0000	0.00	
18:30:10	5	0.0	29	0.0000	0.0000	0.00	
18:30:11	5	0.0	29	0.0000	0.0000	0.00	
18:30:12	5	0.0	29	0.0000	0.0000	0.00	
18:30:13	5	0.0	29	0.0000	0.0000	0.00	
18:30:14	5	0.0	29	0.0000	0.0000	0.00	
18:30:15	5	0.0	29	0.0000	0.0000	0.00	
18:30:16	5	0.0	29	0.0000	0.0000	0.00	
18:30:17	5	0.0	29	0.0000	0.0000	0.00	
18:30:18	5	0.0	29	0.0000	0.0000	0.00	
18:30:19	5	0.0	29	0.0000	0.0000	0.00	
18:30:20	5	0.0	29	0.0000	0.0000	0.00	
18:30:21	5	0.0	29	0.0000	0.0000	0.00	
18:30:22	5	0.0	29	0.0000	0.0000	0.00	
18:30:23	5	0.1	29	0.0000	0.0000	0.00	
18:30:24	5	0.1	29	0.0000	0.0000	0.00	
18:30:25	5	0.1	29	0.0000	0.0000	0.00	
18:30:26	5	0.0	29	0.0000	0.0000	0.00	
18:30:27	5	0.1	29	0.0000	0.0000	0.00	
18:30:28	5	0.1	29	0.0000	0.0000	0.00	
18:30:29	5	0.1	29	0.0000	0.0000	0.00	
18:30:30	5	0.1	29	0.0000	0.0000	0.00	
18:30:31	5	0.0	29	0.0000	0.0000	0.00	
18:30:32	5	0.0	29	0.0000	0.0000	0.00	
18:30:33	5	0.1	29	0.0000	0.0000	0.00	
18:30:34	5	0.0	29	0.0000	0.0000	0.00	
18:30:35	5	0.1	29	0.0000	0.0000	0.00	
18:30:36	5	0.0	29	0.0000	0.0000	0.00	
18:30:37	5	0.0	29	0.0000	0.0000	0.00	
18:30:38	5	0.1	29	0.0000	0.0000	0.00	
18:30:39	5	0.0	29	0.0000	0.0000	0.00	
18:30:40	5	0.0	29	0.0000	0.0000	0.00	
18:30:41	5	0.0	29	0.0000	0.0000	0.00	
18:30:42	5	0.0	29	0.0000	0.0000	0.00	
18:30:43	5	0.0	29	0.0000	0.0000	0.00	
18:30:44	5	0.0	29	0.0000	0.0000	0.00	
18:30:45	5	0.0	29	0.0000	0.0000	0.00	
18:30:46	5	0.0	29	0.0000	0.0000	0.00	
18:30:47	5	0.0	29	0.0000	0.0000	0.00	
18:30:48	5	0.0	29	0.0000	0.0000	0.00	
18:30:49	5	0.0	29	0.0000	0.0000	0.00	
18:30:50	5	0.0	29	0.0000	0.0000	0.00	
18:30:51	5	0.0	29	0.0000	0.0000	0.00	
18:30:52	5	0.0	29	0.0000	0.0000	0.00	
18:30:53	5	0.0	29	0.0000	0.0000	0.00	
18:30:54	5	0.0	29	0.0000	0.0000	0.00	
18:30:55	5	0.0	29	0.0000	0.0000	0.00	
18:30:56	5	0.0	29	0.0000	0.0000	0.00	
18:30:57	5	0.0	29	0.0000	0.0000	0.00	
18:30:58	5	0.0	29	0.0000	0.0000	0.00	
18:30:59	5	0.0	29	0.0000	0.0000	0.00	
18:31:00	5	0.0	29	0.0000	0.0000	0.00	
18:31:01	5	0.0	29	0.0000	0.0000	0.00	
18:31:02	5	0.0	29	0.0000	0.0000	0.00	
18:31:03	5	0.0	29	0.0000	0.0000	0.00	
18:31:04	5	0.1	29	0.0000	0.0000	0.00	
18:31:05	5	0.0	29	0.0000	0.0000	0.00	
18:31:06	5	0.0	29	0.0000	0.0000	0.00	
18:31:07	5	0.0	29	0.0000	0.0000	0.00	
18:31:08	5	-0.1	29	0.0000	0.0000	0.00	
18:31:09	5	0.0	29	0.0000	0.0000	0.00	
18:31:10	5	0.0	29	0.0000	0.0000	0.00	
18:31:11	5	0.0	29	0.0000	0.0000	0.00	
18:31:12	5	0.0	29	0.0000	0.0000	0.00	
18:31:13	5	0.0	29	0.0000	0.9000	0.00	
18:31:14	5	0.0	29	0.0000	2.1000	0.00	
18:31:15	5	0.0	29	0.0000	2.6000	0.00	
18:31:16	5	0.0	29	0.0000	2.7000	0.00	
18:31:17	5	0.0	29	0.0000	2.8000	0.00	
18:31:18	5	0.0	29	0.0000	3.0000	0.00	
18:31:19	5	0.0	29	0.0000	3.1000	0.00	
18:31:20	5	0.0	29	0.0000	3.1000	0.00	
18:31:21	5	0.0	29	0.0000	3.2000	0.00	
18:31:22	5	0.0	29	0.0000	3.0000	0.00	
18:31:23	5	0.0	29	0.0000	3.1000	0.00	
18:31:24	5	0.0	29	0.0000	3.3000	0.00	
18:31:25	5	0.0	29	0.0000	3.3000	0.00	
18:31:26	5	0.0	29	0.0000	3.2000	0.00	
18:31:27	5	0.0	29	0.0000	3.0000	0.00	
18:31:28	5	0.0	29	0.0000	3.0000	0.00	
18:31:29	5	0.0	29	0.0000	3.0000	0.00	
18:31:30	5	0.0	29	0.0000	2.7000	0.00	
18:31:31	5	0.0	29	0.0000	2.4000	0.00	
18:31:32	5	0.0	29	0.0000	2.5000	0.00	
18:31:33	5	0.0	29	0.0000	2.6000	0.00	
18:31:34	5	0.0	29	0.0000	2.6000	0.00	
18:31:35	5	0.0	29	0.0000	2.5000	0.00	
18:31:36	5	0.0	29	0.0000	2.4000	0.00	
18:31:37	5	0.0	29	0.0000	2.3000	0.00	
18:31:38	5	0.0	29	0.0000	2.3000	0.00	
18:31:39	5	0.0	29	0.0000	2.1000	0.00	
18:31:40	5	0.0	29	0.0000	1.8000	0.00	
18:31:41	5	0.0	29	0.0000	1.8000	0.00	
18:31:42	5	0.0	29	0.0000	1.8000	0.00	
18:31:43	5	0.0	29	0.0000	1.8000	0.00	
18:31:44	5	0.0	29	0.0000	1.6000	0.00	
18:31:45	5	0.0	29	0.0000	1.2000	0.00	
18:31:46	5	0.0	29	0.0000	1.2000	0.00	
18:31:47	5	0.0	29	0.0000	1.1000	0.00	
18:31:48	5	0.0	29	0.0000	0.8000	0.00	
18:31:49	5	0.0	29	0.0000	0.5000	0.00	
18:31:50	5	0.0	29	0.0000	0.3000	0.00	
18:31:51	5	0.0	29	0.0000	0.1000	0.00	
18:31:52	5	0.0	29	0.0000	0.0000	0.00	
18:31:53	5	0.0	29	0.0000	0.0000	0.00	
18:31:54	5	0.0	29	0.0000	0.0000	0.00	
18:31:55	5	0.0	29	0.0000	0.0000	0.00	
18:31:56	5	0.0	29	0.0000	0.0000	0.00	
18:31:57	5	0.0	29	0.0000	0.0000	0.00	
18:31:58	5	0.0	29	0.0000	0.0000	0.00	
18:31:59	5	0.0	29	0.0000	0.0000	0.00	
18:32:00	5	0.0	29	0.0000	0.0000	0.00	
18:32:01	5	0.0	29	0.0000	0.0000	0.00	
18:32:02	5	0.1	29	0.0000	0.0000	0.00	
18:32:03	5	0.1	29	0.0000	0.0000	0.00	
18:32:04	5	0.1	29	0.0000	0.0000	0.00	
18:32:05	5	0.1	29	0.0000	0.0000	0.00	
18:32:06	5	0.1	29	0.0000	0.0000	0.00	
18:32:07	5	0.1	29	0.0000	0.0000	0.00	
18:32:08	5	0.1	29	0.0000	0.0000	0.00	
18:32:09	5	0.1	29	0.0000	0.0000	0.00	
18:32:10	5	0.1	29	0.0000	0.0000	0.00	
18:32:11	5	0.1	29	0.0000	0.0000	0.00	
18:32:12	5	0.1	29	0.0000	0.0000	0.00	
18:32:13	5	0.1	29	0.0000	0.0000	0.00	
18:32:14	5	0.1	29	0.0000	0.0000	0.00	
18:32:15	5	0.1	29	0.0000	0.0000	0.00	
18:32:16	5	0.1	29	0.0000	0.0000	0.00	
18:32:17	5	0.1	29	0.0000	0.0000	0.00	
18:32:18	5	0.1	29	0.0000	0.0000	0.00	
18:32:19	5	0.1	29	0.0000	0.0000	0.00	
18:32:20	5	0.1	29	0.0000	0.0000	0.00	
18:32:21	5	0.1	29	0.0000	0.0000	0.00	
18:32:22	5	0.1	29	0.0000	0.0000	0.00	
18:32:23	5	0.1	29	0.0000	0.0000	0.00	
