Data Start: 2020-09-26 16:58:51
Data End: 2020-09-26 17:15:00
Devicename: Multi Plankton Sampler MPS
IdentNo.: 1020

Net []
Range1: 0 to 5

Pressure [dbar]
Range1: 0.0 to 3000.0  Cal0: -8.585877E+2  Cal1: 1.175972E-1  Cal2: -1.044298E-6  Cal3: -1.441992E+0  Cal4: 9.253807E-5  Cal5: -8.766143E-10  Cal6: 7.97392E-2  Cal7: 7.856609E-2  Cal8: -1.359118E-8

Volume [m³]
Range1: 0 to 65000  Cal0: 2.5E-1

Flow in [m/s]
Range1: 0.0000 to 9.9000

Flow out [m/s]
Range1: 0.0000 to 9.9000

Flow ratio [%]
Range1: 0.00 to 200.00

Header Comment

Ship:		
Cruise:		
Station:		
Cast:		
Position:		
Operator:		


Time [hh:mm:ss]	Net []	Pressure [dbar]	Volume [m³]	Flow in [m/s]	Flow out [m/s]	Flow ratio [%]	Comments  [Index]
16:58:51	0	0.0	0	0.0000	4.9000	0.00	
16:58:52	0	0.0	0	0.0000	5.3000	0.00	
16:58:53	0	0.0	0	0.0000	0.3000	0.00	
16:58:54	0	0.0	0	0.0000	0.3000	0.00	
16:58:55	0	0.0	0	0.0000	0.3000	0.00	
16:58:56	0	0.0	0	0.0000	0.0000	0.00	
16:58:57	0	0.0	0	0.0000	0.0000	0.00	
16:58:58	0	0.0	0	0.0000	0.0000	0.00	
16:58:59	0	0.0	0	0.0000	0.1000	0.00	
16:59:00	0	0.1	0	0.0000	0.1000	0.00	
16:59:01	0	0.0	0	0.0000	0.0000	0.00	
16:59:02	0	0.0	0	0.0000	0.0000	0.00	
16:59:03	0	0.0	0	0.0000	0.0000	0.00	
16:59:04	0	0.0	0	0.0000	0.0000	0.00	
16:59:05	0	0.0	0	0.0000	0.5000	0.00	
16:59:06	0	0.0	0	0.0000	0.5000	0.00	
16:59:07	0	0.0	0	0.0000	0.1000	0.00	
16:59:08	0	0.0	0	0.0000	0.0000	0.00	
16:59:09	0	0.0	0	0.0000	0.0000	0.00	
16:59:10	0	0.0	0	0.0000	0.0000	0.00	
16:59:11	0	0.0	0	0.0000	0.0000	0.00	
16:59:12	0	0.0	0	0.0000	0.0000	0.00	
16:59:13	0	0.0	0	0.0000	0.0000	0.00	
16:59:14	0	0.1	0	0.0000	0.0000	0.00	
16:59:15	0	0.0	0	0.0000	0.0000	0.00	
16:59:16	0	0.0	0	0.0000	0.0000	0.00	
16:59:17	0	0.0	0	0.0000	0.0000	0.00	
16:59:18	0	0.1	0	0.0000	0.0000	0.00	
16:59:19	0	0.1	0	0.1000	0.0000	0.00	
16:59:20	0	0.1	0	0.1000	0.0000	0.00	
16:59:21	0	0.0	0	0.0000	0.0000	0.00	
16:59:22	0	0.1	0	0.0000	0.1000	0.00	
16:59:23	0	0.0	0	0.0000	0.1000	0.00	
16:59:24	0	0.1	0	0.0000	0.0000	0.00	
16:59:25	0	0.1	0	0.0000	0.0000	0.00	
16:59:26	0	0.1	0	0.0000	0.0000	0.00	
16:59:27	0	0.1	0	0.0000	0.0000	0.00	
16:59:28	0	0.1	0	0.0000	0.0000	0.00	
16:59:29	0	0.1	0	0.0000	0.0000	0.00	
16:59:30	0	0.1	0	0.0000	0.0000	0.00	
16:59:31	0	0.1	0	0.1000	0.0000	0.00	
16:59:32	0	0.1	0	0.1000	0.0000	0.00	
16:59:33	0	0.1	0	0.0000	0.0000	0.00	
16:59:34	0	0.1	0	0.0000	0.0000	0.00	
16:59:35	0	0.1	0	0.0000	0.0000	0.00	
16:59:36	0	0.1	0	0.0000	0.1000	0.00	
16:59:37	0	0.1	0	0.1000	0.1000	100.00	
16:59:38	0	0.0	0	0.1000	0.0000	0.00	
16:59:39	0	0.0	0	0.0000	0.0000	0.00	
16:59:40	0	0.0	0	0.0000	0.0000	0.00	
16:59:41	0	0.0	0	0.0000	0.0000	0.00	
16:59:42	0	0.0	0	0.0000	0.0000	0.00	
16:59:43	0	0.0	0	0.0000	0.0000	0.00	
16:59:44	0	0.0	0	0.0000	0.0000	0.00	
16:59:45	0	0.0	0	0.0000	0.0000	0.00	
16:59:46	0	0.1	0	0.0000	0.0000	0.00	
16:59:47	0	0.1	0	0.0000	0.0000	0.00	
16:59:48	0	0.1	0	0.0000	0.0000	0.00	
16:59:49	0	0.1	0	0.0000	0.0000	0.00	
16:59:50	0	0.1	0	0.0000	0.0000	0.00	
16:59:51	0	0.1	0	0.0000	0.0000	0.00	
16:59:52	0	0.1	0	0.0000	0.1000	0.00	
16:59:53	0	0.1	0	0.0000	0.1000	0.00	
16:59:54	0	0.1	0	0.0000	0.1000	0.00	
16:59:55	0	0.1	0	0.0000	0.0000	0.00	
16:59:56	0	0.1	0	0.0000	0.0000	0.00	
16:59:57	0	0.1	0	0.0000	0.0000	0.00	
16:59:58	0	0.1	0	0.0000	0.0000	0.00	
16:59:59	0	0.1	0	0.0000	0.0000	0.00	
17:00:00	0	0.1	0	0.0000	0.0000	0.00	
17:00:01	0	0.1	0	0.1000	0.1000	100.00	
17:00:02	0	0.1	0	0.5000	0.8000	62.50	
17:00:03	0	0.1	0	1.4000	2.0000	70.00	
17:00:04	0	0.1	1	2.2000	2.7000	81.48	
17:00:05	0	0.1	2	2.9000	3.1000	93.55	
17:00:06	0	0.1	3	3.6000	3.6000	100.00	
17:00:07	0	0.1	3	3.3000	3.5000	94.29	
17:00:08	0	0.1	4	2.8000	3.4000	82.35	
17:00:09	0	0.1	5	3.5000	3.8000	92.11	
17:00:10	0	0.1	6	3.4000	3.8000	89.47	
17:00:11	0	0.1	7	2.7000	3.8000	71.05	
17:00:12	0	0.1	8	3.4000	4.2000	80.95	
17:00:13	0	0.1	8	3.4000	3.9000	87.18	
17:00:14	0	0.1	9	3.2000	4.2000	76.19	
17:00:15	0	0.1	10	3.8000	4.7000	80.85	
17:00:16	0	0.1	11	3.1000	3.7000	83.78	
17:00:17	0	0.1	12	3.9000	3.6000	108.33	
17:00:18	0	0.1	13	5.5000	4.3000	127.91	
17:00:19	0	0.1	15	5.4000	3.9000	138.46	
17:00:20	0	0.1	16	5.5000	3.8000	144.74	
17:00:21	0	0.1	17	5.1000	3.6000	141.67	
17:00:22	0	0.1	18	4.2000	3.3000	127.27	
17:00:23	0	0.1	20	4.5000	4.0000	112.50	
17:00:24	0	0.1	21	4.6000	3.9000	117.95	
17:00:25	0	0.1	22	4.0000	3.8000	105.26	
17:00:26	0	0.1	23	4.5000	4.5000	100.00	
17:00:27	0	0.1	24	4.9000	4.4000	111.36	
17:00:28	0	0.1	25	4.0000	2.3000	173.91	
17:00:29	0	0.1	26	4.2000	1.6000	262.50	
17:00:30	0	0.1	27	4.4000	2.5000	176.00	
17:00:31	0	0.1	28	3.3000	1.4000	235.71	
17:00:32	0	0.1	28	2.9000	1.4000	207.14	
17:00:33	0	0.1	30	3.7000	3.1000	119.35	
17:00:34	0	0.1	30	3.3000	3.4000	97.06	
17:00:35	0	0.0	30	1.4000	2.5000	56.00	
17:00:36	0	0.1	31	2.1000	2.5000	84.00	
17:00:37	0	0.0	32	4.0000	1.8000	222.22	
17:00:38	0	0.0	33	3.1000	0.3000	1033.33	
17:00:39	0	0.1	33	2.3000	0.8000	287.50	
17:00:40	0	0.0	34	2.9000	1.1000	263.64	
17:00:41	0	0.0	34	2.0000	0.3000	666.67	
17:00:42	0	0.0	35	2.0000	1.0000	200.00	
17:00:43	0	0.0	36	3.4000	2.1000	161.90	
17:00:44	0	0.1	37	3.6000	2.1000	171.43	
17:00:45	0	0.1	38	4.2000	1.9000	221.05	
17:00:46	0	0.1	39	4.2000	1.4000	300.00	
17:00:47	0	0.1	40	3.5000	1.7000	205.88	
17:00:48	0	0.1	41	3.3000	2.4000	137.50	
17:00:49	0	0.1	41	3.0000	2.3000	130.43	
17:00:50	0	0.1	42	2.9000	2.7000	107.41	
17:00:51	0	0.1	43	3.1000	2.8000	110.71	
17:00:52	0	0.1	44	2.8000	1.5000	186.67	
17:00:53	0	0.1	45	3.8000	1.8000	211.11	
17:00:54	0	0.1	46	4.0000	2.1000	190.48	
17:00:55	0	0.1	46	2.1000	1.2000	175.00	
17:00:56	0	0.1	47	2.2000	2.1000	104.76	
17:00:57	0	0.1	48	3.3000	3.2000	103.12	
17:00:58	0	0.1	49	3.9000	3.6000	108.33	
17:00:59	0	0.1	50	4.1000	3.3000	124.24	
17:01:00	0	0.1	50	3.5000	3.3000	106.06	
17:01:01	0	0.1	51	3.2000	3.8000	84.21	
17:01:02	0	0.1	52	3.6000	3.8000	94.74	
17:01:03	0	0.1	53	3.6000	3.8000	94.74	
17:01:04	0	0.1	54	3.3000	3.7000	89.19	
17:01:05	0	0.1	54	3.0000	2.7000	111.11	
17:01:06	0	0.1	55	3.4000	2.1000	161.90	
17:01:07	0	0.1	56	4.0000	2.1000	190.48	
17:01:08	0	0.1	57	3.8000	2.3000	165.22	
17:01:09	0	0.1	58	3.3000	2.1000	157.14	
17:01:10	0	0.1	59	2.7000	1.5000	180.00	
17:01:11	0	0.1	60	2.7000	1.6000	168.75	
17:01:12	0	0.1	60	3.1000	2.2000	140.91	
17:01:13	0	0.1	61	2.7000	2.1000	128.57	
17:01:14	0	0.1	62	3.2000	2.1000	152.38	
17:01:15	0	0.1	63	4.0000	2.7000	148.15	
17:01:16	0	0.1	64	3.6000	2.0000	180.00	
17:01:17	0	0.1	65	3.8000	1.4000	271.43	
17:01:18	0	0.1	66	5.0000	1.0000	500.00	
17:01:19	0	0.1	67	5.1000	0.1000	5100.00	
17:01:20	0	0.1	68	4.4000	0.1000	4400.00	
17:01:21	0	0.1	70	5.1000	0.1000	5100.00	
17:01:22	0	0.1	71	4.8000	0.1000	4800.00	
17:01:23	0	0.1	72	3.3000	1.2000	275.00	
17:01:24	0	0.1	73	4.2000	2.7000	155.56	
17:01:25	0	0.1	74	4.9000	2.5000	196.00	
17:01:26	0	0.1	75	3.9000	2.2000	177.27	
17:01:27	0	0.0	76	3.6000	2.8000	128.57	
17:01:28	0	0.0	76	3.3000	2.0000	165.00	
17:01:29	0	0.1	77	2.3000	0.6000	383.33	
17:01:30	0	0.0	78	2.9000	1.8000	161.11	
17:01:31	0	0.0	79	3.6000	2.3000	156.52	
17:01:32	0	0.0	79	2.8000	0.8000	350.00	
17:01:33	0	0.1	80	2.4000	0.5000	480.00	
17:01:34	0	0.1	81	3.1000	1.0000	310.00	
17:01:35	0	0.0	82	4.0000	1.6000	250.00	
17:01:36	0	0.0	83	4.1000	2.2000	186.36	
17:01:37	0	0.0	83	3.2000	1.6000	200.00	
17:01:38	0	0.0	84	1.2000	0.5000	240.00	
17:01:39	0	0.0	84	0.1000	0.0000	0.00	
17:01:40	0	0.0	84	0.0000	0.0000	0.00	
17:01:41	0	0.0	84	0.3000	0.1000	300.00	
17:01:42	0	0.1	84	0.7000	0.1000	700.00	
17:01:43	0	0.0	84	0.6000	0.4000	150.00	
17:01:44	0	0.0	84	0.3000	0.4000	75.00	
17:01:45	0	0.3	84	0.3000	0.3000	100.00	
17:01:46	0	0.5	85	1.1000	0.6000	183.33	
17:01:47	0	0.8	85	1.6000	0.9000	177.78	
17:01:48	0	1.8	85	1.4000	0.9000	155.56	
17:01:49	0	2.3	86	1.4000	1.0000	140.00	
17:01:50	0	2.7	86	1.4000	1.0000	140.00	
17:01:51	0	3.6	86	0.9000	0.6000	150.00	
17:01:52	0	4.1	87	1.0000	0.6000	166.67	
17:01:53	0	4.7	87	1.1000	0.9000	122.22	
17:01:54	0	5.6	87	0.6000	0.6000	100.00	
17:01:55	0	6.4	87	0.8000	0.4000	200.00	
17:01:56	0	6.8	87	0.9000	0.8000	112.50	
17:01:57	0	7.5	87	0.7000	0.9000	77.78	
17:01:58	0	8.7	87	0.4000	0.5000	80.00	
17:01:59	0	9.2	88	0.7000	0.5000	140.00	
17:02:00	0	9.8	88	0.8000	0.6000	133.33	
17:02:01	0	10.8	88	0.3000	0.5000	60.00	
17:02:02	0	11.5	88	0.5000	0.4000	125.00	
17:02:03	0	12.1	88	0.5000	0.5000	100.00	
17:02:04	0	13.2	88	0.4000	0.5000	80.00	
17:02:05	0	14.1	88	0.4000	0.4000	100.00	
17:02:06	0	14.7	89	0.7000	0.7000	100.00	
17:02:07	0	15.7	89	0.5000	0.5000	100.00	
17:02:08	0	16.9	89	0.2000	0.1000	200.00	
17:02:09	0	17.3	89	0.6000	0.5000	120.00	
17:02:10	0	18.0	89	0.6000	0.8000	75.00	
17:02:11	0	19.3	89	0.2000	0.5000	40.00	
17:02:12	0	19.9	89	0.6000	0.5000	120.00	
17:02:13	0	20.4	89	0.8000	0.8000	100.00	
17:02:14	0	21.6	90	0.4000	0.6000	66.67	
17:02:15	0	21.6	90	0.8000	0.7000	114.29	
17:02:16	0	22.1	90	1.0000	0.9000	111.11	
17:02:17	0	23.0	90	0.6000	0.5000	120.00	
17:02:18	0	23.3	91	1.0000	0.7000	142.86	
17:02:19	0	24.0	91	0.8000	0.9000	88.89	
17:02:20	0	24.3	91	0.6000	0.8000	75.00	
17:02:21	0	24.9	91	0.8000	0.8000	100.00	
17:02:22	0	25.9	91	0.6000	0.4000	150.00	
17:02:23	0	26.1	91	1.0000	0.6000	166.67	
17:02:24	0	26.4	92	1.1000	1.0000	110.00	
17:02:25	0	27.4	92	0.5000	0.7000	71.43	
17:02:26	0	27.8	92	0.6000	0.5000	120.00	
17:02:27	0	28.0	92	1.1000	1.0000	110.00	
17:02:28	0	28.9	92	0.6000	1.0000	60.00	
17:02:29	0	29.6	93	0.8000	0.6000	133.33	
17:02:30	0	29.6	93	1.3000	0.8000	162.50	
17:02:31	0	30.4	93	0.8000	0.9000	88.89	
17:02:32	0	31.0	93	0.6000	0.6000	100.00	
17:02:33	0	31.3	93	1.0000	0.8000	125.00	
17:02:34	0	32.0	94	0.8000	0.9000	88.89	
17:02:35	0	32.6	94	0.8000	0.8000	100.00	
17:02:36	0	33.0	94	0.9000	0.8000	112.50	
17:02:37	0	33.4	94	1.0000	0.9000	111.11	
17:02:38	0	34.0	94	0.9000	0.8000	112.50	
17:02:39	0	34.7	95	0.7000	0.5000	140.00	
17:02:40	0	34.9	95	0.9000	0.6000	150.00	
17:02:41	0	35.5	95	0.7000	0.7000	100.00	
17:02:42	0	36.1	95	0.7000	0.5000	140.00	
17:02:43	0	36.5	95	0.9000	0.6000	150.00	
17:02:44	0	37.1	96	0.5000	0.7000	71.43	
17:02:45	0	37.5	96	0.5000	0.6000	83.33	
17:02:46	0	38.4	96	0.6000	0.6000	100.00	
17:02:47	0	38.9	96	0.6000	0.5000	120.00	
17:02:48	0	39.0	96	0.8000	0.6000	133.33	
17:02:49	0	39.9	96	0.5000	0.7000	71.43	
17:02:50	0	40.5	97	0.5000	0.5000	100.00	
17:02:51	0	40.7	97	0.8000	0.6000	133.33	
17:02:52	0	41.5	97	0.5000	0.6000	83.33	
17:02:53	0	42.2	97	0.6000	0.3000	200.00	
17:02:54	0	42.6	97	0.9000	0.6000	150.00	
17:02:55	0	43.3	97	0.5000	0.7000	71.43	
17:02:56	0	44.0	98	0.7000	0.3000	233.33	
17:02:57	0	44.4	98	1.0000	0.6000	166.67	
17:02:58	0	44.9	98	0.7000	0.8000	87.50	
17:02:59	0	45.9	98	0.4000	0.3000	133.33	
17:03:00	0	46.0	98	0.8000	0.5000	160.00	
17:03:01	0	46.7	98	0.7000	0.8000	87.50	
17:03:02	0	47.5	99	0.7000	0.5000	140.00	
17:03:03	0	48.1	99	0.8000	0.6000	133.33	
17:03:04	0	48.6	99	0.5000	0.8000	62.50	
17:03:05	0	49.2	99	0.5000	0.7000	71.43	
17:03:06	0	50.0	99	0.6000	0.4000	150.00	
17:03:07	0	50.3	99	0.7000	0.5000	140.00	
17:03:08	0	51.0	99	0.6000	0.8000	75.00	
17:03:09	0	51.6	100	0.5000	0.5000	100.00	
17:03:10	0	52.1	100	0.7000	0.6000	116.67	
17:03:11	0	52.5	100	0.8000	0.9000	88.89	
17:03:12	0	53.3	100	0.6000	0.7000	85.71	
17:03:13	0	53.8	100	0.8000	0.6000	133.33	
17:03:14	0	54.2	101	1.0000	0.8000	125.00	
17:03:15	0	54.8	101	0.5000	0.8000	62.50	
17:03:16	0	55.3	101	0.8000	0.9000	88.89	
17:03:17	0	56.1	101	0.8000	0.6000	133.33	
17:03:18	0	56.4	101	0.9000	0.5000	180.00	
17:03:19	0	56.8	102	0.8000	0.8000	100.00	
17:03:20	0	57.7	102	0.5000	0.5000	100.00	
17:03:21	0	58.0	102	1.0000	0.5000	200.00	
17:03:22	0	58.4	102	1.0000	0.9000	111.11	
17:03:23	0	59.2	102	0.5000	0.5000	100.00	
17:03:24	0	59.7	103	0.9000	0.5000	180.00	
17:03:25	0	59.9	103	1.0000	0.8000	125.00	
17:03:26	0	60.6	103	0.5000	0.8000	62.50	
17:03:27	0	61.4	103	0.7000	0.5000	140.00	
17:03:28	0	61.6	103	1.0000	0.8000	125.00	
17:03:29	0	62.0	104	0.9000	1.0000	90.00	
17:03:30	0	63.0	104	0.5000	0.5000	100.00	
17:03:31	0	63.2	104	0.8000	0.5000	160.00	
17:03:32	0	63.6	104	1.0000	0.8000	125.00	
17:03:33	0	64.3	104	0.5000	0.7000	71.43	
17:03:34	0	64.8	105	0.8000	0.7000	114.29	
17:03:35	0	65.0	105	1.0000	0.9000	111.11	
17:03:36	0	65.7	105	0.7000	0.8000	87.50	
17:03:37	0	66.4	105	0.5000	0.5000	100.00	
17:03:38	0	66.5	105	1.0000	0.6000	166.67	
17:03:39	0	67.2	105	0.8000	0.9000	88.89	
17:03:40	0	67.9	106	0.6000	0.6000	100.00	
17:03:41	0	68.3	106	0.9000	0.7000	128.57	
17:03:42	0	68.7	106	0.9000	1.0000	90.00	
17:03:43	0	69.1	106	0.8000	0.9000	88.89	
17:03:44	0	69.7	106	0.8000	0.8000	100.00	
17:03:45	0	70.3	107	0.9000	0.8000	112.50	
17:03:46	0	70.5	107	1.0000	0.9000	111.11	
17:03:47	0	70.9	107	0.8000	0.9000	88.89	
17:03:48	0	71.9	107	0.5000	0.6000	83.33	
17:03:49	0	71.9	108	1.0000	0.7000	142.86	
17:03:50	0	72.4	108	1.0000	1.0000	100.00	
17:03:51	0	73.1	108	0.5000	0.7000	71.43	
17:03:52	0	73.5	108	0.8000	0.7000	114.29	
17:03:53	0	74.0	108	0.8000	0.9000	88.89	
17:03:54	0	74.6	108	0.7000	0.8000	87.50	
17:03:55	0	75.0	109	1.0000	0.8000	125.00	
17:03:56	0	75.4	109	1.0000	0.9000	111.11	
17:03:57	0	76.0	109	0.8000	0.9000	88.89	
17:03:58	0	76.5	109	0.8000	0.9000	88.89	
17:03:59	0	77.0	110	0.9000	0.8000	112.50	
17:04:00	0	77.2	110	1.0000	0.8000	125.00	
17:04:01	0	78.0	110	0.6000	0.8000	75.00	
17:04:02	0	78.6	110	0.8000	0.6000	133.33	
17:04:03	0	78.7	110	1.1000	0.8000	137.50	
17:04:04	0	79.3	111	0.6000	0.8000	75.00	
17:04:05	0	80.0	111	0.6000	0.5000	120.00	
17:04:06	0	79.9	111	1.0000	0.7000	142.86	
17:04:07	0	80.7	111	0.8000	0.9000	88.89	
17:04:08	0	81.2	111	0.8000	0.5000	160.00	
17:04:09	0	81.4	112	1.1000	0.7000	157.14	
17:04:10	0	82.1	112	0.8000	0.9000	88.89	
17:04:11	0	82.7	112	0.8000	0.9000	88.89	
17:04:12	0	83.1	112	1.1000	1.0000	110.00	
17:04:13	0	83.5	113	1.0000	0.9000	111.11	
17:04:14	0	84.1	113	0.8000	0.9000	88.89	
17:04:15	0	84.5	113	1.0000	1.0000	100.00	
17:04:16	0	85.2	113	0.8000	0.8000	100.00	
17:04:17	0	85.3	114	1.0000	0.8000	125.00	
17:04:18	0	85.8	114	1.0000	1.0000	100.00	
17:04:19	0	86.5	114	0.7000	0.8000	87.50	
17:04:20	0	86.8	114	1.0000	0.8000	125.00	
17:04:21	0	87.2	114	1.0000	1.0000	100.00	
17:04:22	0	87.8	115	0.8000	1.0000	80.00	
17:04:23	0	88.0	115	1.1000	1.0000	110.00	
17:04:24	0	88.7	115	0.9000	0.9000	100.00	
17:04:25	0	89.2	115	1.0000	0.7000	142.86	
17:04:26	0	89.3	116	1.4000	0.8000	175.00	
17:04:27	0	90.1	116	0.9000	1.0000	90.00	
17:04:28	0	90.5	116	0.8000	1.0000	80.00	
17:04:29	0	90.8	116	1.2000	1.0000	120.00	
17:04:30	0	91.3	117	1.0000	1.0000	100.00	
17:04:31	0	91.9	117	1.0000	1.0000	100.00	
17:04:32	0	92.1	117	1.2000	1.0000	120.00	
17:04:33	0	92.3	118	1.2000	1.0000	120.00	
17:04:34	0	93.2	118	0.8000	0.8000	100.00	
17:04:35	0	93.6	118	1.0000	0.8000	125.00	
17:04:36	0	93.7	118	1.4000	1.0000	140.00	
17:04:37	0	94.2	119	1.0000	1.0000	100.00	
17:04:38	0	94.7	119	1.0000	0.9000	111.11	
17:04:39	0	94.9	119	1.2000	0.9000	133.33	
17:04:40	0	95.4	119	1.0000	1.0000	100.00	
17:04:41	0	95.7	120	1.0000	1.0000	100.00	
17:04:42	0	95.9	120	1.2000	1.0000	120.00	
17:04:43	0	96.4	120	1.0000	1.0000	100.00	
17:04:44	0	96.7	120	1.1000	1.0000	110.00	
17:04:45	0	96.9	121	1.1000	0.9000	122.22	
17:04:46	0	97.2	121	1.0000	0.9000	111.11	
17:04:47	0	97.7	121	1.1000	1.0000	110.00	
17:04:48	0	98.0	122	1.2000	1.0000	120.00	
17:04:49	0	98.0	122	1.4000	1.1000	127.27	
17:04:50	0	98.8	122	1.0000	0.9000	111.11	
17:04:51	0	98.9	122	1.1000	0.8000	137.50	
17:04:52	0	99.1	123	1.5000	1.0000	150.00	
17:04:53	0	99.6	123	1.0000	1.0000	100.00	
17:04:54	0	99.9	123	1.0000	1.0000	100.00	
17:04:55	0	99.9	124	1.4000	1.0000	140.00	
17:04:56	0	100.4	124	1.1000	1.0000	110.00	
17:04:57	0	100.8	124	1.0000	0.8000	125.00	
17:04:58	0	100.9	124	1.2000	1.0000	120.00	
17:04:59	0	101.4	125	1.0000	1.0000	100.00	
17:05:00	0	101.5	125	1.0000	0.9000	111.11	
17:05:01	0	102.0	125	1.2000	0.9000	133.33	
17:05:02	0	102.3	125	1.1000	0.9000	122.22	
17:05:03	0	102.6	126	1.1000	0.9000	122.22	
17:05:04	0	102.7	126	1.2000	0.9000	133.33	
17:05:05	0	103.0	126	1.2000	1.0000	120.00	
17:05:06	0	103.6	127	1.0000	0.9000	111.11	
17:05:07	0	103.7	127	1.2000	0.9000	133.33	
17:05:08	0	103.8	127	1.4000	1.0000	140.00	
17:05:09	0	104.5	127	0.9000	0.9000	100.00	
17:05:10	0	104.5	128	1.0000	1.0000	100.00	
17:05:11	0	104.7	128	1.2000	1.0000	120.00	
17:05:12	0	105.3	128	0.9000	0.8000	112.50	
17:05:13	0	105.3	129	1.1000	1.0000	110.00	
17:05:14	0	105.6	129	1.2000	1.0000	120.00	
17:05:15	0	106.1	129	1.0000	0.8000	125.00	
17:05:16	0	106.4	129	1.1000	0.9000	122.22	
17:05:17	0	106.3	130	1.4000	1.0000	140.00	
17:05:18	0	106.7	130	1.2000	1.0000	120.00	
17:05:19	0	107.4	130	0.8000	0.5000	160.00	
17:05:20	0	107.3	131	1.4000	0.8000	175.00	
17:05:21	0	107.5	131	1.6000	1.1000	145.45	
17:05:22	0	108.5	131	0.8000	0.7000	114.29	
17:05:23	0	108.3	132	1.2000	0.8000	150.00	
17:05:24	0	108.5	132	1.6000	1.0000	160.00	
17:05:25	0	109.1	132	1.0000	1.0000	100.00	
17:05:26	0	109.5	132	1.0000	1.0000	100.00	
17:05:27	0	109.6	133	1.3000	1.0000	130.00	
17:05:28	0	109.8	133	1.3000	1.0000	130.00	
17:05:29	0	110.4	133	1.0000	1.0000	100.00	
17:05:30	0	110.7	134	1.2000	1.0000	120.00	
17:05:31	0	110.9	134	1.4000	1.0000	140.00	
17:05:32	0	111.3	134	1.0000	1.0000	100.00	
17:05:33	0	111.8	134	1.0000	0.9000	111.11	
17:05:34	0	111.9	135	1.2000	1.0000	120.00	
17:05:35	0	112.1	135	1.2000	1.0000	120.00	
17:05:36	0	112.7	135	1.0000	0.9000	111.11	
17:05:37	0	113.3	135	1.0000	0.7000	142.86	
17:05:38	0	112.9	136	1.5000	1.0000	150.00	
17:05:39	0	113.5	136	1.3000	1.2000	108.33	
17:05:40	0	114.4	136	0.8000	0.5000	160.00	
17:05:41	0	114.0	137	1.4000	0.9000	155.56	
17:05:42	0	114.4	137	1.5000	1.2000	125.00	
17:05:43	0	115.3	137	0.8000	0.8000	100.00	
17:05:44	0	115.5	138	1.2000	0.7000	171.43	
17:05:45	0	115.1	138	1.2000	0.7000	171.43	
17:05:46	0	116.1	138	0.5000	0.7000	71.43	
17:05:47	0	116.9	138	0.8000	0.8000	100.00	
17:05:48	0	116.6	139	1.2000	1.0000	120.00	
17:05:49	0	117.0	139	0.9000	1.1000	81.82	
17:05:50	0	117.7	139	0.5000	0.7000	71.43	
17:05:51	0	117.9	139	1.0000	0.8000	125.00	
17:05:52	0	118.2	139	1.0000	1.0000	100.00	
17:05:53	0	118.6	140	0.9000	1.0000	90.00	
17:05:54	0	119.0	140	1.0000	1.0000	100.00	
17:05:55	0	119.5	140	1.0000	0.9000	111.11	
17:05:56	0	119.6	140	1.2000	1.0000	120.00	
17:05:57	0	119.9	141	1.2000	1.0000	120.00	
17:05:58	0	120.6	141	1.0000	0.8000	125.00	
17:05:59	0	120.7	141	1.1000	0.9000	122.22	
17:06:00	0	121.0	141	1.0000	1.0000	100.00	
17:06:01	0	121.6	142	0.8000	0.8000	100.00	
17:06:02	0	121.8	142	1.1000	1.0000	110.00	
17:06:03	0	122.1	142	1.1000	1.0000	110.00	
17:06:04	0	122.8	142	0.8000	0.8000	100.00	
17:06:05	0	122.8	143	1.2000	0.9000	133.33	
17:06:06	0	123.1	143	1.3000	1.0000	130.00	
17:06:07	0	123.8	143	0.8000	0.8000	100.00	
17:06:08	0	124.0	143	1.0000	0.8000	125.00	
17:06:09	0	124.2	144	1.2000	1.0000	120.00	
17:06:10	0	124.9	144	0.8000	0.9000	88.89	
17:06:11	0	125.1	144	1.0000	0.9000	111.11	
17:06:12	0	125.4	144	1.1000	1.0000	110.00	
17:06:13	0	125.8	145	1.0000	0.9000	111.11	
17:06:14	0	126.4	145	0.9000	0.8000	112.50	
17:06:15	0	126.6	145	1.1000	1.0000	110.00	
17:06:16	0	126.8	145	1.2000	1.0000	120.00	
17:06:17	0	127.3	146	1.0000	0.9000	111.11	
17:06:18	0	127.6	146	1.0000	0.9000	111.11	
17:06:19	0	128.0	146	1.1000	1.0000	110.00	
17:06:20	0	128.1	146	1.2000	1.0000	120.00	
17:06:21	0	128.6	147	1.0000	1.0000	100.00	
17:06:22	0	129.0	147	1.0000	0.9000	111.11	
17:06:23	0	129.1	147	1.2000	1.0000	120.00	
17:06:24	0	129.4	147	1.0000	1.0000	100.00	
17:06:25	0	129.9	148	0.9000	0.9000	100.00	
17:06:26	0	130.2	148	1.0000	1.0000	100.00	
17:06:27	0	130.2	148	1.2000	1.0000	120.00	
17:06:28	0	130.7	148	1.0000	0.9000	111.11	
17:06:29	0	131.0	149	1.0000	1.0000	100.00	
17:06:30	0	131.1	149	1.2000	1.1000	109.09	
17:06:31	0	131.4	149	1.1000	1.0000	110.00	
17:06:32	0	131.9	150	0.9000	0.9000	100.00	
17:06:33	0	132.0	150	1.1000	1.0000	110.00	
17:06:34	0	132.0	150	1.3000	1.1000	118.18	
17:06:35	0	132.8	150	1.1000	1.0000	110.00	
17:06:36	0	132.8	151	1.1000	1.0000	110.00	
17:06:37	0	133.2	151	1.0000	1.0000	100.00	
17:06:38	0	133.7	151	0.9000	1.0000	90.00	
17:06:39	0	133.8	151	1.2000	1.0000	120.00	
17:06:40	0	134.1	152	1.0000	1.0000	100.00	
17:06:41	0	134.6	152	0.9000	1.0000	90.00	
17:06:42	0	134.8	152	1.1000	1.0000	110.00	
17:06:43	0	134.9	153	1.2000	1.0000	120.00	
17:06:44	0	135.4	153	0.9000	1.0000	90.00	
17:06:45	0	135.9	153	1.0000	1.0000	100.00	
17:06:46	0	135.6	153	1.4000	1.1000	127.27	
17:06:47	0	136.0	154	1.2000	1.1000	109.09	
17:06:48	0	135.7	154	1.3000	1.1000	118.18	
17:06:49	0	134.8	154	1.3000	0.9000	144.44	
17:06:50	0	135.1	154	0.8000	0.5000	160.00	
17:06:51	0	134.8	155	1.1000	0.9000	122.22	
17:06:52	0	134.0	155	1.4000	1.0000	140.00	
17:06:53	0	133.8	155	1.0000	0.8000	125.00	
17:06:54	0	133.9	155	0.7000	1.0000	70.00	
17:06:55	0	133.3	156	1.4000	1.2000	116.67	
17:06:56	0	133.1	156	1.7000	1.3000	130.77	
17:06:57	0	133.2	157	1.2000	1.2000	100.00	
17:06:58	0	132.7	157	1.5000	1.4000	107.14	
17:06:59	0	132.2	158	1.8000	1.4000	128.57	
17:07:00	0	132.2	158	1.3000	1.3000	100.00	
17:07:01	0	132.0	158	1.4000	1.4000	100.00	
17:07:02	0	131.4	159	1.8000	1.6000	112.50	
17:07:03	0	131.4	159	1.5000	1.6000	93.75	
17:07:04	0	131.4	159	1.5000	1.5000	100.00	
17:07:05	0	130.8	160	1.8000	1.5000	120.00	
17:07:06	0	130.6	160	1.8000	1.6000	112.50	
17:07:07	0	130.6	161	1.6000	1.5000	106.67	
17:07:08	0	130.3	161	1.7000	1.4000	121.43	
17:07:09	0	129.6	162	2.0000	1.6000	125.00	
17:07:10	0	129.8	162	1.5000	1.5000	100.00	
17:07:11	0	129.7	162	1.2000	1.3000	92.31	
17:07:12	0	129.0	163	1.7000	1.4000	121.43	
17:07:13	0	129.2	163	1.4000	1.3000	107.69	
17:07:14	0	128.8	163	1.2000	1.4000	85.71	
17:07:15	0	128.6	164	1.6000	1.4000	114.29	
17:07:16	0	128.2	164	1.8000	1.6000	112.50	
17:07:17	0	128.1	165	1.8000	1.7000	105.88	
17:07:18	0	128.1	165	1.6000	1.5000	106.67	
17:07:19	0	127.7	166	1.8000	1.4000	128.57	
17:07:20	0	127.4	166	2.1000	1.6000	131.25	
17:07:21	0	127.5	166	1.6000	1.6000	100.00	
17:07:22	0	127.4	167	1.4000	1.4000	100.00	
17:07:23	0	126.8	167	2.0000	1.6000	125.00	
17:07:24	0	126.7	168	2.1000	1.7000	123.53	
17:07:25	0	126.6	168	1.7000	1.6000	106.25	
17:07:26	0	126.5	169	1.7000	1.5000	113.33	
17:07:27	0	126.1	169	2.1000	1.6000	131.25	
17:07:28	0	125.9	170	1.8000	1.6000	112.50	
17:07:29	0	125.6	170	1.6000	1.5000	106.67	
17:07:30	0	125.2	171	1.9000	1.6000	118.75	
17:07:31	0	124.8	171	1.8000	1.6000	112.50	
17:07:32	0	124.9	171	1.4000	1.5000	93.33	
17:07:33	0	124.4	172	1.6000	1.5000	106.67	
17:07:34	0	123.9	172	1.9000	1.6000	118.75	
17:07:35	0	123.8	173	1.6000	1.5000	106.67	
17:07:36	1	123.3	0	1.8000	1.5000	120.00	
17:07:37	1	122.8	0	1.8000	1.7000	105.88	
17:07:38	1	122.9	1	1.3000	1.5000	86.67	
17:07:39	1	122.3	1	1.4000	1.4000	100.00	
17:07:40	1	121.8	2	1.7000	1.6000	106.25	
17:07:41	1	121.6	2	1.4000	1.5000	93.33	
17:07:42	1	121.4	2	1.3000	1.4000	92.86	
17:07:43	1	120.7	3	1.6000	1.6000	100.00	
17:07:44	1	120.4	3	1.3000	1.6000	81.25	
17:07:45	1	120.6	3	0.8000	1.3000	61.54	
17:07:46	1	119.8	4	1.4000	1.4000	100.00	
17:07:47	1	119.3	4	1.6000	1.6000	100.00	
17:07:48	1	119.7	4	0.8000	1.3000	61.54	
17:07:49	1	119.3	4	1.0000	1.3000	76.92	
17:07:50	1	118.2	5	1.6000	1.6000	100.00	
17:07:51	1	118.4	5	1.2000	1.5000	80.00	
17:07:52	1	118.6	5	0.8000	1.2000	66.67	
17:07:53	1	117.5	5	1.1000	1.1000	100.00	
17:07:54	1	117.1	5	0.8000	0.9000	88.89	
17:07:55	1	117.5	6	0.5000	0.9000	55.56	
17:07:56	1	116.8	6	1.2000	1.2000	100.00	
17:07:57	1	116.1	6	1.2000	1.5000	80.00	
17:07:58	1	116.2	6	0.6000	1.4000	42.86	
17:07:59	1	115.7	7	1.2000	1.4000	85.71	
17:08:00	1	115.3	7	1.6000	1.6000	100.00	
17:08:01	1	115.1	7	1.3000	1.5000	86.67	
17:08:02	1	114.5	8	1.6000	1.6000	100.00	
17:08:03	1	114.1	8	1.6000	1.7000	94.12	
17:08:04	1	113.9	9	1.4000	1.5000	93.33	
17:08:05	1	113.5	9	1.8000	1.5000	120.00	
17:08:06	1	112.8	10	1.8000	1.8000	100.00	
17:08:07	1	112.8	10	1.2000	1.6000	75.00	
17:08:08	1	112.5	10	1.4000	1.4000	100.00	
17:08:09	1	111.8	11	1.8000	1.8000	100.00	
17:08:10	1	111.7	11	1.4000	1.6000	87.50	
17:08:11	1	111.6	11	1.4000	1.4000	100.00	
17:08:12	1	110.9	12	1.8000	1.8000	100.00	
17:08:13	1	110.6	12	1.6000	1.8000	88.89	
17:08:14	1	110.6	12	1.2000	1.5000	80.00	
17:08:15	1	109.9	13	1.6000	1.6000	100.00	
17:08:16	1	109.5	13	1.8000	1.8000	100.00	
17:08:17	1	109.2	14	1.5000	1.7000	88.24	
17:08:18	1	109.2	14	1.5000	1.5000	100.00	
17:08:19	1	108.6	15	1.8000	1.6000	112.50	
17:08:20	1	108.0	15	1.7000	1.8000	94.44	
17:08:21	1	107.6	15	1.2000	1.7000	70.59	
17:08:22	1	107.7	15	1.0000	1.4000	71.43	
17:08:23	1	106.9	16	1.5000	1.5000	100.00	
17:08:24	1	106.2	16	1.8000	1.8000	100.00	
17:08:25	1	106.3	17	1.2000	1.4000	85.71	
17:08:26	1	106.1	17	1.3000	1.4000	92.86	
17:08:27	1	105.2	18	1.8000	1.6000	112.50	
17:08:28	1	105.3	18	1.4000	1.4000	100.00	
17:08:29	1	104.9	18	1.2000	1.4000	85.71	
17:08:30	1	104.2	19	1.7000	1.7000	100.00	
17:08:31	1	104.3	19	1.2000	1.5000	80.00	
17:08:32	1	103.8	19	1.2000	1.4000	85.71	
17:08:33	1	103.3	20	1.8000	1.6000	112.50	
17:08:34	1	103.1	20	1.4000	1.5000	93.33	
17:08:35	1	102.7	20	1.5000	1.5000	100.00	
17:08:36	1	102.2	21	1.9000	1.6000	118.75	
17:08:37	1	102.0	21	1.5000	1.5000	100.00	
17:08:38	1	101.6	22	1.6000	1.5000	106.67	
17:08:39	1	100.9	22	1.8000	1.8000	100.00	
17:08:40	1	100.7	22	1.2000	1.6000	75.00	
17:08:41	1	100.5	23	1.2000	1.4000	85.71	
17:08:42	1	99.9	23	1.8000	1.7000	105.88	
17:08:43	1	99.6	23	1.6000	1.6000	100.00	
17:08:44	2	99.2	0	1.6000	1.6000	100.00	
17:08:45	2	98.8	0	1.8000	1.8000	100.00	
17:08:46	2	98.5	1	1.6000	1.6000	100.00	
17:08:47	2	97.9	1	1.7000	1.7000	100.00	
17:08:48	2	97.7	2	1.5000	1.6000	93.75	
17:08:49	2	97.0	2	1.6000	1.6000	100.00	
17:08:50	2	97.0	2	1.5000	1.6000	93.75	
17:08:51	2	96.4	3	1.6000	1.6000	100.00	
17:08:52	2	95.8	3	1.8000	1.8000	100.00	
17:08:53	2	95.9	3	1.1000	1.5000	73.33	
17:08:54	2	95.4	4	1.3000	1.4000	92.86	
17:08:55	2	94.8	4	1.8000	1.8000	100.00	
17:08:56	2	94.5	5	1.4000	1.7000	82.35	
17:08:57	2	94.3	5	1.3000	1.5000	86.67	
17:08:58	2	93.7	5	1.7000	1.5000	113.33	
17:08:59	2	93.0	6	1.7000	1.8000	94.44	
17:09:00	2	93.0	6	1.1000	1.6000	68.75	
17:09:01	2	92.5	6	1.3000	1.4000	92.86	
17:09:02	2	92.0	7	1.8000	1.6000	112.50	
17:09:03	2	91.5	7	1.7000	1.6000	106.25	
17:09:04	2	91.2	8	1.6000	1.7000	94.12	
17:09:05	2	90.8	8	1.6000	1.7000	94.12	
17:09:06	2	90.2	9	1.8000	1.8000	100.00	
17:09:07	2	90.4	9	1.4000	1.6000	87.50	
17:09:08	2	89.7	9	1.3000	1.4000	92.86	
17:09:09	2	88.8	10	1.8000	1.8000	100.00	
17:09:10	2	88.9	10	1.2000	1.6000	75.00	
17:09:11	2	88.7	10	1.0000	1.4000	71.43	
17:09:12	2	87.9	11	1.4000	1.6000	87.50	
17:09:13	2	87.5	11	1.4000	1.6000	87.50	
17:09:14	2	87.7	11	1.0000	1.4000	71.43	
17:09:15	2	87.1	12	1.4000	1.5000	93.33	
17:09:16	2	86.1	12	1.7000	1.8000	94.44	
17:09:17	2	86.3	12	0.8000	1.4000	57.14	
17:09:18	2	85.9	12	0.8000	1.3000	61.54	
17:09:19	2	85.0	13	1.2000	1.4000	85.71	
17:09:20	2	84.8	13	0.7000	1.2000	58.33	
17:09:21	2	84.6	13	0.8000	1.2000	66.67	
17:09:22	2	83.8	13	1.6000	1.4000	114.29	
17:09:23	2	83.4	14	1.4000	1.5000	93.33	
17:09:24	2	83.3	14	0.9000	1.2000	75.00	
17:09:25	2	82.6	14	1.4000	1.4000	100.00	
17:09:26	2	82.0	15	1.6000	1.6000	100.00	
17:09:27	2	81.9	15	1.2000	1.4000	85.71	
17:09:28	2	81.3	15	1.5000	1.5000	100.00	
17:09:29	2	80.7	16	1.6000	1.6000	100.00	
17:09:30	2	80.7	16	1.0000	1.3000	76.92	
17:09:31	2	80.0	16	1.4000	1.4000	100.00	
17:09:32	2	79.6	17	1.6000	1.6000	100.00	
17:09:33	2	79.5	17	1.1000	1.3000	84.62	
17:09:34	2	78.7	18	1.6000	1.4000	114.29	
17:09:35	2	78.3	18	1.6000	1.6000	100.00	
17:09:36	2	78.0	18	0.9000	1.2000	75.00	
17:09:37	2	77.5	18	1.4000	1.4000	100.00	
17:09:38	2	77.2	19	1.6000	1.4000	114.29	
17:09:39	2	76.5	19	1.5000	1.4000	107.14	
17:09:40	2	76.0	20	1.6000	1.6000	100.00	
17:09:41	2	75.8	20	1.2000	1.4000	85.71	
17:09:42	2	75.5	20	1.2000	1.3000	92.31	
17:09:43	2	74.8	21	1.7000	1.5000	113.33	
17:09:44	2	74.3	21	1.6000	1.6000	100.00	
17:09:45	3	74.0	0	1.1000	1.4000	78.57	
17:09:46	3	73.6	0	1.4000	1.4000	100.00	
17:09:47	3	72.8	1	1.8000	1.6000	112.50	
17:09:48	3	72.6	1	1.2000	1.6000	75.00	
17:09:49	3	72.3	1	1.2000	1.4000	85.71	
17:09:50	3	71.6	2	1.6000	1.6000	100.00	
17:09:51	3	70.9	2	1.4000	1.7000	82.35	
17:09:52	3	70.9	2	0.8000	1.4000	57.14	
17:09:53	3	70.4	2	1.0000	1.3000	76.92	
17:09:54	3	69.6	3	1.6000	1.6000	100.00	
17:09:55	3	69.2	3	1.1000	1.6000	68.75	
17:09:56	3	69.1	3	0.8000	1.3000	61.54	
17:09:57	3	68.2	4	1.4000	1.4000	100.00	
17:09:58	3	67.7	4	1.4000	1.5000	93.33	
17:09:59	3	67.6	4	1.0000	1.3000	76.92	
17:10:00	3	66.9	5	1.4000	1.5000	93.33	
17:10:01	3	66.5	5	1.6000	1.6000	100.00	
17:10:02	3	66.0	5	1.4000	1.6000	87.50	
17:10:03	3	65.5	6	1.4000	1.6000	87.50	
17:10:04	3	65.0	6	1.4000	1.6000	87.50	
17:10:05	3	64.6	6	1.3000	1.6000	81.25	
17:10:06	3	64.0	7	1.4000	1.6000	87.50	
17:10:07	3	63.4	7	1.6000	1.7000	94.12	
17:10:08	3	63.0	7	1.5000	1.7000	88.24	
17:10:09	3	62.7	8	1.3000	1.6000	81.25	
17:10:10	3	61.8	8	1.6000	1.7000	94.12	
17:10:11	3	61.6	9	1.4000	1.6000	87.50	
17:10:12	3	61.2	9	1.2000	1.4000	85.71	
17:10:13	3	60.4	9	1.6000	1.5000	106.67	
17:10:14	3	59.9	10	1.3000	1.6000	81.25	
17:10:15	3	59.5	10	1.0000	1.4000	71.43	
17:10:16	3	58.9	10	1.4000	1.4000	100.00	
17:10:17	3	58.5	11	1.5000	1.4000	107.14	
17:10:18	3	57.8	11	1.6000	1.4000	114.29	
17:10:19	3	57.4	11	1.6000	1.4000	114.29	
17:10:20	3	56.9	12	1.5000	1.5000	100.00	
17:10:21	3	56.6	12	1.6000	1.5000	106.67	
17:10:22	3	56.1	13	1.4000	1.4000	100.00	
17:10:23	3	55.6	13	1.7000	1.5000	113.33	
17:10:24	3	55.2	13	1.6000	1.5000	106.67	
17:10:25	3	54.6	14	1.4000	1.4000	100.00	
17:10:26	3	54.1	14	1.5000	1.5000	100.00	
17:10:27	3	53.6	14	1.4000	1.5000	93.33	
17:10:28	3	53.1	15	1.4000	1.5000	93.33	
17:10:29	3	52.7	15	1.4000	1.4000	100.00	
17:10:30	3	52.1	15	1.4000	1.4000	100.00	
17:10:31	3	51.6	16	1.4000	1.5000	93.33	
17:10:32	3	51.0	16	1.6000	1.5000	106.67	
17:10:33	3	50.8	17	1.3000	1.4000	92.86	
17:10:34	3	50.1	17	1.4000	1.4000	100.00	
17:10:35	3	49.4	17	1.8000	1.6000	112.50	
17:10:36	3	49.3	18	1.3000	1.4000	92.86	
17:10:37	4	48.7	0	1.3000	1.4000	92.86	
17:10:38	4	47.9	0	1.5000	1.6000	93.75	
17:10:39	4	47.8	0	1.0000	1.4000	71.43	
17:10:40	4	47.4	1	1.0000	1.3000	76.92	
17:10:41	4	46.5	1	1.4000	1.4000	100.00	
17:10:42	4	46.0	1	1.0000	1.4000	71.43	
17:10:43	4	45.7	2	0.9000	1.2000	75.00	
17:10:44	4	44.8	2	1.4000	1.4000	100.00	
17:10:45	4	44.3	2	1.3000	1.5000	86.67	
17:10:46	4	43.9	2	0.8000	1.3000	61.54	
17:10:47	4	43.5	3	1.3000	1.4000	92.86	
17:10:48	4	42.7	3	1.6000	1.5000	106.67	
17:10:49	4	42.2	3	1.3000	1.4000	92.86	
17:10:50	4	41.6	4	1.5000	1.5000	100.00	
17:10:51	4	41.2	4	1.7000	1.5000	113.33	
17:10:52	4	40.8	5	1.6000	1.5000	106.67	
17:10:53	4	40.1	5	1.6000	1.7000	94.12	
17:10:54	4	39.6	5	1.4000	1.7000	82.35	
17:10:55	4	39.3	6	1.2000	1.4000	85.71	
17:10:56	4	38.4	6	1.6000	1.6000	100.00	
17:10:57	4	38.0	7	1.6000	1.7000	94.12	
17:10:58	4	38.0	7	1.0000	1.4000	71.43	
17:10:59	4	36.8	7	1.5000	1.5000	100.00	
17:11:00	4	36.4	7	1.4000	1.6000	87.50	
17:11:01	4	36.5	8	0.8000	1.3000	61.54	
17:11:02	4	35.6	8	1.1000	1.2000	91.67	
17:11:03	4	35.0	8	1.1000	1.4000	78.57	
17:11:04	4	34.5	9	1.1000	1.4000	78.57	
17:11:05	4	34.3	9	1.3000	1.4000	92.86	
17:11:06	4	33.8	9	1.6000	1.4000	114.29	
17:11:07	4	33.1	10	1.8000	1.6000	112.50	
17:11:08	4	32.6	10	1.4000	1.6000	87.50	
17:11:09	4	32.4	10	1.1000	1.4000	78.57	
17:11:10	4	31.7	11	1.6000	1.4000	114.29	
17:11:11	4	31.0	11	1.8000	1.6000	112.50	
17:11:12	4	30.8	11	1.2000	1.4000	85.71	
17:11:13	4	30.3	12	1.4000	1.4000	100.00	
17:11:14	4	29.6	12	1.8000	1.6000	112.50	
17:11:15	4	29.2	13	1.4000	1.4000	100.00	
17:11:16	4	28.7	13	1.5000	1.4000	107.14	
17:11:17	4	28.2	13	1.6000	1.6000	100.00	
17:11:18	4	27.8	14	1.4000	1.4000	100.00	
17:11:19	4	27.1	14	1.7000	1.5000	113.33	
17:11:20	4	26.7	15	1.6000	1.6000	100.00	
17:11:21	4	26.6	15	1.1000	1.4000	78.57	
17:11:22	4	25.7	15	1.6000	1.6000	100.00	
17:11:23	4	25.3	16	1.8000	1.8000	100.00	
17:11:24	4	25.2	16	1.2000	1.4000	85.71	
17:11:25	4	24.4	16	1.4000	1.6000	87.50	
17:11:26	4	23.9	17	1.7000	1.8000	94.44	
17:11:27	5	23.6	0	1.4000	1.6000	87.50	
17:11:28	5	23.0	0	1.6000	1.6000	100.00	
17:11:29	5	22.5	1	1.8000	1.8000	100.00	
17:11:30	5	22.2	1	1.5000	1.6000	93.75	
17:11:31	5	21.4	2	1.6000	1.7000	94.12	
17:11:32	5	20.9	2	1.7000	1.8000	94.44	
17:11:33	5	20.6	2	1.3000	1.6000	81.25	
17:11:34	5	19.8	3	1.6000	1.6000	100.00	
17:11:35	5	19.3	3	1.7000	1.7000	100.00	
17:11:36	5	19.0	3	1.3000	1.6000	81.25	
17:11:37	5	18.3	4	1.7000	1.6000	106.25	
17:11:38	5	17.9	4	1.7000	1.7000	100.00	
17:11:39	5	17.3	5	1.6000	1.7000	94.12	
17:11:40	5	16.8	5	1.6000	1.8000	88.89	
17:11:41	5	16.6	5	1.4000	1.6000	87.50	
17:11:42	5	15.7	6	1.7000	1.7000	100.00	
17:11:43	5	15.2	6	1.6000	1.8000	88.89	
17:11:44	5	14.8	7	1.2000	1.7000	70.59	
17:11:45	5	14.4	7	1.6000	1.6000	100.00	
17:11:46	5	13.7	7	1.8000	1.8000	100.00	
17:11:47	5	13.1	8	1.8000	1.8000	100.00	
17:11:48	5	12.6	8	1.6000	1.8000	88.89	
17:11:49	5	12.2	9	1.6000	1.6000	100.00	
17:11:50	5	11.5	9	1.8000	1.6000	112.50	
17:11:51	5	10.9	10	1.8000	1.7000	105.88	
17:11:52	5	10.4	10	1.7000	1.6000	106.25	
17:11:53	5	9.8	11	1.8000	1.6000	112.50	
17:11:54	5	9.1	11	1.8000	1.6000	112.50	
17:11:55	5	8.7	11	1.8000	1.6000	112.50	
17:11:56	5	8.1	12	1.9000	1.7000	111.76	
17:11:57	5	7.5	12	1.8000	1.7000	105.88	
17:11:58	5	7.0	13	1.7000	1.6000	106.25	
17:11:59	5	6.4	13	2.0000	1.7000	117.65	
17:12:00	5	6.0	14	1.8000	1.6000	112.50	
17:12:01	5	5.3	14	1.8000	1.6000	112.50	
17:12:02	5	4.9	15	1.9000	1.8000	105.56	
17:12:03	5	4.3	15	1.8000	1.6000	112.50	
17:12:04	5	3.7	16	1.9000	1.7000	111.76	
17:12:05	5	3.1	16	1.7000	1.8000	94.44	
17:12:06	5	2.7	16	1.5000	1.6000	93.75	
17:12:07	5	2.1	17	1.7000	1.8000	94.44	
17:12:08	5	1.6	17	1.8000	1.9000	94.74	
17:12:09	5	1.2	18	1.8000	1.7000	105.88	
17:12:10	5	0.7	18	1.8000	1.9000	94.74	
17:12:11	5	0.1	19	1.8000	2.0000	90.00	
17:12:12	5	0.1	19	1.4000	1.6000	87.50	
17:12:13	5	-0.3	19	1.7000	1.8000	94.44	
17:12:14	5	-0.3	20	1.8000	1.3000	138.46	
17:12:15	5	-0.3	20	1.2000	0.3000	400.00	
17:12:16	5	-0.3	20	0.6000	0.2000	300.00	
17:12:17	5	-0.3	20	0.1000	0.1000	100.00	
17:12:18	5	-0.3	20	0.0000	0.1000	0.00	
17:12:19	5	-0.3	20	0.0000	0.1000	0.00	
17:12:20	5	-0.3	20	0.0000	0.0000	0.00	
17:12:21	5	-0.3	20	0.0000	0.0000	0.00	
17:12:22	5	-0.3	20	0.0000	0.0000	0.00	
17:12:23	5	-0.3	20	0.0000	0.0000	0.00	
17:12:24	5	-0.3	20	0.0000	0.0000	0.00	
17:12:25	5	-0.3	20	0.0000	0.0000	0.00	
17:12:26	5	-0.3	20	0.0000	0.0000	0.00	
17:12:27	5	-0.3	20	0.0000	0.0000	0.00	
17:12:28	5	-0.3	20	0.0000	0.0000	0.00	
17:12:29	5	-0.3	20	0.0000	0.0000	0.00	
17:12:30	5	-0.3	20	0.0000	0.0000	0.00	
17:12:31	5	-0.3	20	0.0000	0.0000	0.00	
17:12:32	5	-0.3	20	0.0000	0.0000	0.00	
17:12:33	5	-0.3	20	0.0000	0.0000	0.00	
17:12:34	5	-0.3	20	0.0000	0.0000	0.00	
17:12:35	5	-0.3	20	0.0000	0.0000	0.00	
17:12:36	5	-0.3	20	0.0000	0.0000	0.00	
17:12:37	5	-0.2	20	0.0000	0.0000	0.00	
17:12:38	5	-0.3	20	0.0000	0.0000	0.00	
17:12:39	5	-0.3	20	0.0000	0.0000	0.00	
17:12:40	5	-0.3	20	0.0000	0.0000	0.00	
17:12:41	5	-0.3	20	0.0000	0.0000	0.00	
17:12:42	5	-0.3	20	0.0000	0.0000	0.00	
17:12:43	5	-0.3	20	0.0000	0.0000	0.00	
17:12:44	5	-0.3	20	0.0000	0.0000	0.00	
17:12:45	5	-0.3	20	0.0000	0.0000	0.00	
17:12:46	5	-0.3	20	0.0000	0.0000	0.00	
17:12:47	5	-0.3	20	0.0000	0.0000	0.00	
17:12:48	5	-0.3	20	0.0000	0.0000	0.00	
17:12:49	5	-0.3	20	0.0000	0.0000	0.00	
17:12:50	5	-0.3	20	0.0000	0.0000	0.00	
17:12:51	5	-0.3	20	0.0000	0.0000	0.00	
17:12:52	5	-0.3	20	0.0000	0.0000	0.00	
17:12:53	5	-0.3	20	0.0000	0.0000	0.00	
17:12:54	5	-0.3	20	0.0000	0.0000	0.00	
17:12:55	5	-0.3	20	0.0000	0.0000	0.00	
17:12:56	5	-0.3	20	0.0000	0.0000	0.00	
17:12:57	5	-0.3	20	0.0000	0.0000	0.00	
17:12:58	5	-0.3	20	0.0000	0.0000	0.00	
17:12:59	5	-0.3	20	0.0000	0.0000	0.00	
17:13:00	5	-0.3	20	0.0000	0.0000	0.00	
17:13:01	5	-0.3	20	0.0000	0.0000	0.00	
17:13:02	5	-0.3	20	0.0000	0.0000	0.00	
17:13:03	5	-0.3	20	0.0000	0.0000	0.00	
17:13:04	5	-0.3	20	0.0000	0.0000	0.00	
17:13:05	5	-0.3	20	0.0000	0.0000	0.00	
17:13:06	5	-0.3	20	0.0000	0.0000	0.00	
17:13:07	5	-0.3	20	0.0000	0.0000	0.00	
17:13:08	5	-0.3	20	0.0000	0.0000	0.00	
17:13:09	5	-0.3	20	0.0000	0.0000	0.00	
17:13:10	5	-0.3	20	0.0000	0.0000	0.00	
17:13:11	5	-0.3	20	0.0000	0.0000	0.00	
17:13:12	5	-0.3	20	0.0000	0.0000	0.00	
17:13:13	5	-0.3	20	0.0000	0.0000	0.00	
17:13:14	5	-0.2	20	0.0000	0.0000	0.00	
17:13:15	5	-0.3	20	0.0000	0.0000	0.00	
17:13:16	5	-0.3	20	0.0000	0.0000	0.00	
17:13:17	5	-0.3	20	0.0000	0.0000	0.00	
17:13:18	5	-0.3	20	0.0000	0.0000	0.00	
17:13:19	5	-0.2	20	0.0000	0.0000	0.00	
17:13:20	5	-0.3	20	0.0000	0.0000	0.00	
17:13:21	5	-0.2	20	0.0000	0.0000	0.00	
17:13:22	5	-0.2	20	0.0000	0.0000	0.00	
17:13:23	5	-0.2	20	0.0000	0.0000	0.00	
17:13:24	5	-0.2	20	0.0000	0.0000	0.00	
17:13:25	5	-0.2	20	0.0000	0.0000	0.00	
17:13:26	5	-0.2	20	0.0000	0.0000	0.00	
17:13:27	5	-0.2	20	0.0000	0.0000	0.00	
17:13:28	5	-0.2	20	0.0000	0.0000	0.00	
17:13:29	5	-0.2	20	0.0000	0.0000	0.00	
17:13:30	5	-0.2	20	0.0000	0.0000	0.00	
17:13:31	5	-0.2	20	0.0000	0.0000	0.00	
17:13:32	5	-0.2	20	0.0000	0.0000	0.00	
17:13:33	5	-0.2	20	0.0000	0.0000	0.00	
17:13:34	5	-0.2	20	0.0000	0.0000	0.00	
17:13:35	5	-0.2	20	0.0000	0.0000	0.00	
17:13:36	5	-0.2	20	0.0000	0.0000	0.00	
17:13:37	5	-0.2	20	0.0000	0.0000	0.00	
17:13:38	5	-0.2	20	0.0000	0.0000	0.00	
17:13:39	5	-0.2	20	0.0000	0.0000	0.00	
17:13:40	5	-0.2	20	0.0000	0.0000	0.00	
17:13:41	5	-0.2	20	0.0000	0.0000	0.00	
17:13:42	5	-0.2	20	0.0000	0.0000	0.00	
17:13:43	5	-0.2	20	0.0000	0.0000	0.00	
17:13:44	5	-0.2	20	0.0000	0.0000	0.00	
17:13:45	5	-0.2	20	0.0000	0.0000	0.00	
17:13:46	5	-0.2	20	0.0000	0.0000	0.00	
17:13:47	5	-0.2	20	0.0000	0.0000	0.00	
17:13:48	5	-0.2	20	0.0000	0.0000	0.00	
17:13:49	5	-0.2	20	0.0000	0.0000	0.00	
17:13:50	5	-0.2	20	0.0000	0.0000	0.00	
17:13:51	5	-0.2	20	0.0000	0.0000	0.00	
17:13:52	5	-0.2	20	0.0000	0.0000	0.00	
17:13:53	5	-0.2	20	0.0000	0.0000	0.00	
17:13:54	5	-0.2	20	0.0000	0.0000	0.00	
17:13:55	5	-0.2	20	0.0000	0.0000	0.00	
17:13:56	5	-0.2	20	0.0000	0.0000	0.00	
17:13:57	5	-0.2	20	0.0000	0.0000	0.00	
17:13:58	5	-0.2	20	0.0000	0.0000	0.00	
17:13:59	5	-0.2	20	0.0000	0.0000	0.00	
17:14:00	5	-0.2	20	0.0000	0.0000	0.00	
17:14:01	5	-0.3	20	0.0000	0.0000	0.00	
17:14:02	5	-0.2	20	0.0000	0.0000	0.00	
17:14:03	5	-0.2	20	0.0000	0.0000	0.00	
17:14:04	5	-0.2	20	0.0000	0.0000	0.00	
17:14:05	5	-0.2	20	0.0000	0.0000	0.00	
17:14:06	5	-0.2	20	0.0000	0.0000	0.00	
17:14:07	5	-0.2	20	0.0000	0.0000	0.00	
17:14:08	5	-0.2	20	0.0000	0.0000	0.00	
17:14:09	5	-0.2	20	0.0000	0.0000	0.00	
17:14:10	5	-0.2	20	0.0000	0.0000	0.00	
17:14:11	5	-0.2	20	0.0000	0.0000	0.00	
17:14:12	5	-0.2	20	0.0000	0.0000	0.00	
17:14:13	5	-0.2	20	0.0000	0.0000	0.00	
17:14:14	5	-0.2	20	0.0000	0.0000	0.00	
17:14:15	5	-0.2	20	0.0000	0.0000	0.00	
17:14:16	5	-0.2	20	0.0000	0.0000	0.00	
17:14:17	5	-0.2	20	0.0000	0.0000	0.00	
17:14:18	5	-0.2	20	0.0000	0.0000	0.00	
17:14:19	5	-0.2	20	0.0000	0.0000	0.00	
17:14:20	5	-0.2	20	0.0000	0.0000	0.00	
17:14:21	5	-0.2	20	0.0000	0.0000	0.00	
17:14:22	5	-0.2	20	0.0000	0.0000	0.00	
17:14:23	5	-0.2	20	0.0000	0.0000	0.00	
17:14:24	5	-0.2	20	0.0000	0.0000	0.00	
17:14:25	5	-0.2	20	0.0000	0.0000	0.00	
17:14:26	5	-0.2	20	0.0000	0.0000	0.00	
17:14:27	5	-0.2	20	0.0000	0.0000	0.00	
17:14:28	5	-0.2	20	0.0000	0.5000	0.00	
17:14:29	5	-0.2	20	0.0000	1.0000	0.00	
17:14:30	5	-0.1	20	0.0000	0.6000	0.00	
17:14:31	5	-0.2	20	0.0000	0.6000	0.00	
17:14:32	5	-0.2	20	0.0000	1.6000	0.00	
17:14:33	5	-0.2	20	0.0000	2.3000	0.00	
17:14:34	5	-0.1	20	0.0000	1.8000	0.00	
17:14:35	5	-0.2	20	0.0000	1.1000	0.00	
17:14:36	5	-0.2	20	0.0000	0.8000	0.00	
17:14:37	5	-0.2	20	0.0000	0.8000	0.00	
17:14:38	5	-0.2	20	0.0000	0.7000	0.00	
17:14:39	5	-0.2	20	0.0000	0.4000	0.00	
17:14:40	5	-0.2	20	0.0000	0.4000	0.00	
17:14:41	5	-0.2	20	0.0000	0.5000	0.00	
17:14:42	5	-0.2	20	0.0000	1.7000	0.00	
17:14:43	5	-0.2	20	0.0000	2.1000	0.00	
17:14:44	5	-0.2	20	0.0000	1.5000	0.00	
17:14:45	5	-0.2	20	0.0000	1.7000	0.00	
17:14:46	5	-0.2	20	0.0000	1.6000	0.00	
17:14:47	5	-0.2	20	0.0000	0.7000	0.00	
17:14:48	5	-0.2	20	0.0000	0.1000	0.00	
17:14:49	5	-0.2	20	0.0000	0.1000	0.00	
17:14:50	5	-0.2	20	0.0000	0.0000	0.00	
17:14:51	5	-0.2	20	0.0000	0.0000	0.00	
17:14:52	5	-0.2	20	0.0000	0.0000	0.00	
17:14:53	5	-0.2	20	0.0000	0.0000	0.00	
17:14:54	5	-0.2	20	0.0000	0.0000	0.00	
17:14:55	5	-0.2	20	0.0000	0.0000	0.00	
17:14:56	5	-0.2	20	0.0000	0.1000	0.00	
17:14:57	5	-0.2	20	0.0000	0.1000	0.00	
17:14:58	5	-0.2	20	0.0000	0.1000	0.00	
17:14:59	5	-0.2	20	0.0000	0.1000	0.00	
17:15:00	5	-0.2	20	0.0000	0.0000	0.00	
