Data Start: 2020-09-24 18:19:15
Data End: 2020-09-24 18:41:16
Devicename: Multi Plankton Sampler MPS
IdentNo.: 1020

Net []
Range1: 0 to 5

Pressure [dbar]
Range1: 0.0 to 3000.0  Cal0: -8.585877E+2  Cal1: 1.175972E-1  Cal2: -1.044298E-6  Cal3: -1.441992E+0  Cal4: 9.253807E-5  Cal5: -8.766143E-10  Cal6: 7.97392E-2  Cal7: 7.856609E-2  Cal8: -1.359118E-8

Volume [m³]
Range1: 0 to 65000  Cal0: 2.5E-1

Flow in [m/s]
Range1: 0.0000 to 9.9000

Flow out [m/s]
Range1: 0.0000 to 9.9000

Flow ratio [%]
Range1: 0.00 to 200.00

Header Comment

Ship:		
Cruise:		
Station:		
Cast:		
Position:		
Operator:		


Time [hh:mm:ss]	Net []	Pressure [dbar]	Volume [m³]	Flow in [m/s]	Flow out [m/s]	Flow ratio [%]	Comments  [Index]
18:19:15	0	-0.1	0	0.0000	0.0000	0.00	
18:19:16	0	-0.1	0	0.0000	0.0000	0.00	
18:19:17	0	-0.1	0	0.0000	0.0000	0.00	
18:19:18	0	-0.1	0	0.0000	0.0000	0.00	
18:19:19	0	-0.1	0	0.0000	0.0000	0.00	
18:19:20	0	-0.1	0	0.0000	0.0000	0.00	
18:19:21	0	-0.1	0	0.0000	0.0000	0.00	
18:19:22	0	-0.1	0	0.0000	0.0000	0.00	
18:19:23	0	-0.1	0	0.0000	0.0000	0.00	
18:19:24	0	-0.1	0	0.0000	0.0000	0.00	
18:19:25	0	-0.1	0	0.0000	0.0000	0.00	
18:19:26	0	-0.1	0	0.0000	0.0000	0.00	
18:19:27	0	-0.1	0	0.0000	0.0000	0.00	
18:19:28	0	-0.1	0	0.0000	0.0000	0.00	
18:19:29	0	-0.1	0	0.0000	0.0000	0.00	
18:19:30	0	-0.1	0	0.0000	0.0000	0.00	
18:19:31	0	-0.1	0	0.0000	0.0000	0.00	
18:19:32	0	-0.1	0	0.0000	0.0000	0.00	
18:19:33	0	-0.1	0	0.0000	0.0000	0.00	
18:19:34	0	-0.1	0	0.0000	0.0000	0.00	
18:19:35	0	-0.1	0	0.0000	0.0000	0.00	
18:19:36	0	-0.1	0	0.0000	0.0000	0.00	
18:19:37	0	-0.1	0	0.0000	0.0000	0.00	
18:19:38	0	-0.1	0	0.0000	0.0000	0.00	
18:19:39	0	-0.1	0	0.0000	0.0000	0.00	
18:19:40	0	-0.1	0	0.0000	0.0000	0.00	
18:19:41	0	-0.1	0	0.0000	0.0000	0.00	
18:19:42	0	-0.1	0	0.0000	0.0000	0.00	
18:19:43	0	-0.1	0	0.0000	0.0000	0.00	
18:19:44	0	-0.1	0	0.0000	0.0000	0.00	
18:19:45	0	-0.1	0	0.0000	0.0000	0.00	
18:19:46	0	-0.1	0	0.0000	0.0000	0.00	
18:19:47	0	-0.1	0	0.0000	0.0000	0.00	
18:19:48	0	-0.1	0	0.0000	0.0000	0.00	
18:19:49	0	-0.1	0	0.0000	0.0000	0.00	
18:19:50	0	-0.1	0	0.0000	0.0000	0.00	
18:19:51	0	-0.1	0	0.0000	0.0000	0.00	
18:19:52	0	-0.1	0	0.0000	0.0000	0.00	
18:19:53	0	-0.1	0	0.0000	0.0000	0.00	
18:19:54	0	-0.1	0	0.0000	0.0000	0.00	
18:19:55	0	-0.1	0	0.0000	0.0000	0.00	
18:19:56	0	-0.1	0	0.0000	0.0000	0.00	
18:19:57	0	-0.1	0	0.0000	0.0000	0.00	
18:19:58	0	-0.1	0	0.0000	0.0000	0.00	
18:19:59	0	-0.1	0	0.0000	0.0000	0.00	
18:20:00	0	-0.1	0	0.0000	0.0000	0.00	
18:20:01	0	-0.1	0	0.0000	0.0000	0.00	
18:20:02	0	-0.1	0	0.0000	0.0000	0.00	
18:20:03	0	-0.1	0	0.0000	0.0000	0.00	
18:20:04	0	-0.1	0	0.0000	0.0000	0.00	
18:20:05	0	-0.1	0	0.0000	0.0000	0.00	
18:20:06	0	-0.1	0	0.0000	0.0000	0.00	
18:20:07	0	-0.1	0	0.0000	0.0000	0.00	
18:20:08	0	-0.1	0	0.0000	0.0000	0.00	
18:20:09	0	-0.1	0	0.0000	0.0000	0.00	
18:20:10	0	-0.1	0	0.0000	0.0000	0.00	
18:20:11	0	-0.1	0	0.0000	0.0000	0.00	
18:20:12	0	-0.1	0	0.0000	0.0000	0.00	
18:20:13	0	-0.1	0	0.0000	0.0000	0.00	
18:20:14	0	-0.1	0	0.0000	0.0000	0.00	
18:20:15	0	-0.1	0	0.0000	0.0000	0.00	
18:20:16	0	-0.1	0	0.0000	0.0000	0.00	
18:20:17	0	-0.1	0	0.0000	0.0000	0.00	
18:20:18	0	-0.1	0	0.0000	0.0000	0.00	
18:20:19	0	-0.1	0	0.0000	0.0000	0.00	
18:20:20	0	-0.1	0	0.0000	0.0000	0.00	
18:20:21	0	-0.1	0	0.0000	0.0000	0.00	
18:20:22	0	-0.1	0	0.0000	0.0000	0.00	
18:20:23	0	-0.1	0	0.0000	0.0000	0.00	
18:20:24	0	-0.1	0	0.0000	0.0000	0.00	
18:20:25	0	-0.1	0	0.0000	0.0000	0.00	
18:20:26	0	-0.1	0	0.0000	0.0000	0.00	
18:20:27	0	-0.1	0	0.0000	0.0000	0.00	
18:20:28	0	-0.1	0	0.0000	0.0000	0.00	
18:20:29	0	-0.1	0	0.0000	0.0000	0.00	
18:20:30	0	-0.1	0	0.0000	0.0000	0.00	
18:20:31	0	-0.1	0	0.0000	0.0000	0.00	
18:20:32	0	-0.1	0	0.0000	0.0000	0.00	
18:20:33	0	-0.1	0	0.0000	0.0000	0.00	
18:20:34	0	-0.1	0	0.0000	0.0000	0.00	
18:20:35	0	-0.1	0	0.0000	0.0000	0.00	
18:20:36	0	-0.1	0	0.0000	0.0000	0.00	
18:20:37	0	-0.1	0	0.0000	0.0000	0.00	
18:20:38	0	-0.1	0	0.0000	0.0000	0.00	
18:20:39	0	-0.1	0	0.0000	0.0000	0.00	
18:20:40	0	-0.1	0	0.0000	0.0000	0.00	
18:20:41	0	-0.1	0	0.0000	0.0000	0.00	
18:20:42	0	-0.1	0	0.0000	0.0000	0.00	
18:20:43	0	-0.1	0	0.0000	0.0000	0.00	
18:20:44	0	-0.1	0	0.0000	0.0000	0.00	
18:20:45	0	-0.1	0	0.0000	0.0000	0.00	
18:20:46	0	-0.1	0	0.0000	0.0000	0.00	
18:20:47	0	-0.1	0	0.0000	0.0000	0.00	
18:20:48	0	-0.1	0	0.0000	0.0000	0.00	
18:20:49	0	-0.1	0	0.0000	0.0000	0.00	
18:20:50	0	-0.1	0	0.0000	0.0000	0.00	
18:20:51	0	-0.1	0	0.0000	0.1000	0.00	
18:20:52	0	-0.1	0	0.5000	0.8000	62.50	
18:20:53	0	0.0	0	1.1000	1.4000	78.57	
18:20:54	0	0.0	0	1.4000	1.6000	87.50	
18:20:55	0	0.0	1	1.6000	2.1000	76.19	
18:20:56	0	0.0	1	1.6000	2.0000	80.00	
18:20:57	0	0.0	2	1.6000	1.6000	100.00	
18:20:58	0	0.0	2	1.9000	1.4000	135.71	
18:20:59	0	-0.1	3	1.8000	1.5000	120.00	
18:21:00	0	-0.1	3	0.9000	1.4000	64.29	
18:21:01	0	-0.1	3	0.1000	0.8000	12.50	
18:21:02	0	-0.1	3	0.0000	0.3000	0.00	
18:21:03	0	-0.1	3	0.0000	0.2000	0.00	
18:21:04	0	-0.1	3	0.0000	0.3000	0.00	
18:21:05	0	-0.1	3	0.0000	0.3000	0.00	
18:21:06	0	0.0	3	0.0000	0.1000	0.00	
18:21:07	0	-0.1	3	0.0000	0.2000	0.00	
18:21:08	0	-0.1	3	0.1000	0.3000	33.33	
18:21:09	0	-0.1	3	0.1000	0.1000	100.00	
18:21:10	0	-0.1	3	0.0000	0.0000	0.00	
18:21:11	0	-0.1	3	0.0000	0.0000	0.00	
18:21:12	0	-0.1	3	0.0000	0.0000	0.00	
18:21:13	0	-0.1	3	0.0000	0.0000	0.00	
18:21:14	0	-0.1	3	0.0000	0.0000	0.00	
18:21:15	0	-0.1	3	0.0000	0.0000	0.00	
18:21:16	0	-0.2	3	0.0000	0.0000	0.00	
18:21:17	0	-0.2	3	0.0000	0.0000	0.00	
18:21:18	0	-0.2	3	0.0000	0.0000	0.00	
18:21:19	0	-0.2	3	0.0000	0.0000	0.00	
18:21:20	0	-0.2	3	0.0000	0.0000	0.00	
18:21:21	0	-0.2	3	0.0000	0.0000	0.00	
18:21:22	0	-0.2	3	0.0000	0.0000	0.00	
18:21:23	0	-0.2	3	0.0000	0.0000	0.00	
18:21:24	0	-0.2	3	0.0000	0.0000	0.00	
18:21:25	0	-0.2	3	0.0000	0.0000	0.00	
18:21:26	0	-0.2	3	0.0000	0.0000	0.00	
18:21:27	0	-0.2	3	0.0000	0.0000	0.00	
18:21:28	0	-0.2	3	0.0000	0.0000	0.00	
18:21:29	0	-0.2	3	0.0000	0.0000	0.00	
18:21:30	0	-0.2	3	0.0000	0.0000	0.00	
18:21:31	0	-0.2	3	0.0000	0.0000	0.00	
18:21:32	0	-0.2	3	0.0000	0.0000	0.00	
18:21:33	0	-0.2	3	0.0000	0.0000	0.00	
18:21:34	0	-0.2	3	0.0000	0.0000	0.00	
18:21:35	0	-0.2	3	0.0000	0.0000	0.00	
18:21:36	0	-0.2	3	0.0000	0.0000	0.00	
18:21:37	0	-0.2	3	0.0000	0.0000	0.00	
18:21:38	0	-0.2	3	0.0000	0.0000	0.00	
18:21:39	0	-0.2	3	0.0000	0.0000	0.00	
18:21:40	0	-0.2	3	0.0000	0.0000	0.00	
18:21:41	0	-0.2	3	0.0000	0.0000	0.00	
18:21:42	0	-0.2	3	0.0000	0.0000	0.00	
18:21:43	0	-0.2	3	0.0000	0.0000	0.00	
18:21:44	0	-0.2	3	0.0000	0.0000	0.00	
18:21:45	0	-0.2	3	0.0000	0.0000	0.00	
18:21:46	0	-0.2	3	0.0000	0.0000	0.00	
18:21:47	0	-0.2	3	0.0000	0.0000	0.00	
18:21:48	0	-0.2	3	0.0000	0.0000	0.00	
18:21:49	0	-0.2	3	0.0000	0.0000	0.00	
18:21:50	0	-0.2	3	0.0000	0.0000	0.00	
18:21:51	0	-0.2	3	0.0000	0.0000	0.00	
18:21:52	0	-0.2	3	0.0000	0.0000	0.00	
18:21:53	0	-0.2	3	0.0000	0.0000	0.00	
18:21:54	0	-0.2	3	0.0000	0.0000	0.00	
18:21:55	0	-0.2	3	0.0000	0.0000	0.00	
18:21:56	0	-0.2	3	0.0000	0.0000	0.00	
18:21:57	0	-0.2	3	0.0000	0.0000	0.00	
18:21:58	0	-0.2	3	0.0000	0.0000	0.00	
18:21:59	0	-0.2	3	0.0000	0.0000	0.00	
18:22:00	0	-0.2	3	0.0000	0.0000	0.00	
18:22:01	0	-0.2	3	0.0000	0.0000	0.00	
18:22:02	0	-0.2	3	0.0000	0.0000	0.00	
18:22:03	0	-0.2	3	0.0000	0.0000	0.00	
18:22:04	0	-0.2	3	0.0000	0.0000	0.00	
18:22:05	0	-0.2	3	0.0000	0.0000	0.00	
18:22:06	0	-0.2	3	0.0000	0.0000	0.00	
18:22:07	0	-0.2	3	0.0000	0.0000	0.00	
18:22:08	0	-0.2	3	0.0000	0.0000	0.00	
18:22:09	0	-0.2	3	0.0000	0.0000	0.00	
18:22:10	0	-0.2	3	0.0000	0.0000	0.00	
18:22:11	0	-0.2	3	0.0000	0.0000	0.00	
18:22:12	0	-0.2	3	0.0000	0.0000	0.00	
18:22:13	0	-0.2	3	0.0000	0.0000	0.00	
18:22:14	0	-0.2	3	0.0000	0.0000	0.00	
18:22:15	0	-0.2	3	0.0000	0.0000	0.00	
18:22:16	0	-0.2	3	0.0000	0.0000	0.00	
18:22:17	0	-0.2	3	0.0000	0.0000	0.00	
18:22:18	0	-0.2	3	0.0000	0.0000	0.00	
18:22:19	0	-0.2	3	0.0000	0.0000	0.00	
18:22:20	0	-0.2	3	0.0000	0.0000	0.00	
18:22:21	0	-0.2	3	0.0000	0.0000	0.00	
18:22:22	0	-0.2	3	0.1000	0.0000	0.00	
18:22:23	0	-0.2	3	0.2000	0.0000	0.00	
18:22:24	0	-0.2	3	0.3000	0.0000	0.00	
18:22:25	0	-0.2	3	0.1000	0.0000	0.00	
18:22:26	0	-0.2	3	0.0000	0.0000	0.00	
18:22:27	0	-0.2	3	0.0000	0.0000	0.00	
18:22:28	0	-0.2	3	0.1000	0.0000	0.00	
18:22:29	0	-0.2	3	0.1000	0.0000	0.00	
18:22:30	0	-0.3	3	0.0000	0.0000	0.00	
18:22:31	0	-0.3	3	0.0000	0.0000	0.00	
18:22:32	0	-0.3	3	0.0000	0.0000	0.00	
18:22:33	0	-0.3	3	0.0000	0.0000	0.00	
18:22:34	0	-0.3	3	0.0000	0.0000	0.00	
18:22:35	0	-0.3	3	0.0000	0.0000	0.00	
18:22:36	0	-0.3	3	0.0000	0.1000	0.00	
18:22:37	0	-0.2	3	0.5000	0.5000	100.00	
18:22:38	0	-0.1	3	1.2000	0.9000	133.33	
18:22:39	0	0.0	4	1.6000	1.0000	160.00	
18:22:40	0	0.3	4	1.8000	1.2000	150.00	
18:22:41	0	0.6	5	1.8000	1.3000	138.46	
18:22:42	0	1.0	5	1.8000	1.2000	150.00	
18:22:43	0	1.5	6	1.7000	1.2000	141.67	
18:22:44	0	2.1	6	1.7000	1.5000	113.33	
18:22:45	0	2.5	7	1.8000	1.7000	105.88	
18:22:46	0	2.9	7	1.6000	1.5000	106.67	
18:22:47	0	3.4	7	1.4000	1.3000	107.69	
18:22:48	0	4.0	8	1.4000	1.2000	116.67	
18:22:49	0	4.4	8	1.6000	1.3000	123.08	
18:22:50	0	4.9	8	1.6000	1.4000	114.29	
18:22:51	0	5.3	9	1.4000	1.2000	116.67	
18:22:52	0	5.6	9	1.3000	1.2000	108.33	
18:22:53	0	6.0	10	1.4000	1.2000	116.67	
18:22:54	0	6.5	10	1.5000	1.2000	125.00	
18:22:55	0	7.0	10	1.6000	1.3000	123.08	
18:22:56	0	7.4	11	1.6000	1.4000	114.29	
18:22:57	0	8.0	11	1.5000	1.3000	115.38	
18:22:58	0	8.5	11	1.5000	1.2000	125.00	
18:22:59	0	8.8	12	1.6000	1.3000	123.08	
18:23:00	0	9.2	12	1.6000	1.3000	123.08	
18:23:01	0	9.6	13	1.5000	1.3000	115.38	
18:23:02	0	10.0	13	1.5000	1.3000	115.38	
18:23:03	0	10.5	13	1.5000	1.2000	125.00	
18:23:04	0	10.8	14	1.4000	1.2000	116.67	
18:23:05	0	11.3	14	1.4000	1.2000	116.67	
18:23:06	0	11.7	14	1.6000	1.3000	123.08	
18:23:07	0	12.2	15	1.6000	1.3000	123.08	
18:23:08	0	12.6	15	1.5000	1.3000	115.38	
18:23:09	0	13.1	16	1.5000	1.3000	115.38	
18:23:10	0	13.4	16	1.5000	1.2000	125.00	
18:23:11	0	13.8	16	1.5000	1.2000	125.00	
18:23:12	0	14.1	17	1.5000	1.3000	115.38	
18:23:13	0	14.6	17	1.6000	1.3000	123.08	
18:23:14	0	15.1	18	1.6000	1.2000	133.33	
18:23:15	0	15.5	18	1.5000	1.3000	115.38	
18:23:16	0	16.0	18	1.6000	1.3000	123.08	
18:23:17	0	16.3	19	1.6000	1.3000	123.08	
18:23:18	0	16.7	19	1.6000	1.4000	114.29	
18:23:19	0	17.1	19	1.6000	1.3000	123.08	
18:23:20	0	17.5	20	1.6000	1.3000	123.08	
18:23:21	0	17.9	20	1.6000	1.4000	114.29	
18:23:22	0	18.3	21	1.6000	1.3000	123.08	
18:23:23	0	18.7	21	1.5000	1.3000	115.38	
18:23:24	0	19.1	21	1.6000	1.4000	114.29	
18:23:25	0	19.4	22	1.7000	1.4000	121.43	
18:23:26	0	19.9	22	1.8000	1.4000	128.57	
18:23:27	0	20.2	23	1.8000	1.4000	128.57	
18:23:28	0	20.6	23	1.8000	1.4000	128.57	
18:23:29	0	21.1	24	1.7000	1.4000	121.43	
18:23:30	0	21.5	24	1.6000	1.3000	123.08	
18:23:31	0	21.8	24	1.6000	1.4000	114.29	
18:23:32	0	22.2	25	1.6000	1.4000	114.29	
18:23:33	0	22.6	25	1.7000	1.4000	121.43	
18:23:34	0	23.0	26	1.6000	1.4000	114.29	
18:23:35	0	23.4	26	1.6000	1.3000	123.08	
18:23:36	0	23.8	26	1.6000	1.3000	123.08	
18:23:37	0	24.1	27	1.6000	1.3000	123.08	
18:23:38	0	24.4	27	1.6000	1.3000	123.08	
18:23:39	0	24.8	28	1.6000	1.4000	114.29	
18:23:40	0	25.2	28	1.6000	1.3000	123.08	
18:23:41	0	25.5	28	1.6000	1.3000	123.08	
18:23:42	0	25.9	29	1.6000	1.3000	123.08	
18:23:43	0	26.2	29	1.6000	1.3000	123.08	
18:23:44	0	26.6	30	1.6000	1.3000	123.08	
18:23:45	0	27.0	30	1.6000	1.2000	133.33	
18:23:46	0	27.3	30	1.6000	1.3000	123.08	
18:23:47	0	27.6	31	1.5000	1.3000	115.38	
18:23:48	0	28.0	31	1.5000	1.2000	125.00	
18:23:49	0	28.3	32	1.5000	1.2000	125.00	
18:23:50	0	28.7	32	1.5000	1.2000	125.00	
18:23:51	0	29.1	32	1.5000	1.2000	125.00	
18:23:52	0	29.5	33	1.5000	1.2000	125.00	
18:23:53	0	29.8	33	1.6000	1.3000	123.08	
18:23:54	0	30.2	33	1.6000	1.3000	123.08	
18:23:55	0	30.6	34	1.5000	1.3000	115.38	
18:23:56	0	30.9	34	1.5000	1.3000	115.38	
18:23:57	0	31.3	35	1.5000	1.2000	125.00	
18:23:58	0	31.7	35	1.5000	1.2000	125.00	
18:23:59	0	32.1	35	1.5000	1.2000	125.00	
18:24:00	0	32.5	36	1.6000	1.3000	123.08	
18:24:01	0	32.8	36	1.6000	1.3000	123.08	
18:24:02	0	33.0	37	1.6000	1.3000	123.08	
18:24:03	0	33.4	37	1.5000	1.3000	115.38	
18:24:04	0	33.7	37	1.4000	1.2000	116.67	
18:24:05	0	34.0	38	1.5000	1.2000	125.00	
18:24:06	0	34.4	38	1.6000	1.2000	133.33	
18:24:07	0	34.7	38	1.5000	1.2000	125.00	
18:24:08	0	35.1	39	1.5000	1.3000	115.38	
18:24:09	0	35.6	39	1.5000	1.3000	115.38	
18:24:10	0	35.9	40	1.6000	1.3000	123.08	
18:24:11	0	36.2	40	1.6000	1.3000	123.08	
18:24:12	0	36.6	40	1.6000	1.3000	123.08	
18:24:13	0	36.9	41	1.6000	1.3000	123.08	
18:24:14	0	37.3	41	1.4000	1.2000	116.67	
18:24:15	0	37.7	41	1.4000	1.2000	116.67	
18:24:16	0	38.0	42	1.4000	1.2000	116.67	
18:24:17	0	38.2	42	1.5000	1.2000	125.00	
18:24:18	0	38.5	43	1.5000	1.2000	125.00	
18:24:19	0	38.8	43	1.4000	1.2000	116.67	
18:24:20	0	39.2	43	1.4000	1.2000	116.67	
18:24:21	0	39.6	44	1.5000	1.2000	125.00	
18:24:22	0	39.9	44	1.5000	1.2000	125.00	
18:24:23	0	40.3	44	1.5000	1.2000	125.00	
18:24:24	0	40.7	45	1.4000	1.2000	116.67	
18:24:25	0	41.0	45	1.4000	1.2000	116.67	
18:24:26	0	41.2	45	1.4000	1.2000	116.67	
18:24:27	0	41.5	46	1.4000	1.2000	116.67	
18:24:28	0	41.8	46	1.4000	1.2000	116.67	
18:24:29	0	42.1	47	1.4000	1.2000	116.67	
18:24:30	0	42.5	47	1.4000	1.2000	116.67	
18:24:31	0	42.9	47	1.4000	1.2000	116.67	
18:24:32	0	43.2	48	1.4000	1.2000	116.67	
18:24:33	0	43.5	48	1.4000	1.1000	127.27	
18:24:34	0	43.7	48	1.4000	1.2000	116.67	
18:24:35	0	44.1	49	1.4000	1.2000	116.67	
18:24:36	0	44.4	49	1.4000	1.1000	127.27	
18:24:37	0	44.9	49	1.3000	1.1000	118.18	
18:24:38	0	45.3	50	1.3000	1.2000	108.33	
18:24:39	0	45.8	50	1.4000	1.2000	116.67	
18:24:40	0	46.2	50	1.4000	1.2000	116.67	
18:24:41	0	46.6	51	1.4000	1.2000	116.67	
18:24:42	0	47.0	51	1.4000	1.2000	116.67	
18:24:43	0	47.4	51	1.4000	1.2000	116.67	
18:24:44	0	47.8	52	1.3000	1.2000	108.33	
18:24:45	0	48.2	52	1.4000	1.1000	127.27	
18:24:46	0	48.5	52	1.4000	1.2000	116.67	
18:24:47	0	48.9	53	1.4000	1.2000	116.67	
18:24:48	0	49.3	53	1.4000	1.2000	116.67	
18:24:49	0	49.6	53	1.4000	1.2000	116.67	
18:24:50	0	50.1	54	1.4000	1.2000	116.67	
18:24:51	0	50.5	54	1.4000	1.2000	116.67	
18:24:52	0	50.9	55	1.4000	1.2000	116.67	
18:24:53	0	51.2	55	1.4000	1.2000	116.67	
18:24:54	0	51.6	55	1.4000	1.2000	116.67	
18:24:55	0	51.9	56	1.4000	1.2000	116.67	
18:24:56	0	52.3	56	1.4000	1.2000	116.67	
18:24:57	0	52.7	56	1.4000	1.1000	127.27	
18:24:58	0	53.1	57	1.4000	1.2000	116.67	
18:24:59	0	53.4	57	1.4000	1.3000	107.69	
18:25:00	0	53.9	57	1.5000	1.3000	115.38	
18:25:01	0	54.3	58	1.6000	1.2000	133.33	
18:25:02	0	54.8	58	1.4000	1.2000	116.67	
18:25:03	0	55.2	58	1.4000	1.2000	116.67	
18:25:04	0	55.6	59	1.4000	1.2000	116.67	
18:25:05	0	56.0	59	1.4000	1.2000	116.67	
18:25:06	0	56.3	60	1.4000	1.2000	116.67	
18:25:07	0	56.7	60	1.6000	1.2000	133.33	
18:25:08	0	57.1	60	1.6000	1.3000	123.08	
18:25:09	0	57.5	61	1.5000	1.3000	115.38	
18:25:10	0	57.9	61	1.6000	1.2000	133.33	
18:25:11	0	58.3	61	1.5000	1.3000	115.38	
18:25:12	0	58.8	62	1.4000	1.3000	107.69	
18:25:13	0	59.3	62	1.5000	1.2000	125.00	
18:25:14	0	59.6	63	1.4000	1.2000	116.67	
18:25:15	0	59.9	63	1.4000	1.2000	116.67	
18:25:16	0	60.3	63	1.4000	1.2000	116.67	
18:25:17	0	60.6	64	1.4000	1.2000	116.67	
18:25:18	0	61.0	64	1.5000	1.2000	125.00	
18:25:19	0	61.3	64	1.5000	1.2000	125.00	
18:25:20	0	61.7	65	1.5000	1.2000	125.00	
18:25:21	0	62.0	65	1.4000	1.2000	116.67	
18:25:22	0	62.4	65	1.4000	1.2000	116.67	
18:25:23	0	62.8	66	1.4000	1.2000	116.67	
18:25:24	0	63.2	66	1.4000	1.2000	116.67	
18:25:25	0	63.5	67	1.4000	1.2000	116.67	
18:25:26	0	63.8	67	1.4000	1.2000	116.67	
18:25:27	0	64.1	67	1.4000	1.2000	116.67	
18:25:28	0	64.5	68	1.4000	1.2000	116.67	
18:25:29	0	64.9	68	1.4000	1.2000	116.67	
18:25:30	0	65.2	68	1.4000	1.2000	116.67	
18:25:31	0	65.6	69	1.4000	1.2000	116.67	
18:25:32	0	65.8	69	1.6000	1.2000	133.33	
18:25:33	0	66.1	69	1.6000	1.3000	123.08	
18:25:34	0	66.4	70	1.4000	1.3000	107.69	
18:25:35	0	66.7	70	1.4000	1.2000	116.67	
18:25:36	0	67.1	71	1.5000	1.2000	125.00	
18:25:37	0	67.5	71	1.5000	1.2000	125.00	
18:25:38	0	68.0	71	1.4000	1.2000	116.67	
18:25:39	0	68.3	72	1.4000	1.2000	116.67	
18:25:40	0	68.7	72	1.5000	1.2000	125.00	
18:25:41	0	68.9	72	1.6000	1.3000	123.08	
18:25:42	0	69.3	73	1.6000	1.3000	123.08	
18:25:43	0	69.7	73	1.4000	1.2000	116.67	
18:25:44	0	70.1	73	1.4000	1.2000	116.67	
18:25:45	0	70.4	74	1.4000	1.2000	116.67	
18:25:46	0	70.7	74	1.4000	1.2000	116.67	
18:25:47	0	71.0	75	1.4000	1.2000	116.67	
18:25:48	0	71.4	75	1.4000	1.2000	116.67	
18:25:49	0	71.8	75	1.5000	1.2000	125.00	
18:25:50	0	72.1	76	1.5000	1.2000	125.00	
18:25:51	0	72.3	76	1.5000	1.2000	125.00	
18:25:52	0	72.7	76	1.5000	1.2000	125.00	
18:25:53	0	73.1	77	1.4000	1.2000	116.67	
18:25:54	0	73.4	77	1.4000	1.2000	116.67	
18:25:55	0	73.8	77	1.4000	1.2000	116.67	
18:25:56	0	74.1	78	1.4000	1.2000	116.67	
18:25:57	0	74.5	78	1.5000	1.2000	125.00	
18:25:58	0	74.9	79	1.5000	1.2000	125.00	
18:25:59	0	75.2	79	1.5000	1.3000	115.38	
18:26:00	0	75.6	79	1.5000	1.3000	115.38	
18:26:01	0	76.0	80	1.5000	1.2000	125.00	
18:26:02	0	76.4	80	1.4000	1.2000	116.67	
18:26:03	0	76.7	80	1.4000	1.2000	116.67	
18:26:04	0	76.9	81	1.4000	1.2000	116.67	
18:26:05	0	77.2	81	1.4000	1.2000	116.67	
18:26:06	0	77.6	81	1.4000	1.2000	116.67	
18:26:07	0	77.9	82	1.4000	1.2000	116.67	
18:26:08	0	78.2	82	1.4000	1.2000	116.67	
18:26:09	0	78.5	82	1.4000	1.1000	127.27	
18:26:10	0	78.8	83	1.4000	1.1000	127.27	
18:26:11	0	79.1	83	1.4000	1.2000	116.67	
18:26:12	0	79.5	83	1.4000	1.2000	116.67	
18:26:13	0	79.8	84	1.4000	1.1000	127.27	
18:26:14	0	80.1	84	1.4000	1.2000	116.67	
18:26:15	0	80.5	85	1.4000	1.2000	116.67	
18:26:16	0	80.8	85	1.4000	1.2000	116.67	
18:26:17	0	81.0	85	1.5000	1.2000	125.00	
18:26:18	0	81.4	86	1.5000	1.3000	115.38	
18:26:19	0	81.9	86	1.4000	1.2000	116.67	
18:26:20	0	82.2	86	1.4000	1.2000	116.67	
18:26:21	0	82.6	87	1.4000	1.2000	116.67	
18:26:22	0	82.9	87	1.4000	1.2000	116.67	
18:26:23	0	83.1	87	1.3000	1.1000	118.18	
18:26:24	0	83.4	88	1.3000	1.1000	118.18	
18:26:25	0	83.8	88	1.4000	1.1000	127.27	
18:26:26	0	84.1	88	1.4000	1.2000	116.67	
18:26:27	0	84.4	89	1.4000	1.2000	116.67	
18:26:28	0	84.7	89	1.4000	1.2000	116.67	
18:26:29	0	85.0	89	1.4000	1.2000	116.67	
18:26:30	0	85.4	90	1.4000	1.2000	116.67	
18:26:31	0	85.9	90	1.4000	1.2000	116.67	
18:26:32	0	86.3	91	1.4000	1.2000	116.67	
18:26:33	0	86.6	91	1.4000	1.2000	116.67	
18:26:34	0	86.9	91	1.4000	1.2000	116.67	
18:26:35	0	87.2	91	1.3000	1.1000	118.18	
18:26:36	0	87.5	92	1.3000	1.1000	118.18	
18:26:37	0	87.8	92	1.4000	1.2000	116.67	
18:26:38	0	88.2	93	1.4000	1.2000	116.67	
18:26:39	0	88.6	93	1.4000	1.1000	127.27	
18:26:40	0	88.8	93	1.4000	1.2000	116.67	
18:26:41	0	89.0	94	1.4000	1.2000	116.67	
18:26:42	0	89.4	94	1.4000	1.1000	127.27	
18:26:43	0	89.8	94	1.4000	1.2000	116.67	
18:26:44	0	90.2	95	1.4000	1.2000	116.67	
18:26:45	0	90.5	95	1.3000	1.1000	118.18	
18:26:46	0	90.9	95	1.3000	1.1000	118.18	
18:26:47	0	91.1	96	1.4000	1.2000	116.67	
18:26:48	0	91.5	96	1.4000	1.2000	116.67	
18:26:49	0	91.9	96	1.4000	1.2000	116.67	
18:26:50	0	92.2	97	1.4000	1.2000	116.67	
18:26:51	0	92.5	97	1.4000	1.1000	127.27	
18:26:52	0	92.7	97	1.3000	1.2000	108.33	
18:26:53	0	93.0	98	1.3000	1.2000	108.33	
18:26:54	0	93.4	98	1.4000	1.2000	116.67	
18:26:55	0	93.7	98	1.4000	1.2000	116.67	
18:26:56	0	94.1	99	1.4000	1.2000	116.67	
18:26:57	0	94.3	99	1.4000	1.2000	116.67	
18:26:58	0	94.7	99	1.4000	1.1000	127.27	
18:26:59	0	94.9	100	1.4000	1.2000	116.67	
18:27:00	0	95.3	100	1.4000	1.2000	116.67	
18:27:01	0	95.6	100	1.4000	1.2000	116.67	
18:27:02	0	95.9	101	1.4000	1.2000	116.67	
18:27:03	0	96.2	101	1.4000	1.1000	127.27	
18:27:04	0	96.4	101	1.4000	1.2000	116.67	
18:27:05	0	96.7	102	1.4000	1.2000	116.67	
18:27:06	0	97.0	102	1.4000	1.2000	116.67	
18:27:07	0	97.4	102	1.4000	1.2000	116.67	
18:27:08	0	97.8	103	1.4000	1.2000	116.67	
18:27:09	0	98.2	103	1.4000	1.2000	116.67	
18:27:10	0	98.5	104	1.5000	1.2000	125.00	
18:27:11	0	98.8	104	1.4000	1.2000	116.67	
18:27:12	0	99.0	104	1.4000	1.2000	116.67	
18:27:13	0	99.5	105	1.4000	1.2000	116.67	
18:27:14	0	99.8	105	1.4000	1.1000	127.27	
18:27:15	0	100.1	105	1.3000	1.1000	118.18	
18:27:16	0	100.4	106	1.3000	1.1000	118.18	
18:27:17	0	100.7	106	1.4000	1.2000	116.67	
18:27:18	0	100.9	106	1.4000	1.2000	116.67	
18:27:19	0	101.2	107	1.4000	1.1000	127.27	
18:27:20	0	101.5	107	1.4000	1.1000	127.27	
18:27:21	0	101.8	107	1.4000	1.2000	116.67	
18:27:22	0	102.2	108	1.4000	1.2000	116.67	
18:27:23	0	102.5	108	1.4000	1.2000	116.67	
18:27:24	0	102.9	108	1.4000	1.2000	116.67	
18:27:25	0	103.3	109	1.4000	1.1000	127.27	
18:27:26	0	103.5	109	1.3000	1.2000	108.33	
18:27:27	0	103.8	109	1.4000	1.2000	116.67	
18:27:28	0	104.1	110	1.4000	1.2000	116.67	
18:27:29	0	104.4	110	1.4000	1.2000	116.67	
18:27:30	0	104.8	110	1.4000	1.2000	116.67	
18:27:31	0	105.1	111	1.4000	1.2000	116.67	
18:27:32	0	105.4	111	1.4000	1.1000	127.27	
18:27:33	0	105.7	111	1.4000	1.2000	116.67	
18:27:34	0	106.0	112	1.3000	1.2000	108.33	
18:27:35	0	106.3	112	1.3000	1.1000	118.18	
18:27:36	0	106.6	112	1.4000	1.1000	127.27	
18:27:37	0	106.8	113	1.4000	1.2000	116.67	
18:27:38	0	107.1	113	1.4000	1.2000	116.67	
18:27:39	0	107.4	113	1.4000	1.2000	116.67	
18:27:40	0	107.8	114	1.4000	1.2000	116.67	
18:27:41	0	108.1	114	1.4000	1.2000	116.67	
18:27:42	0	108.4	115	1.5000	1.2000	125.00	
18:27:43	0	108.8	115	1.4000	1.2000	116.67	
18:27:44	0	109.0	115	1.3000	1.2000	108.33	
18:27:45	0	109.3	116	1.4000	1.2000	116.67	
18:27:46	0	109.5	116	1.4000	1.1000	127.27	
18:27:47	0	109.9	116	1.4000	1.1000	127.27	
18:27:48	0	110.3	117	1.4000	1.2000	116.67	
18:27:49	0	110.6	117	1.3000	1.2000	108.33	
18:27:50	0	110.8	117	1.3000	1.1000	118.18	
18:27:51	0	111.0	118	1.4000	1.2000	116.67	
18:27:52	0	111.4	118	1.5000	1.2000	125.00	
18:27:53	0	111.6	118	1.4000	1.2000	116.67	
18:27:54	0	112.0	119	1.3000	1.2000	108.33	
18:27:55	0	112.3	119	1.4000	1.1000	127.27	
18:27:56	0	112.7	119	1.4000	1.2000	116.67	
18:27:57	0	113.0	120	1.4000	1.2000	116.67	
18:27:58	0	113.3	120	1.4000	1.2000	116.67	
18:27:59	0	113.7	120	1.4000	1.2000	116.67	
18:28:00	0	114.0	121	1.4000	1.2000	116.67	
18:28:01	0	114.3	121	1.4000	1.2000	116.67	
18:28:02	0	114.6	121	1.4000	1.1000	127.27	
18:28:03	0	114.9	122	1.4000	1.2000	116.67	
18:28:04	0	115.2	122	1.4000	1.2000	116.67	
18:28:05	0	115.4	122	1.4000	1.2000	116.67	
18:28:06	0	115.8	123	1.4000	1.2000	116.67	
18:28:07	0	116.1	123	1.4000	1.1000	127.27	
18:28:08	0	116.5	124	1.4000	1.2000	116.67	
18:28:09	0	116.8	124	1.4000	1.2000	116.67	
18:28:10	0	117.0	124	1.4000	1.2000	116.67	
18:28:11	0	117.3	125	1.4000	1.2000	116.67	
18:28:12	0	117.6	125	1.4000	1.2000	116.67	
18:28:13	0	117.9	125	1.4000	1.1000	127.27	
18:28:14	0	118.2	126	1.4000	1.2000	116.67	
18:28:15	0	118.5	126	1.4000	1.2000	116.67	
18:28:16	0	118.8	126	1.3000	1.1000	118.18	
18:28:17	0	119.1	127	1.4000	1.1000	127.27	
18:28:18	0	119.3	127	1.4000	1.2000	116.67	
18:28:19	0	119.6	127	1.4000	1.2000	116.67	
18:28:20	0	119.8	128	1.5000	1.2000	125.00	
18:28:21	0	120.2	128	1.5000	1.2000	125.00	
18:28:22	0	120.5	128	1.4000	1.2000	116.67	
18:28:23	0	120.7	129	1.4000	1.2000	116.67	
18:28:24	0	121.0	129	1.5000	1.1000	136.36	
18:28:25	0	121.3	130	1.4000	1.2000	116.67	
18:28:26	0	121.4	130	1.5000	1.2000	125.00	
18:28:27	0	121.7	130	1.5000	1.2000	125.00	
18:28:28	0	122.1	131	1.4000	1.2000	116.67	
18:28:29	0	122.4	131	1.5000	1.2000	125.00	
18:28:30	0	122.6	131	1.5000	1.2000	125.00	
18:28:31	0	123.1	132	1.4000	1.2000	116.67	
18:28:32	0	123.4	132	1.4000	1.2000	116.67	
18:28:33	0	123.7	132	1.4000	1.2000	116.67	
18:28:34	0	123.9	133	1.4000	1.1000	127.27	
18:28:35	0	124.2	133	1.4000	1.2000	116.67	
18:28:36	0	124.5	134	1.4000	1.2000	116.67	
18:28:37	0	124.8	134	1.4000	1.2000	116.67	
18:28:38	0	124.9	134	1.4000	1.2000	116.67	
18:28:39	0	125.2	135	1.5000	1.2000	125.00	
18:28:40	0	125.5	135	1.5000	1.2000	125.00	
18:28:41	0	125.8	135	1.4000	1.2000	116.67	
18:28:42	0	126.0	136	1.4000	1.2000	116.67	
18:28:43	0	126.4	136	1.4000	1.2000	116.67	
18:28:44	0	126.6	136	1.4000	1.2000	116.67	
18:28:45	0	126.8	137	1.4000	1.2000	116.67	
18:28:46	0	127.3	137	1.4000	1.2000	116.67	
18:28:47	0	127.5	137	1.4000	1.2000	116.67	
18:28:48	0	127.9	138	1.4000	1.2000	116.67	
18:28:49	0	128.1	138	1.5000	1.2000	125.00	
18:28:50	0	128.4	139	1.4000	1.2000	116.67	
18:28:51	0	128.6	139	1.4000	1.2000	116.67	
18:28:52	0	128.9	139	1.4000	1.2000	116.67	
18:28:53	0	129.2	140	1.4000	1.2000	116.67	
18:28:54	0	129.5	140	1.4000	1.1000	127.27	
18:28:55	0	129.8	140	1.4000	1.2000	116.67	
18:28:56	0	130.1	141	1.4000	1.2000	116.67	
18:28:57	0	130.4	141	1.5000	1.2000	125.00	
18:28:58	0	130.7	141	1.5000	1.2000	125.00	
18:28:59	0	131.0	142	1.5000	1.2000	125.00	
18:29:00	0	131.3	142	1.5000	1.2000	125.00	
18:29:01	0	131.5	143	1.5000	1.2000	125.00	
18:29:02	0	131.8	143	1.5000	1.2000	125.00	
18:29:03	0	132.0	143	1.5000	1.2000	125.00	
18:29:04	0	132.2	144	1.4000	1.2000	116.67	
18:29:05	0	132.5	144	1.4000	1.2000	116.67	
18:29:06	0	132.7	144	1.5000	1.2000	125.00	
18:29:07	0	133.0	145	1.6000	1.2000	133.33	
18:29:08	0	133.3	145	1.6000	1.2000	133.33	
18:29:09	0	133.6	146	1.5000	1.2000	125.00	
18:29:10	0	133.9	146	1.6000	1.2000	133.33	
18:29:11	0	134.1	146	1.6000	1.3000	123.08	
18:29:12	0	134.4	147	1.6000	1.3000	123.08	
18:29:13	0	134.8	147	1.5000	1.2000	125.00	
18:29:14	0	135.0	148	1.5000	1.2000	125.00	
18:29:15	0	135.2	148	1.4000	1.2000	116.67	
18:29:16	0	135.5	148	1.4000	1.2000	116.67	
18:29:17	0	135.8	149	1.5000	1.2000	125.00	
18:29:18	0	136.0	149	1.4000	1.2000	116.67	
18:29:19	0	136.3	149	1.4000	1.2000	116.67	
18:29:20	0	136.5	150	1.5000	1.2000	125.00	
18:29:21	0	136.6	150	1.6000	1.2000	133.33	
18:29:22	0	136.9	151	1.6000	1.2000	133.33	
18:29:23	0	137.2	151	1.4000	1.2000	116.67	
18:29:24	0	137.5	151	1.4000	1.2000	116.67	
18:29:25	0	137.7	152	1.4000	1.2000	116.67	
18:29:26	0	138.1	152	1.4000	1.2000	116.67	
18:29:27	0	138.4	152	1.5000	1.2000	125.00	
18:29:28	0	138.7	153	1.6000	1.2000	133.33	
18:29:29	0	138.9	153	1.6000	1.2000	133.33	
18:29:30	0	139.2	154	1.6000	1.2000	133.33	
18:29:31	0	139.5	154	1.5000	1.2000	125.00	
18:29:32	0	139.9	154	1.4000	1.2000	116.67	
18:29:33	0	140.2	155	1.5000	1.2000	125.00	
18:29:34	0	140.3	155	1.6000	1.3000	123.08	
18:29:35	0	140.6	155	1.6000	1.3000	123.08	
18:29:36	0	141.0	156	1.4000	1.2000	116.67	
18:29:37	0	141.2	156	1.4000	1.2000	116.67	
18:29:38	0	141.5	157	1.4000	1.2000	116.67	
18:29:39	0	141.6	157	1.5000	1.2000	125.00	
18:29:40	0	141.8	157	1.6000	1.2000	133.33	
18:29:41	0	142.0	158	1.5000	1.2000	125.00	
18:29:42	0	142.3	158	1.4000	1.2000	116.67	
18:29:43	0	142.5	158	1.5000	1.2000	125.00	
18:29:44	0	142.9	159	1.6000	1.2000	133.33	
18:29:45	0	143.1	159	1.6000	1.3000	123.08	
18:29:46	0	143.4	160	1.4000	1.3000	107.69	
18:29:47	0	143.7	160	1.4000	1.2000	116.67	
18:29:48	0	143.9	160	1.5000	1.2000	125.00	
18:29:49	0	144.1	161	1.6000	1.2000	133.33	
18:29:50	0	144.4	161	1.6000	1.3000	123.08	
18:29:51	0	144.7	161	1.6000	1.2000	133.33	
18:29:52	0	144.8	162	1.6000	1.2000	133.33	
18:29:53	0	145.1	162	1.6000	1.3000	123.08	
18:29:54	0	145.3	163	1.6000	1.3000	123.08	
18:29:55	0	145.6	163	1.5000	1.2000	125.00	
18:29:56	0	145.9	163	1.5000	1.2000	125.00	
18:29:57	0	146.1	164	1.4000	1.2000	116.67	
18:29:58	0	146.5	164	1.4000	1.2000	116.67	
18:29:59	0	146.7	165	1.6000	1.2000	133.33	
18:30:00	0	146.9	165	1.6000	1.3000	123.08	
18:30:01	0	147.2	165	1.6000	1.3000	123.08	
18:30:02	0	147.5	166	1.4000	1.2000	116.67	
18:30:03	0	147.7	166	1.4000	1.2000	116.67	
18:30:04	0	148.0	166	1.4000	1.2000	116.67	
18:30:05	0	148.2	167	1.6000	1.2000	133.33	
18:30:06	0	148.4	167	1.5000	1.2000	125.00	
18:30:07	0	148.7	167	1.4000	1.2000	116.67	
18:30:08	0	149.0	168	1.5000	1.2000	125.00	
18:30:09	0	149.1	168	1.5000	1.2000	125.00	
18:30:10	0	149.3	169	1.6000	1.3000	123.08	
18:30:11	0	149.6	169	1.6000	1.3000	123.08	
18:30:12	0	149.9	169	1.4000	1.2000	116.67	
18:30:13	0	150.2	170	1.5000	1.2000	125.00	
18:30:14	0	150.4	170	1.6000	1.3000	123.08	
18:30:15	0	150.7	171	1.6000	1.3000	123.08	
18:30:16	0	150.9	171	1.6000	1.3000	123.08	
18:30:17	0	151.2	171	1.5000	1.3000	115.38	
18:30:18	0	151.4	172	1.5000	1.2000	125.00	
18:30:19	0	151.6	172	1.6000	1.2000	133.33	
18:30:20	0	151.9	172	1.5000	1.2000	125.00	
18:30:21	0	152.1	173	1.4000	1.2000	116.67	
18:30:22	0	152.3	173	1.5000	1.2000	125.00	
18:30:23	0	152.4	174	1.6000	1.2000	133.33	
18:30:24	0	152.7	174	1.5000	1.2000	125.00	
18:30:25	0	152.9	174	1.4000	1.2000	116.67	
18:30:26	0	153.0	175	1.6000	1.3000	123.08	
18:30:27	0	153.2	175	1.6000	1.3000	123.08	
18:30:28	0	153.5	176	1.5000	1.2000	125.00	
18:30:29	0	153.8	176	1.4000	1.2000	116.67	
18:30:30	0	154.1	176	1.3000	1.1000	118.18	
18:30:31	0	154.2	177	1.5000	1.2000	125.00	
18:30:32	0	154.4	177	1.7000	1.3000	130.77	
18:30:33	0	154.6	177	1.6000	1.3000	123.08	
18:30:34	0	154.8	178	1.6000	1.3000	123.08	
18:30:35	0	154.9	178	1.6000	1.3000	123.08	
18:30:36	0	155.2	179	1.5000	1.2000	125.00	
18:30:37	0	155.5	179	1.6000	1.2000	133.33	
18:30:38	0	155.7	179	1.6000	1.2000	133.33	
18:30:39	0	156.0	180	1.6000	1.3000	123.08	
18:30:40	0	156.2	180	1.6000	1.4000	114.29	
18:30:41	0	156.5	181	1.6000	1.3000	123.08	
18:30:42	0	156.5	181	1.6000	1.3000	123.08	
18:30:43	0	156.4	182	2.0000	1.5000	133.33	
18:30:44	0	156.0	182	2.3000	1.8000	127.78	
18:30:45	0	155.7	183	2.2000	2.1000	104.76	
18:30:46	0	155.4	183	2.0000	2.1000	95.24	
18:30:47	0	155.2	184	2.0000	2.0000	100.00	
18:30:48	0	154.9	184	2.1000	2.0000	105.00	
18:30:49	0	154.7	185	2.1000	2.0000	105.00	
18:30:50	0	154.6	185	2.1000	2.0000	105.00	
18:30:51	0	154.4	186	2.1000	1.8000	116.67	
18:30:52	0	154.2	186	2.2000	1.8000	122.22	
18:30:53	0	154.1	187	2.3000	1.9000	121.05	
18:30:54	0	154.0	187	2.2000	1.9000	115.79	
18:30:55	0	153.8	188	2.3000	2.0000	115.00	
18:30:56	0	153.6	189	2.3000	2.1000	109.52	
18:30:57	0	153.5	189	2.1000	2.1000	100.00	
18:30:58	0	153.3	190	2.1000	2.1000	100.00	
18:30:59	0	153.3	190	2.1000	1.9000	110.53	
18:31:00	0	153.2	191	2.1000	1.8000	116.67	
18:31:01	0	153.1	191	2.3000	1.9000	121.05	
18:31:02	0	153.0	192	2.2000	1.9000	115.79	
18:31:03	0	153.0	192	2.3000	1.9000	121.05	
18:31:04	0	152.8	193	2.4000	2.0000	120.00	
18:31:05	0	152.7	194	2.4000	2.1000	114.29	
18:31:06	0	152.7	194	2.3000	2.1000	109.52	
18:31:07	0	152.7	195	2.2000	2.0000	110.00	
18:31:08	0	152.4	195	2.2000	2.0000	110.00	
18:31:09	0	152.4	196	2.2000	2.1000	104.76	
18:31:10	0	152.3	196	2.1000	1.9000	110.53	
18:31:11	0	152.3	197	2.1000	1.8000	116.67	
18:31:12	0	152.0	197	2.2000	2.0000	110.00	
18:31:13	0	152.0	198	2.2000	2.0000	110.00	
18:31:14	0	151.8	198	2.2000	2.0000	110.00	
18:31:15	0	151.7	199	2.3000	2.0000	115.00	
18:31:16	0	151.6	200	2.3000	1.9000	121.05	
18:31:17	0	151.6	200	2.3000	2.0000	115.00	
18:31:18	0	151.6	201	2.3000	2.0000	115.00	
18:31:19	0	151.6	201	2.3000	1.9000	121.05	
18:31:20	0	151.6	202	2.3000	2.1000	109.52	
18:31:21	0	151.5	202	2.3000	2.1000	109.52	
18:31:22	0	151.4	203	2.3000	2.1000	109.52	
18:31:23	0	151.4	204	2.1000	2.0000	105.00	
18:31:24	0	151.3	204	2.1000	1.9000	110.53	
18:31:25	0	151.1	205	2.3000	2.0000	115.00	
18:31:26	0	151.0	205	2.2000	1.9000	115.79	
18:31:27	0	151.0	206	2.0000	1.8000	111.11	
18:31:28	0	150.9	206	2.3000	1.8000	127.78	
18:31:29	0	150.8	207	2.4000	1.8000	133.33	
18:31:30	0	150.6	207	2.3000	1.9000	121.05	
18:31:31	0	150.6	208	2.3000	1.9000	121.05	
18:31:32	0	150.6	209	2.3000	1.9000	121.05	
18:31:33	0	150.5	209	2.5000	2.0000	125.00	
18:31:34	0	150.3	210	2.4000	2.1000	114.29	
18:31:35	0	150.4	210	2.3000	2.0000	115.00	
18:31:36	0	150.3	211	2.2000	1.8000	122.22	
18:31:37	0	150.2	212	2.3000	1.8000	127.78	
18:31:38	0	150.1	212	2.3000	2.0000	115.00	
18:31:39	0	150.0	213	2.3000	2.0000	115.00	
18:31:40	0	149.9	213	2.3000	1.9000	121.05	
18:31:41	0	149.8	214	2.3000	1.9000	121.05	
18:31:42	0	149.9	214	2.3000	1.8000	127.78	
18:31:43	0	149.8	215	2.4000	1.9000	126.32	
18:31:44	0	149.6	216	2.4000	2.1000	114.29	
18:31:45	0	149.5	216	2.2000	1.9000	115.79	
18:31:46	0	149.3	217	2.3000	1.9000	121.05	
18:31:47	0	149.1	217	2.3000	2.0000	115.00	
18:31:48	0	149.0	218	2.2000	2.0000	110.00	
18:31:49	0	148.9	218	2.2000	2.1000	104.76	
18:31:50	0	148.8	219	2.2000	2.1000	104.76	
18:31:51	0	148.7	219	2.3000	2.0000	115.00	
18:31:52	0	148.5	220	2.2000	2.0000	110.00	
18:31:53	0	148.4	221	2.1000	2.0000	105.00	
18:31:54	0	148.3	221	2.3000	1.9000	121.05	
18:31:55	0	148.1	222	2.3000	1.9000	121.05	
18:31:56	0	148.0	222	2.3000	2.0000	115.00	
18:31:57	0	147.8	223	2.3000	2.1000	109.52	
18:31:58	0	147.7	223	2.2000	2.0000	110.00	
18:31:59	0	147.6	224	2.3000	2.0000	115.00	
18:32:00	0	147.6	224	2.2000	2.0000	110.00	
18:32:01	0	147.5	225	2.2000	1.9000	115.79	
18:32:02	0	147.3	226	2.3000	2.0000	115.00	
18:32:03	0	147.0	226	2.3000	2.1000	109.52	
18:32:04	0	147.0	227	2.1000	1.9000	110.53	
18:32:05	0	146.9	227	2.2000	1.8000	122.22	
18:32:06	0	146.6	228	2.3000	1.8000	127.78	
18:32:07	1	146.4	0	2.3000	1.9000	121.05	
18:32:08	1	146.3	1	2.2000	1.9000	115.79	
18:32:09	1	146.2	1	2.1000	1.8000	116.67	
18:32:10	1	146.2	2	2.2000	1.8000	122.22	
18:32:11	1	145.9	2	2.3000	1.8000	127.78	
18:32:12	1	145.6	3	2.0000	1.9000	105.26	
18:32:13	1	145.4	3	1.8000	1.8000	100.00	
18:32:14	1	145.0	4	2.0000	1.8000	111.11	
18:32:15	1	144.8	4	1.9000	1.8000	105.56	
18:32:16	1	144.7	5	1.8000	1.8000	100.00	
18:32:17	1	144.5	5	1.9000	1.8000	105.56	
18:32:18	1	144.4	6	1.9000	1.8000	105.56	
18:32:19	1	144.1	6	1.9000	1.9000	100.00	
18:32:20	1	144.0	7	1.9000	1.8000	105.56	
18:32:21	1	143.8	7	1.9000	1.8000	105.56	
18:32:22	1	143.5	7	2.0000	1.8000	111.11	
18:32:23	1	143.3	8	2.1000	1.9000	110.53	
18:32:24	1	143.0	8	1.9000	1.8000	105.56	
18:32:25	1	142.7	9	1.9000	1.8000	105.56	
18:32:26	1	142.5	9	1.9000	1.8000	105.56	
18:32:27	1	142.3	10	1.9000	1.8000	105.56	
18:32:28	1	142.1	10	2.0000	1.8000	111.11	
18:32:29	1	141.8	11	1.9000	1.8000	105.56	
18:32:30	1	141.5	11	1.9000	2.0000	95.00	
18:32:31	1	141.2	12	1.8000	2.0000	90.00	
18:32:32	1	141.1	12	1.8000	1.8000	100.00	
18:32:33	1	140.9	13	1.9000	1.8000	105.56	
18:32:34	1	140.7	13	2.1000	1.9000	110.53	
18:32:35	1	140.5	14	2.1000	1.9000	110.53	
18:32:36	1	140.2	14	2.1000	2.0000	105.00	
18:32:37	1	140.0	15	2.0000	2.1000	95.24	
18:32:38	1	140.0	15	1.8000	1.9000	94.74	
18:32:39	1	139.6	16	2.1000	2.0000	105.00	
18:32:40	1	139.5	16	2.1000	2.1000	100.00	
18:32:41	1	139.3	17	1.8000	1.8000	100.00	
18:32:42	1	139.2	17	2.0000	1.8000	111.11	
18:32:43	1	138.9	18	2.1000	2.0000	105.00	
18:32:44	1	138.7	18	1.9000	2.0000	95.00	
18:32:45	1	138.3	19	2.0000	1.9000	105.26	
18:32:46	1	138.0	19	2.0000	1.9000	105.26	
18:32:47	1	137.6	20	1.9000	1.9000	100.00	
18:32:48	1	137.4	20	1.8000	1.8000	100.00	
18:32:49	1	137.2	21	1.8000	1.6000	112.50	
18:32:50	1	137.0	21	2.0000	1.7000	117.65	
18:32:51	1	136.8	22	1.9000	1.8000	105.56	
18:32:52	1	136.5	22	1.8000	1.9000	94.74	
18:32:53	1	136.1	23	2.0000	2.0000	100.00	
18:32:54	1	135.9	23	2.0000	2.0000	100.00	
18:32:55	1	135.7	23	1.8000	1.8000	100.00	
18:32:56	1	135.5	24	2.0000	1.8000	111.11	
18:32:57	1	135.2	25	2.1000	1.8000	116.67	
18:32:58	1	135.0	25	2.0000	1.8000	111.11	
18:32:59	1	134.9	25	1.8000	1.8000	100.00	
18:33:00	1	134.7	26	1.9000	1.8000	105.56	
18:33:01	1	134.5	26	2.0000	1.9000	105.26	
18:33:02	1	134.1	27	1.9000	1.9000	100.00	
18:33:03	1	133.8	27	1.8000	1.8000	100.00	
18:33:04	1	133.5	28	1.8000	1.8000	100.00	
18:33:05	1	133.2	28	1.9000	1.9000	100.00	
18:33:06	1	132.9	29	1.9000	1.8000	105.56	
18:33:07	1	132.7	29	1.8000	1.8000	100.00	
18:33:08	1	132.4	30	1.8000	1.8000	100.00	
18:33:09	1	132.2	30	1.9000	1.9000	100.00	
18:33:10	1	131.8	31	2.0000	2.0000	100.00	
18:33:11	1	131.6	31	1.8000	2.0000	90.00	
18:33:12	1	131.4	32	1.8000	1.9000	94.74	
18:33:13	1	131.1	32	2.0000	1.9000	105.26	
18:33:14	1	130.8	33	2.1000	2.0000	105.00	
18:33:15	1	130.5	33	2.1000	2.1000	100.00	
18:33:16	1	130.5	34	1.8000	1.9000	94.74	
18:33:17	1	130.2	34	2.0000	1.8000	111.11	
18:33:18	1	130.0	35	2.1000	2.0000	105.00	
18:33:19	1	129.7	35	1.9000	2.0000	95.00	
18:33:20	1	129.4	36	2.0000	2.0000	100.00	
18:33:21	1	129.2	36	2.0000	2.0000	100.00	
18:33:22	1	129.0	37	1.8000	1.9000	94.74	
18:33:23	1	128.7	37	2.1000	1.9000	110.53	
18:33:24	1	128.4	38	2.1000	2.0000	105.00	
18:33:25	1	128.2	38	2.0000	2.0000	100.00	
18:33:26	1	128.0	39	1.9000	1.9000	100.00	
18:33:27	1	127.8	39	2.0000	1.9000	105.26	
18:33:28	1	127.5	40	2.0000	1.9000	105.26	
18:33:29	1	127.2	40	1.9000	2.0000	95.00	
18:33:30	1	126.9	41	1.9000	2.0000	95.00	
18:33:31	1	126.7	41	1.9000	1.9000	100.00	
18:33:32	1	126.5	41	1.9000	1.9000	100.00	
18:33:33	1	126.1	42	1.9000	1.9000	100.00	
18:33:34	1	125.8	42	2.0000	2.0000	100.00	
18:33:35	1	125.6	43	2.0000	2.0000	100.00	
18:33:36	1	125.3	43	1.9000	1.9000	100.00	
18:33:37	1	125.1	44	1.8000	1.9000	94.74	
18:33:38	1	125.0	44	1.8000	1.8000	100.00	
18:33:39	1	124.7	45	2.0000	1.9000	105.26	
18:33:40	1	124.3	45	2.0000	2.1000	95.24	
18:33:41	1	123.9	46	1.8000	2.1000	85.71	
18:33:42	1	123.7	46	2.0000	2.0000	100.00	
18:33:43	1	123.5	47	2.0000	1.9000	105.26	
18:33:44	1	123.2	47	1.8000	1.9000	94.74	
18:33:45	1	122.9	48	1.9000	1.8000	105.56	
18:33:46	1	122.6	48	2.1000	1.8000	116.67	
18:33:47	1	122.3	49	2.1000	2.0000	105.00	
18:33:48	1	121.9	49	2.0000	2.1000	95.24	
18:33:49	1	121.7	50	1.8000	2.0000	90.00	
18:33:50	1	121.4	50	1.9000	1.8000	105.56	
18:33:51	1	121.0	51	2.0000	1.9000	105.26	
18:33:52	1	120.7	51	2.0000	2.0000	100.00	
18:33:53	1	120.5	52	1.9000	1.9000	100.00	
18:33:54	1	120.3	52	1.9000	1.9000	100.00	
18:33:55	1	119.9	53	2.0000	1.9000	105.26	
18:33:56	1	119.6	53	1.9000	2.0000	95.00	
18:33:57	1	119.4	54	2.0000	2.1000	95.24	
18:33:58	1	119.1	54	2.0000	2.1000	95.24	
18:33:59	1	118.8	55	1.9000	2.0000	95.00	
18:34:00	1	118.5	55	2.0000	1.9000	105.26	
18:34:01	1	118.2	56	1.9000	1.9000	100.00	
18:34:02	1	117.9	56	1.9000	1.8000	105.56	
18:34:03	1	117.5	57	2.0000	1.8000	111.11	
18:34:04	1	117.2	57	2.0000	1.8000	111.11	
18:34:05	1	116.6	57	1.9000	1.8000	105.56	
18:34:06	1	116.3	58	1.8000	2.0000	90.00	
18:34:07	2	115.9	0	1.9000	2.1000	90.48	
18:34:08	2	115.8	0	1.8000	1.8000	100.00	
18:34:09	2	115.5	1	1.8000	1.8000	100.00	
18:34:10	2	115.1	1	2.1000	1.9000	110.53	
18:34:11	2	114.6	2	1.9000	2.0000	95.00	
18:34:12	2	114.4	2	1.6000	2.0000	80.00	
18:34:13	2	114.2	3	1.7000	1.8000	94.44	
18:34:14	2	113.9	3	2.0000	1.9000	105.26	
18:34:15	2	113.6	4	1.8000	2.0000	90.00	
18:34:16	2	113.3	4	1.7000	1.9000	89.47	
18:34:17	2	112.8	5	1.8000	1.9000	94.74	
18:34:18	2	112.6	5	1.8000	1.9000	94.74	
18:34:19	2	112.2	5	1.8000	1.9000	94.74	
18:34:20	2	111.9	6	1.9000	2.0000	95.00	
18:34:21	2	111.5	6	1.9000	2.0000	95.00	
18:34:22	2	111.1	7	1.8000	1.9000	94.74	
18:34:23	2	110.8	7	1.6000	1.9000	84.21	
18:34:24	2	110.6	8	1.6000	1.9000	84.21	
18:34:25	2	110.2	8	1.8000	1.9000	94.74	
18:34:26	2	109.7	8	1.6000	2.0000	80.00	
18:34:27	2	109.1	9	1.5000	2.1000	71.43	
18:34:28	2	108.9	9	1.4000	1.9000	73.68	
18:34:29	2	108.6	10	1.6000	1.8000	88.89	
18:34:30	2	108.1	10	1.8000	1.9000	94.74	
18:34:31	2	107.6	10	1.6000	2.0000	80.00	
18:34:32	2	107.2	11	1.6000	2.1000	76.19	
18:34:33	2	106.9	11	1.6000	2.0000	80.00	
18:34:34	2	106.6	12	1.8000	1.9000	94.74	
18:34:35	2	106.2	12	1.8000	2.1000	85.71	
18:34:36	2	105.9	13	1.8000	2.1000	85.71	
18:34:37	2	105.7	13	1.7000	2.0000	85.00	
18:34:38	2	105.2	13	1.7000	2.0000	85.00	
18:34:39	2	104.8	14	1.6000	2.0000	80.00	
18:34:40	2	104.5	14	1.6000	1.9000	84.21	
18:34:41	2	104.0	15	1.8000	2.1000	85.71	
18:34:42	2	103.7	15	1.6000	2.1000	76.19	
18:34:43	2	103.5	16	1.6000	1.9000	84.21	
18:34:44	2	103.1	16	1.8000	2.0000	90.00	
18:34:45	2	102.6	16	1.7000	2.1000	80.95	
18:34:46	2	102.3	17	1.6000	2.0000	80.00	
18:34:47	2	102.0	17	1.7000	1.8000	94.44	
18:34:48	2	101.6	18	1.8000	1.8000	100.00	
18:34:49	2	101.2	18	1.8000	1.9000	94.74	
18:34:50	2	100.7	19	1.6000	1.9000	84.21	
18:34:51	2	100.3	19	1.5000	1.9000	78.95	
18:34:52	2	100.1	19	1.6000	1.8000	88.89	
18:34:53	2	99.6	20	1.8000	1.9000	94.74	
18:34:54	2	99.2	20	1.7000	2.0000	85.00	
18:34:55	2	98.9	21	1.6000	1.9000	84.21	
18:34:56	2	98.5	21	1.7000	1.9000	89.47	
18:34:57	2	98.2	22	1.8000	1.9000	94.74	
18:34:58	2	97.7	22	1.8000	2.0000	90.00	
18:34:59	2	97.4	22	1.8000	2.0000	90.00	
18:35:00	2	97.1	23	1.8000	1.9000	94.74	
18:35:01	2	96.8	23	1.8000	1.9000	94.74	
18:35:02	2	96.3	24	1.8000	1.9000	94.74	
18:35:03	2	95.9	24	1.7000	1.9000	89.47	
18:35:04	2	95.4	25	1.6000	1.8000	88.89	
18:35:05	2	95.0	25	1.7000	1.9000	89.47	
18:35:06	2	94.4	25	1.7000	2.0000	85.00	
18:35:07	2	94.1	26	1.7000	2.0000	85.00	
18:35:08	2	93.9	26	1.8000	2.0000	90.00	
18:35:09	2	93.6	27	1.8000	1.9000	94.74	
18:35:10	2	93.2	27	1.8000	2.0000	90.00	
18:35:11	2	92.7	28	1.8000	2.1000	85.71	
18:35:12	2	92.4	28	1.8000	2.1000	85.71	
18:35:13	2	92.0	29	1.8000	2.1000	85.71	
18:35:14	2	91.5	29	1.7000	2.0000	85.00	
18:35:15	2	91.1	29	1.6000	1.8000	88.89	
18:35:16	2	90.8	30	1.7000	1.8000	94.44	
18:35:17	2	90.3	30	1.9000	2.0000	95.00	
18:35:18	2	89.9	31	1.8000	2.0000	90.00	
18:35:19	2	89.5	31	1.6000	1.9000	84.21	
18:35:20	2	89.1	32	1.8000	1.9000	94.74	
18:35:21	2	88.6	32	1.8000	1.9000	94.74	
18:35:22	2	88.1	33	1.8000	1.8000	100.00	
18:35:23	2	87.7	33	1.6000	1.8000	88.89	
18:35:24	2	87.3	33	1.7000	1.9000	89.47	
18:35:25	2	86.8	34	1.8000	2.0000	90.00	
18:35:26	2	86.4	34	1.6000	1.9000	84.21	
18:35:27	3	86.0	0	1.7000	2.0000	85.00	
18:35:28	3	85.6	0	1.9000	2.1000	90.48	
18:35:29	3	85.2	1	1.8000	2.0000	90.00	
18:35:30	3	84.8	1	1.8000	1.9000	94.74	
18:35:31	3	84.4	2	1.8000	1.8000	100.00	
18:35:32	3	84.0	2	1.8000	1.9000	94.74	
18:35:33	3	83.5	3	1.8000	2.0000	90.00	
18:35:34	3	83.1	3	1.8000	1.9000	94.74	
18:35:35	3	82.7	4	1.7000	1.8000	94.44	
18:35:36	3	82.3	4	1.6000	1.8000	88.89	
18:35:37	3	81.9	4	1.7000	1.8000	94.44	
18:35:38	3	81.4	5	1.7000	1.8000	94.44	
18:35:39	3	81.0	5	1.6000	1.8000	88.89	
18:35:40	3	80.7	6	1.7000	1.8000	94.44	
18:35:41	3	80.3	6	1.8000	2.1000	85.71	
18:35:42	3	79.9	7	1.9000	2.1000	90.48	
18:35:43	3	79.5	7	1.8000	2.1000	85.71	
18:35:44	3	79.1	7	1.7000	2.0000	85.00	
18:35:45	3	78.7	8	1.8000	2.0000	90.00	
18:35:46	3	78.3	8	1.8000	1.9000	94.74	
18:35:47	3	77.9	9	1.8000	1.8000	100.00	
18:35:48	3	77.3	9	1.7000	1.9000	89.47	
18:35:49	3	76.8	10	1.6000	1.9000	84.21	
18:35:50	3	76.4	10	1.6000	1.9000	84.21	
18:35:51	3	75.8	10	1.6000	1.9000	84.21	
18:35:52	3	75.3	11	1.6000	2.0000	80.00	
18:35:53	3	74.9	11	1.6000	2.1000	76.19	
18:35:54	3	74.5	12	1.7000	2.1000	80.95	
18:35:55	3	74.0	12	1.8000	2.1000	85.71	
18:35:56	3	73.7	13	1.8000	2.1000	85.71	
18:35:57	3	73.2	13	1.8000	2.1000	85.71	
18:35:58	3	72.8	14	1.8000	2.1000	85.71	
18:35:59	3	72.4	14	1.7000	2.1000	80.95	
18:36:00	3	71.9	14	1.6000	2.1000	76.19	
18:36:01	3	71.4	15	1.6000	2.1000	76.19	
18:36:02	3	71.0	15	1.6000	2.1000	76.19	
18:36:03	3	70.7	16	1.8000	2.1000	85.71	
18:36:04	3	70.4	16	1.8000	2.1000	85.71	
18:36:05	3	69.9	17	1.8000	2.1000	85.71	
18:36:06	3	69.4	17	1.8000	2.1000	85.71	
18:36:07	3	69.0	17	1.8000	2.2000	81.82	
18:36:08	3	68.6	18	1.8000	2.1000	85.71	
18:36:09	3	68.2	18	1.7000	2.1000	80.95	
18:36:10	3	67.9	19	1.7000	2.0000	85.00	
18:36:11	3	67.4	19	1.8000	2.0000	90.00	
18:36:12	3	66.9	20	1.8000	2.1000	85.71	
18:36:13	3	66.4	20	1.7000	2.1000	80.95	
18:36:14	3	66.1	21	1.7000	2.1000	80.95	
18:36:15	3	65.7	21	1.7000	2.0000	85.00	
18:36:16	3	65.3	21	1.8000	2.1000	85.71	
18:36:17	3	64.7	22	1.9000	2.2000	86.36	
18:36:18	3	64.4	22	1.7000	2.1000	80.95	
18:36:19	3	64.0	23	1.6000	2.0000	80.00	
18:36:20	3	63.7	23	1.8000	2.1000	85.71	
18:36:21	3	63.3	24	1.8000	2.1000	85.71	
18:36:22	3	63.0	24	1.6000	2.1000	76.19	
18:36:23	3	62.6	24	1.7000	2.1000	80.95	
18:36:24	3	62.1	25	1.7000	2.1000	80.95	
18:36:25	3	61.6	25	1.6000	2.1000	76.19	
18:36:26	3	61.3	26	1.6000	2.1000	76.19	
18:36:27	3	60.8	26	1.8000	2.0000	90.00	
18:36:28	3	60.3	27	1.9000	2.1000	90.48	
18:36:29	3	59.9	27	1.8000	2.1000	85.71	
18:36:30	3	59.7	27	1.6000	2.0000	80.00	
18:36:31	3	59.2	28	1.8000	2.1000	85.71	
18:36:32	3	58.8	28	1.8000	2.1000	85.71	
18:36:33	3	58.2	29	1.6000	2.1000	76.19	
18:36:34	3	57.8	29	1.7000	2.1000	80.95	
18:36:35	3	57.4	30	1.8000	2.0000	90.00	
18:36:36	3	56.9	30	2.0000	2.0000	100.00	
18:36:37	3	56.4	31	2.0000	2.1000	95.24	
18:36:38	4	56.0	0	1.8000	2.1000	85.71	
18:36:39	4	55.6	0	1.7000	2.1000	80.95	
18:36:40	4	55.2	1	1.7000	2.0000	85.00	
18:36:41	4	54.7	1	1.8000	2.1000	85.71	
18:36:42	4	54.1	2	1.7000	2.1000	80.95	
18:36:43	4	53.8	2	1.6000	1.9000	84.21	
18:36:44	4	53.3	3	1.8000	2.0000	90.00	
18:36:45	4	52.7	3	1.8000	2.1000	85.71	
18:36:46	4	52.4	3	1.6000	1.9000	84.21	
18:36:47	4	51.9	4	1.8000	1.8000	100.00	
18:36:48	4	51.4	4	1.8000	2.0000	90.00	
18:36:49	4	51.0	5	1.7000	2.0000	85.00	
18:36:50	4	50.5	5	1.7000	2.0000	85.00	
18:36:51	4	50.1	6	1.8000	2.0000	90.00	
18:36:52	4	49.5	6	1.8000	1.9000	94.74	
18:36:53	4	49.0	7	1.8000	2.0000	90.00	
18:36:54	4	48.6	7	1.7000	1.9000	89.47	
18:36:55	4	48.1	7	1.8000	1.8000	100.00	
18:36:56	4	47.5	8	1.8000	1.8000	100.00	
18:36:57	4	47.0	8	1.7000	1.8000	94.44	
18:36:58	4	46.6	9	1.6000	1.8000	88.89	
18:36:59	4	46.1	9	1.7000	1.7000	100.00	
18:37:00	4	45.4	10	1.8000	1.8000	100.00	
18:37:01	4	44.8	10	1.7000	1.9000	89.47	
18:37:02	4	44.3	10	1.6000	1.9000	84.21	
18:37:03	4	43.9	11	1.7000	1.9000	89.47	
18:37:04	4	43.5	11	1.8000	1.9000	94.74	
18:37:05	4	43.1	12	1.7000	1.8000	94.44	
18:37:06	4	42.6	12	1.8000	1.8000	100.00	
18:37:07	4	42.0	13	1.9000	1.8000	105.56	
18:37:08	4	41.5	13	1.8000	1.9000	94.74	
18:37:09	4	40.9	14	1.7000	1.8000	94.44	
18:37:10	4	40.4	14	1.7000	1.8000	94.44	
18:37:11	4	39.8	14	1.7000	1.9000	89.47	
18:37:12	4	39.3	15	1.7000	1.9000	89.47	
18:37:13	4	38.8	15	1.8000	1.9000	94.74	
18:37:14	4	38.2	16	1.8000	1.9000	94.74	
18:37:15	4	37.7	16	1.6000	1.9000	84.21	
18:37:16	4	37.2	17	1.6000	1.9000	84.21	
18:37:17	4	36.6	17	1.8000	1.8000	100.00	
18:37:18	4	36.1	17	1.8000	1.9000	94.74	
18:37:19	4	35.7	18	1.6000	2.1000	76.19	
18:37:20	4	35.2	18	1.6000	2.1000	76.19	
18:37:21	4	34.6	19	1.8000	2.1000	85.71	
18:37:22	4	33.9	19	1.9000	2.1000	90.48	
18:37:23	4	33.3	20	1.8000	2.2000	81.82	
18:37:24	4	32.9	20	1.7000	2.1000	80.95	
18:37:25	4	32.5	21	1.8000	1.9000	94.74	
18:37:26	4	31.8	21	1.9000	2.1000	90.48	
18:37:27	4	31.2	21	1.8000	2.1000	85.71	
18:37:28	4	30.7	22	1.8000	2.0000	90.00	
18:37:29	4	30.2	22	1.8000	2.0000	90.00	
18:37:30	4	29.5	23	1.8000	2.1000	85.71	
18:37:31	4	28.9	23	1.9000	2.1000	90.48	
18:37:32	4	28.4	24	1.9000	2.0000	95.00	
18:37:33	4	27.9	24	1.8000	2.0000	90.00	
18:37:34	4	27.4	25	2.0000	2.1000	95.24	
18:37:35	4	26.9	25	2.0000	2.1000	95.24	
18:37:36	4	26.4	26	2.0000	2.1000	95.24	
18:37:37	5	25.8	0	2.0000	2.1000	95.24	
18:37:38	5	25.3	0	1.9000	2.1000	90.48	
18:37:39	5	24.7	1	2.0000	2.1000	95.24	
18:37:40	5	24.2	1	1.9000	2.1000	90.48	
18:37:41	5	23.6	2	1.8000	1.9000	94.74	
18:37:42	5	23.1	2	1.9000	1.9000	100.00	
18:37:43	5	22.5	3	2.1000	2.1000	100.00	
18:37:44	5	21.9	3	2.1000	2.2000	95.45	
18:37:45	5	21.4	4	1.9000	2.1000	90.48	
18:37:46	5	20.8	4	1.8000	2.1000	85.71	
18:37:47	5	20.3	5	1.8000	2.1000	85.71	
18:37:48	5	19.6	5	1.6000	2.1000	76.19	
18:37:49	5	19.0	6	1.7000	2.2000	77.27	
18:37:50	5	18.5	6	1.8000	2.2000	81.82	
18:37:51	5	17.9	7	1.9000	2.0000	95.00	
18:37:52	5	17.2	7	2.1000	2.1000	100.00	
18:37:53	5	16.6	8	2.1000	2.3000	91.30	
18:37:54	5	16.3	8	2.0000	2.1000	95.24	
18:37:55	5	15.6	9	2.1000	2.1000	100.00	
18:37:56	5	15.0	9	2.2000	2.3000	95.65	
18:37:57	5	14.4	10	2.0000	2.3000	86.96	
18:37:58	5	13.7	10	1.9000	2.1000	90.48	
18:37:59	5	13.2	11	1.8000	2.1000	85.71	
18:38:00	5	12.6	11	1.8000	2.2000	81.82	
18:38:01	5	11.9	12	2.0000	2.1000	95.24	
18:38:02	5	11.3	12	2.1000	2.2000	95.45	
18:38:03	5	10.7	13	2.0000	2.3000	86.96	
18:38:04	5	10.0	13	2.0000	2.3000	86.96	
18:38:05	5	9.3	14	2.0000	2.3000	86.96	
18:38:06	5	8.8	14	1.8000	2.1000	85.71	
18:38:07	5	8.2	15	1.8000	2.1000	85.71	
18:38:08	5	7.3	15	1.8000	2.2000	81.82	
18:38:09	5	6.7	15	1.7000	2.2000	77.27	
18:38:10	5	6.1	16	1.7000	2.2000	77.27	
18:38:11	5	5.6	16	1.6000	2.1000	76.19	
18:38:12	5	5.0	17	1.4000	2.0000	70.00	
18:38:13	5	4.5	17	1.4000	2.0000	70.00	
18:38:14	5	4.1	17	1.5000	2.0000	75.00	
18:38:15	5	3.7	18	1.5000	2.0000	75.00	
18:38:16	5	3.3	18	1.6000	2.0000	80.00	
18:38:17	5	3.0	18	1.7000	1.9000	89.47	
18:38:18	5	2.5	19	1.8000	2.1000	85.71	
18:38:19	5	2.2	19	1.9000	2.1000	90.48	
18:38:20	5	1.9	20	1.9000	2.0000	95.00	
18:38:21	5	1.5	20	1.8000	2.0000	90.00	
18:38:22	5	1.1	21	1.7000	1.9000	89.47	
18:38:23	5	0.5	21	1.8000	1.8000	100.00	
18:38:24	5	0.0	22	1.7000	2.0000	85.00	
18:38:25	5	-0.2	22	1.5000	1.9000	78.95	
18:38:26	5	-0.4	22	1.4000	1.8000	77.78	
18:38:27	5	-0.4	23	1.8000	1.4000	128.57	
18:38:28	5	-0.5	23	1.2000	0.5000	240.00	
18:38:29	5	-0.5	23	0.3000	0.1000	300.00	
18:38:30	5	-0.5	23	0.1000	0.1000	100.00	
18:38:31	5	-0.5	23	0.0000	0.0000	0.00	
18:38:32	5	-0.5	23	0.0000	0.0000	0.00	
18:38:33	5	-0.5	23	0.0000	0.0000	0.00	
18:38:34	5	-0.5	23	0.0000	0.0000	0.00	
18:38:35	5	-0.5	23	0.0000	0.0000	0.00	
18:38:36	5	-0.5	23	0.0000	0.0000	0.00	
18:38:37	5	-0.5	23	0.0000	0.0000	0.00	
18:38:38	5	-0.5	23	0.0000	0.0000	0.00	
18:38:39	5	-0.5	23	0.0000	0.0000	0.00	
18:38:40	5	-0.5	23	0.0000	0.0000	0.00	
18:38:41	5	-0.5	23	0.0000	0.0000	0.00	
18:38:42	5	-0.5	23	0.0000	0.0000	0.00	
18:38:43	5	-0.5	23	0.0000	0.0000	0.00	
18:38:44	5	-0.5	23	0.0000	0.0000	0.00	
18:38:45	5	-0.5	23	0.0000	0.0000	0.00	
18:38:46	5	-0.4	23	0.0000	0.0000	0.00	
18:38:47	5	-0.5	23	0.0000	0.0000	0.00	
18:38:48	5	-0.4	23	0.0000	0.0000	0.00	
18:38:49	5	-0.5	23	0.0000	0.0000	0.00	
18:38:50	5	-0.5	23	0.0000	0.1000	0.00	
18:38:51	5	-0.5	23	0.0000	0.1000	0.00	
18:38:52	5	-0.5	23	0.0000	0.1000	0.00	
18:38:53	5	-0.5	23	0.0000	0.0000	0.00	
18:38:54	5	-0.5	23	0.0000	0.0000	0.00	
18:38:55	5	-0.5	23	0.0000	0.0000	0.00	
18:38:56	5	-0.5	23	0.0000	0.0000	0.00	
18:38:57	5	-0.5	23	0.0000	0.0000	0.00	
18:38:58	5	-0.5	23	0.0000	0.0000	0.00	
18:38:59	5	-0.5	23	0.0000	0.0000	0.00	
18:39:00	5	-0.5	23	0.0000	0.0000	0.00	
18:39:01	5	-0.5	23	0.0000	0.0000	0.00	
18:39:02	5	-0.5	23	0.0000	0.0000	0.00	
18:39:03	5	-0.5	23	0.0000	0.0000	0.00	
18:39:04	5	-0.5	23	0.0000	0.0000	0.00	
18:39:05	5	-0.5	23	0.0000	0.0000	0.00	
18:39:06	5	-0.4	23	0.0000	0.0000	0.00	
18:39:07	5	-0.4	23	0.0000	0.0000	0.00	
18:39:08	5	-0.4	23	0.0000	0.0000	0.00	
18:39:09	5	-0.4	23	0.0000	0.0000	0.00	
18:39:10	5	-0.4	23	0.0000	0.0000	0.00	
18:39:11	5	-0.5	23	0.0000	0.3000	0.00	
18:39:12	5	-0.5	23	0.0000	1.2000	0.00	
18:39:13	5	-0.4	23	0.0000	2.3000	0.00	
18:39:14	5	-0.5	23	0.0000	2.7000	0.00	
18:39:15	5	-0.4	23	0.0000	2.7000	0.00	
18:39:16	5	-0.5	23	0.0000	2.5000	0.00	
18:39:17	5	-0.5	23	0.0000	2.3000	0.00	
18:39:18	5	-0.4	23	0.0000	2.6000	0.00	
18:39:19	5	-0.5	23	0.0000	2.7000	0.00	
18:39:20	5	-0.4	23	0.0000	2.6000	0.00	
18:39:21	5	-0.4	23	0.0000	2.7000	0.00	
18:39:22	5	-0.4	23	0.0000	2.5000	0.00	
18:39:23	5	-0.4	23	0.0000	2.2000	0.00	
18:39:24	5	-0.5	23	0.0000	2.1000	0.00	
18:39:25	5	-0.4	23	0.0000	2.1000	0.00	
18:39:26	5	-0.4	23	0.0000	2.1000	0.00	
18:39:27	5	-0.4	23	0.0000	1.8000	0.00	
18:39:28	5	-0.4	23	0.0000	1.9000	0.00	
18:39:29	5	-0.4	23	0.0000	2.1000	0.00	
18:39:30	5	-0.4	23	0.0000	2.3000	0.00	
18:39:31	5	-0.4	23	0.0000	2.2000	0.00	
18:39:32	5	-0.4	23	0.0000	2.3000	0.00	
18:39:33	5	-0.4	23	0.0000	2.1000	0.00	
18:39:34	5	-0.4	23	0.0000	1.4000	0.00	
18:39:35	5	-0.4	23	0.0000	1.0000	0.00	
18:39:36	5	-0.4	23	0.0000	0.9000	0.00	
18:39:37	5	-0.4	23	0.0000	1.1000	0.00	
18:39:38	5	-0.4	23	0.0000	1.4000	0.00	
18:39:39	5	-0.4	23	0.0000	1.9000	0.00	
18:39:40	5	-0.4	23	0.0000	2.1000	0.00	
18:39:41	5	-0.4	23	0.0000	1.8000	0.00	
18:39:42	5	-0.4	23	0.0000	1.4000	0.00	
18:39:43	5	-0.4	23	0.0000	1.0000	0.00	
18:39:44	5	-0.4	23	0.0000	0.9000	0.00	
18:39:45	5	-0.4	23	0.0000	1.4000	0.00	
18:39:46	5	-0.4	23	0.0000	2.3000	0.00	
18:39:47	5	-0.4	23	0.0000	2.7000	0.00	
18:39:48	5	-0.4	23	0.0000	2.9000	0.00	
18:39:49	5	-0.4	23	0.0000	2.8000	0.00	
18:39:50	5	-0.4	23	0.0000	2.9000	0.00	
18:39:51	5	-0.4	23	0.0000	2.8000	0.00	
18:39:52	5	-0.4	23	0.0000	2.6000	0.00	
18:39:53	5	-0.4	23	0.0000	2.5000	0.00	
18:39:54	5	-0.4	23	0.0000	2.5000	0.00	
18:39:55	5	-0.4	23	0.0000	2.4000	0.00	
18:39:56	5	-0.4	23	0.0000	2.5000	0.00	
18:39:57	5	-0.4	23	0.0000	2.5000	0.00	
18:39:58	5	-0.4	23	0.0000	2.1000	0.00	
18:39:59	5	-0.4	23	0.0000	1.6000	0.00	
18:40:00	5	-0.4	23	0.0000	1.2000	0.00	
18:40:01	5	-0.4	23	0.0000	1.0000	0.00	
18:40:02	5	-0.4	23	0.0000	1.3000	0.00	
18:40:03	5	-0.4	23	0.0000	1.3000	0.00	
18:40:04	5	-0.4	23	0.0000	1.0000	0.00	
18:40:05	5	-0.4	23	0.0000	0.7000	0.00	
18:40:06	5	-0.3	23	0.0000	0.5000	0.00	
18:40:07	5	-0.3	23	0.0000	0.3000	0.00	
18:40:08	5	-0.3	23	0.0000	0.1000	0.00	
18:40:09	5	-0.4	23	0.0000	0.0000	0.00	
18:40:10	5	-0.3	23	0.0000	0.0000	0.00	
18:40:11	5	-0.4	23	0.0000	0.0000	0.00	
18:40:12	5	-0.3	23	0.0000	0.0000	0.00	
18:40:13	5	-0.3	23	0.0000	0.0000	0.00	
18:40:14	5	-0.3	23	0.0000	0.0000	0.00	
18:40:15	5	-0.3	23	0.0000	0.0000	0.00	
18:40:16	5	-0.3	23	0.0000	0.0000	0.00	
18:40:17	5	-0.3	23	0.0000	0.0000	0.00	
18:40:18	5	-0.3	23	0.0000	0.0000	0.00	
18:40:19	5	-0.3	23	0.0000	0.0000	0.00	
18:40:20	5	-0.3	23	0.0000	0.0000	0.00	
18:40:21	5	-0.3	23	0.0000	0.0000	0.00	
18:40:22	5	-0.3	23	0.0000	0.0000	0.00	
18:40:23	5	-0.3	23	0.0000	0.0000	0.00	
18:40:24	5	-0.3	23	0.0000	0.0000	0.00	
18:40:25	5	-0.3	23	0.0000	0.0000	0.00	
18:40:26	5	-0.3	23	0.0000	0.0000	0.00	
18:40:27	5	-0.3	23	0.0000	0.0000	0.00	
18:40:28	5	-0.3	23	0.0000	0.0000	0.00	
18:40:29	5	-0.3	23	0.0000	0.0000	0.00	
18:40:30	5	-0.3	23	0.0000	0.0000	0.00	
18:40:31	5	-0.3	23	0.0000	0.0000	0.00	
18:40:32	5	-0.3	23	0.0000	0.0000	0.00	
18:40:33	5	-0.3	23	0.0000	0.0000	0.00	
18:40:34	5	-0.3	23	0.0000	0.0000	0.00	
18:40:35	5	-0.4	23	0.0000	0.0000	0.00	
18:40:36	5	-0.3	23	0.0000	0.0000	0.00	
18:40:37	5	-0.3	23	0.0000	0.0000	0.00	
18:40:38	5	-0.3	23	0.0000	0.0000	0.00	
18:40:39	5	-0.3	23	0.0000	0.0000	0.00	
18:40:40	5	-0.3	23	0.0000	0.0000	0.00	
18:40:41	5	-0.3	23	0.0000	0.0000	0.00	
18:40:42	5	-0.3	23	0.0000	0.0000	0.00	
18:40:43	5	-0.3	23	0.0000	0.0000	0.00	
18:40:44	5	-0.3	23	0.0000	0.0000	0.00	
18:40:45	5	-0.3	23	0.0000	0.0000	0.00	
18:40:46	5	-0.3	23	0.0000	0.0000	0.00	
18:40:47	5	-0.3	23	0.0000	0.0000	0.00	
18:40:48	5	-0.3	23	0.0000	0.0000	0.00	
18:40:49	5	-0.3	23	0.0000	0.0000	0.00	
18:40:50	5	-0.3	23	0.0000	0.0000	0.00	
18:40:51	5	-0.3	23	0.0000	0.0000	0.00	
18:40:52	5	-0.3	23	0.0000	0.0000	0.00	
18:40:53	5	-0.3	23	0.0000	0.0000	0.00	
18:40:54	5	-0.3	23	0.0000	0.0000	0.00	
18:40:55	5	-0.3	23	0.0000	0.0000	0.00	
18:40:56	5	-0.3	23	0.0000	0.0000	0.00	
18:40:57	5	-0.3	23	0.0000	0.0000	0.00	
18:40:58	5	-0.3	23	0.0000	0.0000	0.00	
18:40:59	5	-0.3	23	0.0000	0.0000	0.00	
18:41:00	5	-0.3	23	0.0000	0.0000	0.00	
18:41:01	5	-0.3	23	0.0000	0.0000	0.00	
18:41:02	5	-0.3	23	0.0000	0.0000	0.00	
18:41:03	5	-0.3	23	0.0000	0.0000	0.00	
18:41:04	5	-0.3	23	0.0000	0.0000	0.00	
18:41:05	5	-0.3	23	0.0000	0.0000	0.00	
18:41:06	5	-0.3	23	0.0000	0.0000	0.00	
18:41:07	5	-0.3	23	0.0000	0.0000	0.00	
18:41:08	5	-0.3	23	0.0000	0.0000	0.00	
18:41:09	5	-0.3	23	0.0000	0.0000	0.00	
18:41:10	5	-0.3	23	0.0000	0.0000	0.00	
18:41:11	5	-0.3	23	0.0000	0.0000	0.00	
18:41:12	5	-0.3	23	0.0000	0.0000	0.00	
18:41:13	5	-0.3	23	0.0000	0.0000	0.00	
18:41:14	5	-0.3	23	0.0000	0.0000	0.00	
18:41:15	5	-0.3	23	0.0000	0.0000	0.00	
18:41:16	5	-0.3	23	0.0000	0.0000	0.00	
