Data Start: 2020-09-19 17:50:32
Data End: 2020-09-19 18:07:10
Devicename: Multi Plankton Sampler MPS
IdentNo.: 1020

Net []
Range1: 0 to 5

Pressure [dbar]
Range1: 0.0 to 3000.0  Cal0: -8.585877E+2  Cal1: 1.175972E-1  Cal2: -1.044298E-6  Cal3: -1.441992E+0  Cal4: 9.253807E-5  Cal5: -8.766143E-10  Cal6: 7.97392E-2  Cal7: 7.856609E-2  Cal8: -1.359118E-8

Volume [m³]
Range1: 0 to 65000  Cal0: 2.5E-1

Flow in [m/s]
Range1: 0.0000 to 9.9000

Flow out [m/s]
Range1: 0.0000 to 9.9000

Flow ratio [%]
Range1: 0.00 to 200.00

Header Comment

Ship: Barker Boys
Cruise:	
Station: 003
Cast: 001
Position: Start: 44 55.316 N  66 56.822 W | End: 44 53.33 N  66.47.285 W
Operator: Davies/Pearson		


Time [hh:mm:ss]	Net []	Pressure [dbar]	Volume [m³]	Flow in [m/s]	Flow out [m/s]	Flow ratio [%]	Comments  [Index]
17:50:32	0	0.1	0	0.0000	0.0000	0.00	
17:50:33	0	0.1	0	0.0000	0.0000	0.00	
17:50:34	0	0.1	0	0.0000	0.0000	0.00	
17:50:35	0	0.1	0	0.0000	0.1000	0.00	
17:50:36	0	0.1	0	0.0000	0.1000	0.00	
17:50:37	0	0.1	0	0.0000	0.1000	0.00	
17:50:38	0	0.1	0	0.0000	0.2000	0.00	
17:50:39	0	0.1	0	0.0000	0.1000	0.00	
17:50:40	0	0.1	0	0.0000	0.0000	0.00	
17:50:41	0	0.1	0	0.0000	0.0000	0.00	
17:50:42	0	0.1	0	0.0000	0.2000	0.00	
17:50:43	0	0.1	0	0.0000	0.2000	0.00	
17:50:44	0	0.1	0	0.0000	0.0000	0.00	
17:50:45	0	0.1	0	0.0000	0.0000	0.00	
17:50:46	0	0.1	0	0.0000	0.2000	0.00	
17:50:47	0	0.1	0	0.1000	0.5000	20.00	
17:50:48	0	0.1	0	0.1000	0.3000	33.33	
17:50:49	0	0.1	0	0.0000	0.0000	0.00	
17:50:50	0	0.1	0	0.0000	0.0000	0.00	
17:50:51	0	0.1	0	0.0000	0.0000	0.00	
17:50:52	0	0.1	0	0.0000	0.0000	0.00	
17:50:53	0	0.1	0	0.0000	0.0000	0.00	
17:50:54	0	0.1	0	0.0000	0.0000	0.00	
17:50:55	0	0.1	0	0.0000	0.0000	0.00	
17:50:56	0	0.1	0	0.0000	0.0000	0.00	
17:50:57	0	0.1	0	0.0000	0.0000	0.00	
17:50:58	0	0.1	0	0.0000	0.0000	0.00	
17:50:59	0	0.1	0	0.0000	0.0000	0.00	
17:51:00	0	0.2	0	0.0000	0.0000	0.00	
17:51:01	0	0.1	0	0.0000	0.0000	0.00	
17:51:02	0	0.1	0	0.1000	0.0000	0.00	
17:51:03	0	0.1	0	0.1000	0.0000	0.00	
17:51:04	0	0.1	0	0.2000	0.0000	0.00	
17:51:05	0	0.1	0	1.3000	0.0000	0.00	
17:51:06	0	0.1	1	2.6000	0.0000	0.00	
17:51:07	0	0.1	2	2.7000	0.0000	0.00	
17:51:08	0	0.1	2	2.1000	0.0000	0.00	
17:51:09	0	0.1	2	1.6000	0.0000	0.00	
17:51:10	0	0.1	3	1.1000	0.0000	0.00	
17:51:11	0	0.1	3	0.4000	0.0000	0.00	
17:51:12	0	0.1	3	1.5000	0.0000	0.00	
17:51:13	0	0.1	4	3.8000	0.0000	0.00	
17:51:14	0	0.1	5	3.3000	0.0000	0.00	
17:51:15	0	0.1	6	2.3000	0.0000	0.00	
17:51:16	0	0.1	7	3.1000	0.0000	0.00	
17:51:17	0	0.1	7	3.6000	0.0000	0.00	
17:51:18	0	0.1	8	3.2000	0.0000	0.00	
17:51:19	0	0.1	9	3.9000	0.0000	0.00	
17:51:20	0	0.1	10	4.0000	0.0000	0.00	
17:51:21	0	0.2	10	2.1000	0.0000	0.00	
17:51:22	0	0.1	10	0.5000	0.0000	0.00	
17:51:23	0	0.1	11	1.6000	0.1000	1600.00	
17:51:24	0	0.1	12	3.5000	0.1000	3500.00	
17:51:25	0	0.1	13	3.2000	0.0000	0.00	
17:51:26	0	0.1	13	1.6000	0.0000	0.00	
17:51:27	0	0.1	13	0.7000	0.0000	0.00	
17:51:28	0	0.1	13	0.5000	0.0000	0.00	
17:51:29	0	0.2	13	0.3000	0.0000	0.00	
17:51:30	0	0.1	13	0.1000	0.0000	0.00	
17:51:31	0	0.1	13	0.0000	0.0000	0.00	
17:51:32	0	0.1	13	0.0000	0.0000	0.00	
17:51:33	0	0.1	13	0.0000	0.0000	0.00	
17:51:34	0	0.2	13	0.0000	0.0000	0.00	
17:51:35	0	0.2	13	0.0000	0.0000	0.00	
17:51:36	0	0.1	13	0.1000	0.2000	50.00	
17:51:37	0	0.1	13	0.3000	0.3000	100.00	
17:51:38	0	0.1	13	0.3000	0.2000	150.00	
17:51:39	0	0.1	13	0.3000	0.3000	100.00	
17:51:40	0	0.1	13	0.2000	0.4000	50.00	
17:51:41	0	0.1	13	0.0000	0.5000	0.00	
17:51:42	0	0.1	14	0.1000	0.5000	20.00	
17:51:43	0	0.1	14	0.3000	0.5000	60.00	
17:51:44	0	0.1	14	0.2000	0.3000	66.67	
17:51:45	0	0.1	14	0.0000	0.3000	0.00	
17:51:46	0	0.1	14	0.1000	0.3000	33.33	
17:51:47	0	0.1	14	0.1000	0.3000	33.33	
17:51:48	0	0.1	14	0.1000	0.4000	25.00	
17:51:49	0	0.1	14	0.0000	0.4000	0.00	
17:51:50	0	0.1	14	0.1000	0.3000	33.33	
17:51:51	0	0.1	14	0.1000	0.2000	50.00	
17:51:52	0	0.1	14	0.1000	0.1000	100.00	
17:51:53	0	0.1	14	0.1000	0.3000	33.33	
17:51:54	0	0.1	14	0.1000	0.5000	20.00	
17:51:55	0	0.1	14	0.1000	0.4000	25.00	
17:51:56	0	0.1	14	0.1000	0.1000	100.00	
17:51:57	0	0.1	14	0.1000	0.0000	0.00	
17:51:58	0	0.1	14	0.1000	0.0000	0.00	
17:51:59	0	0.1	14	0.0000	0.0000	0.00	
17:52:00	0	0.0	14	0.0000	0.0000	0.00	
17:52:01	0	0.0	14	0.0000	0.0000	0.00	
17:52:02	0	0.0	14	0.0000	0.2000	0.00	
17:52:03	0	0.1	14	0.0000	0.5000	0.00	
17:52:04	0	0.1	14	0.1000	0.6000	16.67	
17:52:05	0	0.1	14	0.1000	0.4000	25.00	
17:52:06	0	0.1	14	0.1000	0.3000	33.33	
17:52:07	0	0.1	14	0.3000	0.5000	60.00	
17:52:08	0	0.1	14	0.3000	0.3000	100.00	
17:52:09	0	0.1	14	0.2000	0.1000	200.00	
17:52:10	0	0.1	14	0.3000	0.2000	150.00	
17:52:11	0	0.1	14	0.2000	0.3000	66.67	
17:52:12	0	0.1	15	0.4000	1.0000	40.00	
17:52:13	0	0.1	15	0.5000	1.3000	38.46	
17:52:14	0	0.1	15	0.1000	0.5000	20.00	
17:52:15	0	0.1	15	0.0000	0.3000	0.00	
17:52:16	0	0.1	15	0.2000	0.8000	25.00	
17:52:17	0	0.1	15	0.3000	0.5000	60.00	
17:52:18	0	0.1	15	0.1000	0.2000	50.00	
17:52:19	0	0.1	15	0.1000	0.5000	20.00	
17:52:20	0	0.4	15	0.4000	0.6000	66.67	
17:52:21	0	0.6	15	0.7000	0.6000	116.67	
17:52:22	0	0.9	15	0.8000	0.6000	133.33	
17:52:23	0	1.0	16	0.8000	0.6000	133.33	
17:52:24	0	1.1	16	0.8000	0.5000	160.00	
17:52:25	0	0.9	16	0.8000	0.3000	266.67	
17:52:26	0	0.9	16	0.6000	0.3000	200.00	
17:52:27	0	1.0	16	0.5000	0.4000	125.00	
17:52:28	0	0.9	16	0.5000	0.5000	100.00	
17:52:29	0	0.9	17	0.6000	0.6000	100.00	
17:52:30	0	0.9	17	0.5000	0.5000	100.00	
17:52:31	0	0.9	17	0.3000	0.4000	75.00	
17:52:32	0	1.0	17	0.3000	0.5000	60.00	
17:52:33	0	1.1	17	0.4000	0.5000	80.00	
17:52:34	0	0.8	17	0.5000	0.6000	83.33	
17:52:35	0	1.0	17	0.5000	0.7000	71.43	
17:52:36	0	0.9	17	0.5000	1.2000	41.67	
17:52:37	0	0.6	18	0.9000	1.5000	60.00	
17:52:38	0	0.7	18	1.0000	1.2000	83.33	
17:52:39	0	0.7	18	1.0000	0.9000	111.11	
17:52:40	0	0.4	18	1.0000	0.9000	111.11	
17:52:41	0	0.6	19	1.0000	0.8000	125.00	
17:52:42	0	0.7	19	0.9000	0.8000	112.50	
17:52:43	0	0.7	19	1.0000	0.8000	125.00	
17:52:44	0	0.6	19	0.9000	0.8000	112.50	
17:52:45	0	0.7	19	0.8000	0.6000	133.33	
17:52:46	0	0.7	20	0.8000	0.6000	133.33	
17:52:47	0	0.7	20	0.8000	0.7000	114.29	
17:52:48	0	0.8	20	0.7000	0.6000	116.67	
17:52:49	0	0.8	20	0.5000	0.6000	83.33	
17:52:50	0	0.8	20	0.6000	0.6000	100.00	
17:52:51	0	0.8	20	0.6000	0.5000	120.00	
17:52:52	0	0.9	21	0.5000	0.4000	125.00	
17:52:53	0	0.8	21	0.6000	0.5000	120.00	
17:52:54	0	0.9	21	0.5000	0.5000	100.00	
17:52:55	0	0.9	21	0.5000	0.4000	125.00	
17:52:56	0	0.8	21	0.5000	0.4000	125.00	
17:52:57	0	0.9	21	0.5000	0.4000	125.00	
17:52:58	0	0.9	21	0.5000	0.4000	125.00	
17:52:59	0	0.9	21	0.5000	0.5000	100.00	
17:53:00	0	0.7	22	0.6000	0.9000	66.67	
17:53:01	0	0.6	22	0.7000	1.4000	50.00	
17:53:02	0	0.6	22	0.9000	1.6000	56.25	
17:53:03	0	0.4	22	1.2000	1.7000	70.59	
17:53:04	0	0.2	23	1.4000	1.8000	77.78	
17:53:05	0	0.1	23	1.6000	1.4000	114.29	
17:53:06	0	0.0	24	1.5000	1.0000	150.00	
17:53:07	0	0.0	24	1.2000	1.0000	120.00	
17:53:08	0	0.1	24	1.0000	1.0000	100.00	
17:53:09	0	0.3	24	1.0000	1.0000	100.00	
17:53:10	0	0.9	25	1.0000	1.0000	100.00	
17:53:11	0	1.0	25	1.0000	1.0000	100.00	
17:53:12	0	1.4	25	0.9000	0.9000	100.00	
17:53:13	0	1.7	25	0.9000	0.8000	112.50	
17:53:14	0	1.8	25	1.0000	0.8000	125.00	
17:53:15	0	2.2	26	0.9000	0.8000	112.50	
17:53:16	0	2.3	26	0.8000	0.8000	100.00	
17:53:17	0	2.0	26	0.9000	0.8000	112.50	
17:53:18	0	2.3	26	0.7000	0.6000	116.67	
17:53:19	0	2.9	26	0.5000	0.6000	83.33	
17:53:20	0	2.8	27	1.0000	1.0000	100.00	
17:53:21	0	3.0	27	0.9000	0.9000	100.00	
17:53:22	0	3.5	27	0.8000	0.7000	114.29	
17:53:23	0	3.7	27	1.0000	0.9000	111.11	
17:53:24	0	4.0	28	1.0000	0.9000	111.11	
17:53:25	0	4.3	28	1.0000	1.0000	100.00	
17:53:26	0	4.7	28	1.1000	1.0000	110.00	
17:53:27	0	5.0	28	1.2000	1.0000	120.00	
17:53:28	0	5.3	29	1.1000	1.0000	110.00	
17:53:29	0	5.7	29	1.2000	1.0000	120.00	
17:53:30	0	6.0	29	1.2000	1.0000	120.00	
17:53:31	0	6.4	30	1.2000	1.1000	109.09	
17:53:32	0	6.6	30	1.2000	1.1000	109.09	
17:53:33	0	7.0	30	1.2000	1.1000	109.09	
17:53:34	0	7.3	31	1.3000	1.1000	118.18	
17:53:35	0	7.5	31	1.4000	1.1000	127.27	
17:53:36	0	8.0	31	1.4000	1.1000	127.27	
17:53:37	0	8.5	32	1.3000	1.1000	118.18	
17:53:38	0	8.6	32	1.4000	1.1000	127.27	
17:53:39	0	8.9	32	1.4000	1.1000	127.27	
17:53:40	0	9.2	33	1.3000	1.1000	118.18	
17:53:41	0	9.7	33	1.4000	1.2000	116.67	
17:53:42	0	10.0	33	1.4000	1.2000	116.67	
17:53:43	0	10.3	34	1.4000	1.2000	116.67	
17:53:44	0	10.5	34	1.5000	1.2000	125.00	
17:53:45	0	10.9	34	1.4000	1.2000	116.67	
17:53:46	0	11.3	35	1.4000	1.2000	116.67	
17:53:47	0	11.7	35	1.4000	1.2000	116.67	
17:53:48	0	12.0	35	1.4000	1.2000	116.67	
17:53:49	0	12.4	36	1.4000	1.1000	127.27	
17:53:50	0	12.8	36	1.4000	1.2000	116.67	
17:53:51	0	13.1	36	1.3000	1.1000	118.18	
17:53:52	0	13.5	37	1.3000	1.1000	118.18	
17:53:53	0	13.9	37	1.4000	1.2000	116.67	
17:53:54	0	14.3	37	1.4000	1.1000	127.27	
17:53:55	0	14.7	38	1.4000	1.1000	127.27	
17:53:56	0	15.0	38	1.4000	1.1000	127.27	
17:53:57	0	15.5	38	1.3000	1.1000	118.18	
17:53:58	0	15.9	39	1.3000	1.2000	108.33	
17:53:59	0	16.3	39	1.4000	1.2000	116.67	
17:54:00	0	16.8	39	1.3000	1.1000	118.18	
17:54:01	0	17.3	40	1.3000	1.1000	118.18	
17:54:02	0	17.7	40	1.4000	1.2000	116.67	
17:54:03	0	18.1	40	1.3000	1.2000	108.33	
17:54:04	0	18.5	41	1.2000	1.1000	109.09	
17:54:05	0	19.0	41	1.3000	1.1000	118.18	
17:54:06	0	19.4	41	1.4000	1.1000	127.27	
17:54:07	0	19.8	42	1.4000	1.1000	127.27	
17:54:08	0	20.3	42	1.3000	1.1000	118.18	
17:54:09	0	20.6	42	1.3000	1.2000	108.33	
17:54:10	0	21.1	43	1.3000	1.2000	108.33	
17:54:11	0	21.6	43	1.3000	1.2000	108.33	
17:54:12	0	22.0	43	1.4000	1.2000	116.67	
17:54:13	0	22.5	44	1.3000	1.1000	118.18	
17:54:14	0	22.9	44	1.3000	1.2000	108.33	
17:54:15	0	23.4	44	1.4000	1.2000	116.67	
17:54:16	0	23.9	45	1.4000	1.2000	116.67	
17:54:17	0	24.3	45	1.4000	1.2000	116.67	
17:54:18	0	24.7	45	1.4000	1.2000	116.67	
17:54:19	0	25.2	46	1.3000	1.1000	118.18	
17:54:20	0	25.7	46	1.3000	1.1000	118.18	
17:54:21	0	26.1	46	1.3000	1.1000	118.18	
17:54:22	0	26.5	47	1.3000	1.2000	108.33	
17:54:23	0	26.9	47	1.3000	1.2000	108.33	
17:54:24	0	27.3	47	1.4000	1.2000	116.67	
17:54:25	0	27.7	48	1.4000	1.2000	116.67	
17:54:26	0	28.2	48	1.3000	1.1000	118.18	
17:54:27	0	28.6	48	1.3000	1.2000	108.33	
17:54:28	0	28.8	49	1.5000	1.2000	125.00	
17:54:29	0	29.4	49	1.4000	1.2000	116.67	
17:54:30	0	29.9	49	1.3000	1.2000	108.33	
17:54:31	0	30.2	50	1.4000	1.2000	116.67	
17:54:32	0	30.7	50	1.4000	1.2000	116.67	
17:54:33	0	31.2	50	1.2000	1.1000	109.09	
17:54:34	0	31.5	51	1.3000	1.2000	108.33	
17:54:35	0	31.9	51	1.4000	1.2000	116.67	
17:54:36	0	32.5	51	1.2000	1.0000	120.00	
17:54:37	0	32.8	52	1.2000	1.1000	109.09	
17:54:38	0	33.2	52	1.4000	1.2000	116.67	
17:54:39	0	33.7	52	1.3000	1.1000	118.18	
17:54:40	0	34.1	53	1.3000	1.1000	118.18	
17:54:41	0	34.4	53	1.4000	1.1000	127.27	
17:54:42	0	34.9	53	1.3000	1.1000	118.18	
17:54:43	0	35.5	54	1.2000	1.1000	109.09	
17:54:44	0	35.8	54	1.3000	1.2000	108.33	
17:54:45	0	36.2	54	1.3000	1.2000	108.33	
17:54:46	0	36.6	55	1.3000	1.1000	118.18	
17:54:47	0	37.0	55	1.4000	1.2000	116.67	
17:54:48	0	37.5	55	1.3000	1.2000	108.33	
17:54:49	0	38.0	56	1.3000	1.1000	118.18	
17:54:50	0	38.3	56	1.4000	1.2000	116.67	
17:54:51	0	38.8	56	1.4000	1.2000	116.67	
17:54:52	0	39.2	57	1.3000	1.2000	108.33	
17:54:53	0	39.7	57	1.3000	1.2000	108.33	
17:54:54	0	40.1	57	1.4000	1.2000	116.67	
17:54:55	0	40.5	58	1.4000	1.2000	116.67	
17:54:56	0	40.9	58	1.3000	1.1000	118.18	
17:54:57	0	41.4	58	1.3000	1.2000	108.33	
17:54:58	0	41.8	59	1.4000	1.2000	116.67	
17:54:59	0	42.2	59	1.3000	1.1000	118.18	
17:55:00	0	42.6	59	1.3000	1.1000	118.18	
17:55:01	0	42.9	60	1.3000	1.1000	118.18	
17:55:02	0	43.3	60	1.3000	1.1000	118.18	
17:55:03	0	43.7	60	1.2000	1.1000	109.09	
17:55:04	0	44.1	61	1.2000	1.1000	109.09	
17:55:05	0	44.4	61	1.4000	1.1000	127.27	
17:55:06	0	44.7	61	1.4000	1.2000	116.67	
17:55:07	0	45.1	62	1.2000	1.2000	100.00	
17:55:08	0	45.6	62	1.3000	1.2000	108.33	
17:55:09	0	45.8	62	1.4000	1.2000	116.67	
17:55:10	0	46.2	63	1.4000	1.1000	127.27	
17:55:11	0	46.6	63	1.3000	1.2000	108.33	
17:55:12	0	47.0	63	1.3000	1.1000	118.18	
17:55:13	0	47.5	64	1.3000	1.0000	130.00	
17:55:14	0	47.8	64	1.3000	1.1000	118.18	
17:55:15	0	48.2	64	1.3000	1.1000	118.18	
17:55:16	0	48.5	65	1.3000	1.1000	118.18	
17:55:17	0	48.9	65	1.2000	1.1000	109.09	
17:55:18	0	49.3	65	1.2000	1.1000	109.09	
17:55:19	0	49.6	65	1.3000	1.1000	118.18	
17:55:20	0	50.2	66	1.3000	1.1000	118.18	
17:55:21	0	50.5	66	1.4000	1.1000	127.27	
17:55:22	0	50.9	66	1.3000	1.1000	118.18	
17:55:23	0	51.3	67	1.2000	1.1000	109.09	
17:55:24	0	51.8	67	1.2000	1.1000	109.09	
17:55:25	0	52.1	67	1.3000	1.1000	118.18	
17:55:26	0	52.5	68	1.4000	1.1000	127.27	
17:55:27	0	52.9	68	1.3000	1.1000	118.18	
17:55:28	0	53.2	68	1.3000	1.1000	118.18	
17:55:29	0	53.6	69	1.3000	1.1000	118.18	
17:55:30	0	54.0	69	1.2000	1.1000	109.09	
17:55:31	0	54.4	69	1.3000	1.1000	118.18	
17:55:32	0	54.8	70	1.3000	1.1000	118.18	
17:55:33	0	55.3	70	1.3000	1.0000	130.00	
17:55:34	0	55.7	70	1.3000	1.0000	130.00	
17:55:35	0	56.0	71	1.2000	1.1000	109.09	
17:55:36	0	56.3	71	1.2000	1.0000	120.00	
17:55:37	0	56.8	71	1.2000	1.0000	120.00	
17:55:38	0	57.2	72	1.3000	1.1000	118.18	
17:55:39	0	57.4	72	1.4000	1.1000	127.27	
17:55:40	0	58.0	72	1.2000	1.0000	120.00	
17:55:41	0	58.4	73	1.2000	1.1000	109.09	
17:55:42	0	58.8	73	1.4000	1.2000	116.67	
17:55:43	0	59.1	73	1.3000	1.1000	118.18	
17:55:44	0	59.5	74	1.2000	1.1000	109.09	
17:55:45	0	59.9	74	1.4000	1.1000	127.27	
17:55:46	0	60.3	74	1.4000	1.1000	127.27	
17:55:47	0	60.8	75	1.2000	1.1000	109.09	
17:55:48	0	61.0	75	1.4000	1.2000	116.67	
17:55:49	0	61.3	75	1.4000	1.2000	116.67	
17:55:50	0	61.9	75	1.2000	1.1000	109.09	
17:55:51	0	62.1	76	1.3000	1.1000	118.18	
17:55:52	0	62.6	76	1.3000	1.0000	130.00	
17:55:53	0	63.0	76	1.2000	1.0000	120.00	
17:55:54	0	63.4	77	1.3000	1.1000	118.18	
17:55:55	0	63.8	77	1.3000	1.1000	118.18	
17:55:56	0	64.1	77	1.2000	1.1000	109.09	
17:55:57	0	64.5	78	1.2000	1.0000	120.00	
17:55:58	0	64.9	78	1.2000	1.0000	120.00	
17:55:59	0	65.4	78	1.3000	1.1000	118.18	
17:56:00	0	65.8	79	1.3000	1.1000	118.18	
17:56:01	0	66.1	79	1.4000	1.1000	127.27	
17:56:02	0	66.5	79	1.4000	1.2000	116.67	
17:56:03	0	67.1	80	1.4000	1.2000	116.67	
17:56:04	0	67.5	80	1.3000	1.1000	118.18	
17:56:05	0	67.9	80	1.3000	1.1000	118.18	
17:56:06	0	68.2	81	1.3000	1.1000	118.18	
17:56:07	0	68.6	81	1.3000	1.1000	118.18	
17:56:08	0	69.0	81	1.3000	1.1000	118.18	
17:56:09	0	69.5	82	1.2000	1.1000	109.09	
17:56:10	0	69.7	82	1.3000	1.1000	118.18	
17:56:11	0	70.1	82	1.4000	1.1000	127.27	
17:56:12	0	70.6	83	1.3000	1.0000	130.00	
17:56:13	0	70.9	83	1.2000	1.1000	109.09	
17:56:14	0	71.3	83	1.2000	1.1000	109.09	
17:56:15	0	71.5	84	1.3000	1.0000	130.00	
17:56:16	0	72.0	84	1.3000	1.1000	118.18	
17:56:17	0	72.4	84	1.2000	1.0000	120.00	
17:56:18	0	72.8	85	1.2000	1.0000	120.00	
17:56:19	0	73.0	85	1.4000	1.1000	127.27	
17:56:20	0	73.4	85	1.4000	1.1000	127.27	
17:56:21	0	73.7	86	1.3000	1.1000	118.18	
17:56:22	0	74.0	86	1.4000	1.1000	127.27	
17:56:23	0	74.4	86	1.4000	1.1000	127.27	
17:56:24	0	74.8	87	1.4000	1.1000	127.27	
17:56:25	0	75.1	87	1.4000	1.1000	127.27	
17:56:26	0	75.4	87	1.4000	1.2000	116.67	
17:56:27	0	75.7	88	1.4000	1.2000	116.67	
17:56:28	0	76.1	88	1.4000	1.1000	127.27	
17:56:29	0	76.5	88	1.3000	1.1000	118.18	
17:56:30	0	76.8	89	1.3000	1.1000	118.18	
17:56:31	0	77.1	89	1.4000	1.1000	127.27	
17:56:32	0	77.4	89	1.3000	1.0000	130.00	
17:56:33	0	77.9	90	1.3000	1.0000	130.00	
17:56:34	0	78.2	90	1.3000	1.1000	118.18	
17:56:35	0	78.4	90	1.3000	1.1000	118.18	
17:56:36	0	78.8	91	1.3000	1.1000	118.18	
17:56:37	0	79.1	91	1.2000	1.0000	120.00	
17:56:38	0	79.6	91	1.3000	1.0000	130.00	
17:56:39	0	79.8	92	1.4000	1.1000	127.27	
17:56:40	0	80.2	92	1.3000	1.1000	118.18	
17:56:41	0	80.5	92	1.3000	1.1000	118.18	
17:56:42	0	80.9	93	1.4000	1.1000	127.27	
17:56:43	0	81.3	93	1.3000	1.1000	118.18	
17:56:44	0	81.7	93	1.2000	1.1000	109.09	
17:56:45	0	82.0	93	1.3000	1.1000	118.18	
17:56:46	0	82.3	94	1.3000	1.1000	118.18	
17:56:47	0	82.7	94	1.3000	1.1000	118.18	
17:56:48	0	83.1	94	1.3000	1.1000	118.18	
17:56:49	0	83.5	95	1.2000	1.1000	109.09	
17:56:50	0	83.8	95	1.3000	1.1000	118.18	
17:56:51	0	84.2	95	1.4000	1.1000	127.27	
17:56:52	0	84.6	96	1.3000	1.1000	118.18	
17:56:53	0	84.9	96	1.4000	1.1000	127.27	
17:56:54	0	85.3	96	1.4000	1.1000	127.27	
17:56:55	0	85.7	97	1.2000	1.1000	109.09	
17:56:56	0	86.1	97	1.2000	1.1000	109.09	
17:56:57	0	86.4	97	1.4000	1.2000	116.67	
17:56:58	0	86.8	98	1.4000	1.2000	116.67	
17:56:59	0	87.2	98	1.3000	1.1000	118.18	
17:57:00	0	87.5	98	1.4000	1.2000	116.67	
17:57:01	0	87.9	99	1.3000	1.1000	118.18	
17:57:02	0	88.2	99	1.2000	1.0000	120.00	
17:57:03	0	88.6	99	1.3000	1.1000	118.18	
17:57:04	0	88.9	100	1.4000	1.1000	127.27	
17:57:05	0	89.2	100	1.3000	1.1000	118.18	
17:57:06	0	89.4	100	1.3000	1.1000	118.18	
17:57:07	0	89.7	101	1.4000	1.1000	127.27	
17:57:08	0	90.2	101	1.3000	1.1000	118.18	
17:57:09	0	90.5	101	1.3000	1.2000	108.33	
17:57:10	0	90.8	102	1.4000	1.2000	116.67	
17:57:11	0	91.1	102	1.4000	1.2000	116.67	
17:57:12	0	91.5	102	1.4000	1.2000	116.67	
17:57:13	0	91.9	103	1.4000	1.1000	127.27	
17:57:14	0	92.2	103	1.3000	1.1000	118.18	
17:57:15	0	92.4	103	1.4000	1.1000	127.27	
17:57:16	0	92.7	104	1.4000	1.1000	127.27	
17:57:17	0	93.0	104	1.2000	1.1000	109.09	
17:57:18	0	93.4	104	1.2000	1.1000	109.09	
17:57:19	0	93.7	105	1.3000	1.0000	130.00	
17:57:20	0	93.8	105	1.4000	1.0000	140.00	
17:57:21	0	94.2	105	1.4000	1.1000	127.27	
17:57:22	0	94.5	106	1.2000	1.0000	120.00	
17:57:23	0	94.8	106	1.2000	1.0000	120.00	
17:57:24	0	95.0	106	1.3000	1.0000	130.00	
17:57:25	0	95.4	107	1.3000	1.0000	130.00	
17:57:26	0	95.7	107	1.2000	1.0000	120.00	
17:57:27	0	95.9	107	1.4000	1.1000	127.27	
17:57:28	0	96.3	108	1.4000	1.1000	127.27	
17:57:29	0	96.7	108	1.3000	1.1000	118.18	
17:57:30	0	96.9	108	1.4000	1.1000	127.27	
17:57:31	0	97.2	109	1.3000	1.1000	118.18	
17:57:32	0	97.6	109	1.3000	1.1000	118.18	
17:57:33	0	97.8	109	1.4000	1.1000	127.27	
17:57:34	0	98.2	110	1.3000	1.0000	130.00	
17:57:35	0	98.5	110	1.2000	1.0000	120.00	
17:57:36	0	98.6	110	1.4000	1.1000	127.27	
17:57:37	0	99.0	111	1.4000	1.0000	140.00	
17:57:38	0	99.4	111	1.2000	1.0000	120.00	
17:57:39	0	99.5	111	1.3000	1.1000	118.18	
17:57:40	0	99.9	112	1.4000	1.0000	140.00	
17:57:41	0	100.2	112	1.3000	1.0000	130.00	
17:57:42	0	100.4	112	1.4000	1.1000	127.27	
17:57:43	0	100.7	113	1.4000	1.1000	127.27	
17:57:44	0	101.0	113	1.2000	1.1000	109.09	
17:57:45	0	101.1	113	1.4000	1.1000	127.27	
17:57:46	0	101.5	114	1.4000	1.0000	140.00	
17:57:47	0	101.9	114	1.3000	1.1000	118.18	
17:57:48	0	102.1	114	1.4000	1.2000	116.67	
17:57:49	0	102.3	115	1.4000	1.1000	127.27	
17:57:50	0	102.6	115	1.4000	1.1000	127.27	
17:57:51	0	102.9	115	1.3000	1.1000	118.18	
17:57:52	0	103.1	116	1.4000	1.1000	127.27	
17:57:53	0	103.3	116	1.4000	1.2000	116.67	
17:57:54	0	103.7	116	1.3000	1.1000	118.18	
17:57:55	0	104.0	117	1.2000	1.0000	120.00	
17:57:56	0	104.3	117	1.3000	1.2000	108.33	
17:57:57	0	104.5	117	1.4000	1.2000	116.67	
17:57:58	0	104.9	118	1.4000	1.1000	127.27	
17:57:59	0	105.1	118	1.4000	1.0000	140.00	
17:58:00	0	105.4	118	1.3000	1.0000	130.00	
17:58:01	0	105.7	119	1.3000	1.0000	130.00	
17:58:02	0	106.0	119	1.3000	1.0000	130.00	
17:58:03	0	106.2	119	1.3000	1.1000	118.18	
17:58:04	0	106.5	120	1.3000	1.1000	118.18	
17:58:05	0	106.7	120	1.4000	1.1000	127.27	
17:58:06	0	107.1	120	1.4000	1.1000	127.27	
17:58:07	0	107.3	121	1.3000	1.1000	118.18	
17:58:08	0	107.7	121	1.4000	1.1000	127.27	
17:58:09	0	108.0	121	1.3000	1.1000	118.18	
17:58:10	0	108.2	122	1.3000	1.0000	130.00	
17:58:11	0	108.4	122	1.3000	1.0000	130.00	
17:58:12	0	108.8	122	1.2000	1.0000	120.00	
17:58:13	0	108.9	123	1.3000	1.0000	130.00	
17:58:14	0	109.2	123	1.3000	1.0000	130.00	
17:58:15	0	109.2	123	1.3000	1.0000	130.00	
17:58:16	0	109.5	124	1.4000	1.1000	127.27	
17:58:17	0	109.6	124	1.4000	1.1000	127.27	
17:58:18	0	109.4	124	1.7000	1.3000	130.77	
17:58:19	0	109.3	125	2.0000	1.4000	142.86	
17:58:20	0	109.4	125	1.6000	1.3000	123.08	
17:58:21	0	109.2	126	1.6000	1.3000	123.08	
17:58:22	0	109.2	126	1.8000	1.4000	128.57	
17:58:23	0	109.2	127	1.8000	1.5000	120.00	
17:58:24	0	109.1	127	1.9000	1.5000	126.67	
17:58:25	0	108.8	128	2.1000	1.6000	131.25	
17:58:26	0	108.9	128	1.8000	1.5000	120.00	
17:58:27	0	108.7	129	1.8000	1.5000	120.00	
17:58:28	0	108.5	129	2.0000	1.6000	125.00	
17:58:29	0	108.5	129	1.8000	1.5000	120.00	
17:58:30	0	108.3	130	2.0000	1.6000	125.00	
17:58:31	0	108.1	130	2.0000	1.6000	125.00	
17:58:32	0	108.2	131	1.8000	1.6000	112.50	
17:58:33	0	108.1	131	1.9000	1.6000	118.75	
17:58:34	0	107.8	132	2.0000	1.6000	125.00	
17:58:35	0	107.9	132	1.8000	1.6000	112.50	
17:58:36	0	107.7	133	1.8000	1.5000	120.00	
17:58:37	0	107.4	133	2.0000	1.6000	125.00	
17:58:38	0	107.4	134	1.8000	1.6000	112.50	
17:58:39	0	107.4	134	1.8000	1.5000	120.00	
17:58:40	0	107.1	135	2.1000	1.6000	131.25	
17:58:41	0	107.1	135	1.9000	1.6000	118.75	
17:58:42	0	107.2	136	1.8000	1.6000	112.50	
17:58:43	0	107.0	136	2.1000	1.6000	131.25	
17:58:44	0	107.0	137	2.2000	1.7000	129.41	
17:58:45	0	107.2	137	1.8000	1.6000	112.50	
17:58:46	0	107.0	138	1.8000	1.6000	112.50	
17:58:47	0	106.8	138	2.1000	1.6000	131.25	
17:58:48	0	107.0	139	1.7000	1.6000	106.25	
17:58:49	0	106.8	139	1.7000	1.5000	113.33	
17:58:50	0	106.5	140	2.2000	1.6000	137.50	
17:58:51	0	106.7	140	1.9000	1.6000	118.75	
17:58:52	0	106.7	140	1.7000	1.4000	121.43	
17:58:53	0	106.5	141	2.1000	1.6000	131.25	
17:58:54	0	106.6	142	2.1000	1.7000	123.53	
17:58:55	0	106.6	142	2.0000	1.6000	125.00	
17:58:56	0	106.6	143	2.1000	1.6000	131.25	
17:58:57	0	106.5	143	2.0000	1.6000	125.00	
17:58:58	0	106.5	144	1.9000	1.6000	118.75	
17:58:59	0	106.3	144	2.1000	1.6000	131.25	
17:59:00	0	106.3	145	2.0000	1.6000	125.00	
17:59:01	0	106.3	145	1.9000	1.6000	118.75	
17:59:02	0	106.1	146	2.1000	1.6000	131.25	
17:59:03	0	105.9	146	2.0000	1.6000	125.00	
17:59:04	0	105.9	146	1.8000	1.6000	112.50	
17:59:05	0	105.7	147	1.9000	1.6000	118.75	
17:59:06	0	105.6	147	2.0000	1.6000	125.00	
17:59:07	0	105.5	148	1.9000	1.6000	118.75	
17:59:08	0	105.3	148	1.9000	1.6000	118.75	
17:59:09	0	105.1	149	2.1000	1.6000	131.25	
17:59:10	0	105.2	149	1.9000	1.6000	118.75	
17:59:11	0	105.1	150	1.9000	1.6000	118.75	
17:59:12	0	104.8	151	2.3000	1.8000	127.78	
17:59:13	0	104.9	151	1.9000	1.7000	111.76	
17:59:14	0	104.9	151	1.7000	1.6000	106.25	
17:59:15	0	104.7	152	2.2000	1.8000	122.22	
17:59:16	0	104.8	152	2.1000	1.8000	116.67	
17:59:17	0	104.7	153	1.9000	1.6000	118.75	
17:59:18	0	104.5	153	2.1000	1.7000	123.53	
17:59:19	0	104.4	154	2.1000	1.8000	116.67	
17:59:20	0	104.3	154	1.9000	1.7000	111.76	
17:59:21	0	104.2	155	2.0000	1.6000	125.00	
17:59:22	0	104.0	155	2.1000	1.7000	123.53	
17:59:23	0	104.0	156	2.0000	1.8000	111.11	
17:59:24	0	104.1	156	1.9000	1.7000	111.76	
17:59:25	0	103.8	157	2.1000	1.7000	123.53	
17:59:26	0	103.8	157	2.0000	1.8000	111.11	
17:59:27	0	103.6	158	1.8000	1.7000	105.88	
17:59:28	0	103.4	158	2.1000	1.7000	123.53	
17:59:29	0	103.3	159	2.0000	1.8000	111.11	
17:59:30	0	103.3	159	1.9000	1.7000	111.76	
17:59:31	0	103.0	160	2.1000	1.7000	123.53	
17:59:32	0	103.0	160	2.0000	1.8000	111.11	
17:59:33	0	102.8	161	2.0000	1.8000	111.11	
17:59:34	0	102.7	162	2.3000	1.9000	121.05	
17:59:35	0	102.8	162	2.1000	1.8000	116.67	
17:59:36	0	102.6	163	2.1000	1.7000	123.53	
17:59:37	0	102.4	163	2.2000	1.8000	122.22	
17:59:38	0	102.3	164	2.0000	1.8000	111.11	
17:59:39	0	102.2	164	2.1000	1.7000	123.53	
17:59:40	0	102.0	165	2.1000	1.8000	116.67	
17:59:41	0	101.9	165	2.0000	1.8000	111.11	
17:59:42	0	101.9	166	1.9000	1.8000	105.56	
17:59:43	1	101.6	0	2.1000	1.8000	116.67	
17:59:44	1	101.6	1	2.1000	1.8000	116.67	
17:59:45	1	101.4	1	2.1000	1.8000	116.67	
17:59:46	1	101.4	2	2.1000	1.8000	116.67	
17:59:47	1	101.1	2	2.1000	1.7000	123.53	
17:59:48	1	101.0	3	2.0000	1.7000	117.65	
17:59:49	1	100.8	3	1.7000	1.6000	106.25	
17:59:50	1	100.4	4	1.9000	1.8000	105.56	
17:59:51	1	100.5	4	1.7000	1.7000	100.00	
17:59:52	1	100.1	4	1.6000	1.6000	100.00	
17:59:53	1	99.7	5	1.8000	1.7000	105.88	
17:59:54	1	99.7	5	1.6000	1.6000	100.00	
17:59:55	1	99.4	6	1.7000	1.6000	106.25	
17:59:56	1	99.0	6	1.8000	1.6000	112.50	
17:59:57	1	98.9	6	1.6000	1.6000	100.00	
17:59:58	1	98.6	7	1.7000	1.6000	106.25	
17:59:59	1	98.3	7	1.6000	1.7000	94.12	
18:00:00	1	98.1	8	1.7000	1.6000	106.25	
18:00:01	1	97.9	8	1.8000	1.7000	105.88	
18:00:02	1	97.8	9	1.6000	1.6000	100.00	
18:00:03	1	97.5	9	1.9000	1.7000	111.76	
18:00:04	1	97.2	10	2.0000	1.8000	111.11	
18:00:05	1	97.3	10	1.6000	1.7000	94.12	
18:00:06	1	96.9	11	1.8000	1.7000	105.88	
18:00:07	1	96.8	11	1.9000	1.7000	111.76	
18:00:08	1	96.6	11	1.8000	1.7000	105.88	
18:00:09	1	96.3	12	1.8000	1.8000	100.00	
18:00:10	1	96.1	12	1.6000	1.7000	94.12	
18:00:11	1	95.8	13	1.8000	1.7000	105.88	
18:00:12	1	95.6	13	1.9000	1.8000	105.56	
18:00:13	1	95.6	14	1.6000	1.8000	88.89	
18:00:14	1	95.3	14	1.8000	1.8000	100.00	
18:00:15	1	95.0	15	2.1000	1.8000	116.67	
18:00:16	1	94.9	15	1.7000	1.7000	100.00	
18:00:17	1	94.7	15	1.8000	1.7000	105.88	
18:00:18	1	94.4	16	2.0000	1.8000	111.11	
18:00:19	1	94.3	16	1.8000	1.7000	105.88	
18:00:20	1	94.0	17	1.8000	1.7000	105.88	
18:00:21	1	93.9	17	1.9000	1.8000	105.56	
18:00:22	1	93.8	18	1.8000	1.7000	105.88	
18:00:23	1	93.5	18	1.8000	1.8000	100.00	
18:00:24	1	93.3	19	1.8000	1.8000	100.00	
18:00:25	1	93.2	19	1.6000	1.6000	100.00	
18:00:26	1	92.8	20	2.0000	1.8000	111.11	
18:00:27	1	92.5	20	1.8000	1.8000	100.00	
18:00:28	1	92.4	20	1.5000	1.6000	93.75	
18:00:29	1	92.1	21	2.0000	1.7000	117.65	
18:00:30	1	91.9	21	2.0000	1.8000	111.11	
18:00:31	1	91.7	22	1.7000	1.8000	94.44	
18:00:32	1	91.5	22	1.9000	1.8000	105.56	
18:00:33	1	91.4	23	1.8000	1.8000	100.00	
18:00:34	1	91.2	23	1.8000	1.8000	100.00	
18:00:35	1	91.0	24	2.0000	1.8000	111.11	
18:00:36	1	90.8	24	1.8000	1.8000	100.00	
18:00:37	1	90.6	25	1.8000	1.8000	100.00	
18:00:38	1	90.4	25	1.9000	1.8000	105.56	
18:00:39	1	90.3	26	1.8000	1.8000	100.00	
18:00:40	1	90.2	26	1.9000	1.8000	105.56	
18:00:41	1	90.0	26	2.0000	1.8000	111.11	
18:00:42	1	89.9	27	1.9000	1.8000	105.56	
18:00:43	1	89.6	27	1.9000	1.8000	105.56	
18:00:44	1	89.5	28	1.8000	1.8000	100.00	
18:00:45	1	89.4	28	1.7000	1.8000	94.44	
18:00:46	1	89.1	29	1.8000	1.8000	100.00	
18:00:47	1	88.8	29	1.9000	1.8000	105.56	
18:00:48	1	88.7	30	1.7000	1.8000	94.44	
18:00:49	1	88.4	30	1.8000	1.8000	100.00	
18:00:50	1	88.3	31	2.0000	1.8000	111.11	
18:00:51	1	88.0	31	1.8000	1.8000	100.00	
18:00:52	1	87.8	32	1.8000	1.8000	100.00	
18:00:53	1	87.6	32	1.9000	1.8000	105.56	
18:00:54	1	87.3	33	2.0000	1.8000	111.11	
18:00:55	1	87.3	33	1.8000	1.8000	100.00	
18:00:56	1	86.9	34	1.8000	1.7000	105.88	
18:00:57	1	86.6	34	2.0000	1.8000	111.11	
18:00:58	1	86.5	34	1.8000	1.8000	100.00	
18:00:59	1	86.3	35	1.8000	1.8000	100.00	
18:01:00	1	86.1	35	1.8000	1.8000	100.00	
18:01:01	1	85.8	36	1.8000	1.8000	100.00	
18:01:02	1	85.5	36	1.8000	1.8000	100.00	
18:01:03	1	85.4	37	1.8000	1.7000	105.88	
18:01:04	1	85.0	37	1.9000	1.8000	105.56	
18:01:05	1	84.8	38	1.9000	1.8000	105.56	
18:01:06	1	84.7	38	1.8000	1.7000	105.88	
18:01:07	1	84.4	39	1.9000	1.8000	105.56	
18:01:08	1	84.2	39	1.8000	1.7000	105.88	
18:01:09	1	83.9	40	1.8000	1.6000	112.50	
18:01:10	1	83.6	40	1.8000	1.7000	105.88	
18:01:11	1	83.6	40	1.4000	1.5000	93.33	
18:01:12	1	82.9	41	1.8000	1.6000	112.50	
18:01:13	1	82.6	41	1.8000	1.7000	105.88	
18:01:14	1	82.5	42	1.4000	1.6000	87.50	
18:01:15	1	82.2	42	1.8000	1.6000	112.50	
18:01:16	1	81.9	42	1.8000	1.6000	112.50	
18:01:17	1	81.7	43	1.6000	1.6000	100.00	
18:01:18	1	81.3	43	1.8000	1.6000	112.50	
18:01:19	1	81.1	44	1.6000	1.6000	100.00	
18:01:20	1	80.9	44	1.5000	1.6000	93.75	
18:01:21	1	80.6	44	1.6000	1.6000	100.00	
18:01:22	1	80.3	45	1.6000	1.6000	100.00	
18:01:23	1	80.0	45	1.7000	1.7000	100.00	
18:01:24	1	79.9	46	1.8000	1.7000	105.88	
18:01:25	1	79.6	46	1.6000	1.6000	100.00	
18:01:26	2	79.6	0	1.7000	1.6000	106.25	
18:01:27	2	79.2	0	1.9000	1.8000	105.56	
18:01:28	2	79.1	1	1.8000	1.8000	100.00	
18:01:29	2	78.9	1	1.6000	1.6000	100.00	
18:01:30	2	78.6	2	1.8000	1.7000	105.88	
18:01:31	2	78.3	2	1.8000	1.8000	100.00	
18:01:32	2	78.2	3	1.6000	1.6000	100.00	
18:01:33	2	77.9	3	1.6000	1.6000	100.00	
18:01:34	2	77.4	3	1.7000	1.7000	100.00	
18:01:35	2	77.2	4	1.3000	1.6000	81.25	
18:01:36	2	77.0	4	1.4000	1.5000	93.33	
18:01:37	2	76.5	5	1.8000	1.6000	112.50	
18:01:38	2	76.3	5	1.6000	1.6000	100.00	
18:01:39	2	75.8	5	1.5000	1.6000	93.75	
18:01:40	2	75.6	6	1.4000	1.7000	82.35	
18:01:41	2	75.4	6	1.4000	1.6000	87.50	
18:01:42	2	75.0	6	1.7000	1.7000	100.00	
18:01:43	2	74.6	7	1.7000	1.8000	94.44	
18:01:44	2	74.5	7	1.4000	1.7000	82.35	
18:01:45	2	74.2	8	1.6000	1.6000	100.00	
18:01:46	2	73.8	8	1.8000	1.9000	94.74	
18:01:47	2	73.7	8	1.4000	1.8000	77.78	
18:01:48	2	73.6	9	1.6000	1.6000	100.00	
18:01:49	2	73.1	9	1.8000	1.8000	100.00	
18:01:50	2	72.9	10	1.5000	1.8000	83.33	
18:01:51	2	72.6	10	1.5000	1.7000	88.24	
18:01:52	2	72.3	10	1.6000	1.8000	88.89	
18:01:53	2	72.0	11	1.6000	1.8000	88.89	
18:01:54	2	71.8	11	1.7000	1.8000	94.44	
18:01:55	2	71.5	12	1.6000	1.8000	88.89	
18:01:56	2	71.3	12	1.8000	1.8000	100.00	
18:01:57	2	71.0	13	1.9000	2.0000	95.00	
18:01:58	2	70.8	13	1.7000	1.9000	89.47	
18:01:59	2	70.6	14	1.8000	1.8000	100.00	
18:02:00	2	70.3	14	1.8000	1.9000	94.74	
18:02:01	2	70.1	14	1.7000	1.9000	89.47	
18:02:02	2	69.9	15	1.5000	1.8000	83.33	
18:02:03	2	69.6	15	1.7000	1.8000	94.44	
18:02:04	2	69.2	16	1.9000	1.9000	100.00	
18:02:05	2	69.0	16	1.6000	1.9000	84.21	
18:02:06	2	68.7	17	1.7000	1.8000	94.44	
18:02:07	2	68.3	17	1.9000	1.9000	100.00	
18:02:08	2	68.1	17	1.7000	1.9000	89.47	
18:02:09	2	67.9	18	1.7000	1.9000	89.47	
18:02:10	2	67.4	18	1.9000	2.0000	95.00	
18:02:11	2	67.3	19	1.7000	2.0000	85.00	
18:02:12	2	67.1	19	1.8000	1.9000	94.74	
18:02:13	2	66.7	20	2.1000	2.0000	105.00	
18:02:14	2	66.5	20	1.9000	1.9000	100.00	
18:02:15	2	66.4	21	1.8000	1.8000	100.00	
18:02:16	2	66.0	21	1.8000	1.9000	94.74	
18:02:17	2	65.7	21	1.6000	1.9000	84.21	
18:02:18	2	65.5	22	1.7000	1.8000	94.44	
18:02:19	2	65.1	22	1.7000	1.8000	94.44	
18:02:20	2	64.8	23	1.6000	1.8000	88.89	
18:02:21	2	64.5	23	1.7000	1.8000	94.44	
18:02:22	2	64.2	24	1.6000	1.9000	84.21	
18:02:23	2	63.9	24	1.7000	1.9000	89.47	
18:02:24	2	63.5	24	1.8000	1.9000	94.74	
18:02:25	2	63.5	25	1.7000	1.9000	89.47	
18:02:26	2	63.2	25	1.8000	1.9000	94.74	
18:02:27	2	62.9	26	1.9000	2.0000	95.00	
18:02:28	2	62.8	26	1.8000	1.9000	94.74	
18:02:29	2	62.4	27	1.8000	1.8000	100.00	
18:02:30	2	62.1	27	1.6000	1.8000	88.89	
18:02:31	2	61.7	28	1.8000	1.8000	100.00	
18:02:32	2	61.6	28	1.8000	2.0000	90.00	
18:02:33	2	61.4	28	1.7000	1.8000	94.44	
18:02:34	2	61.1	29	1.9000	1.9000	100.00	
18:02:35	2	60.9	29	1.8000	2.0000	90.00	
18:02:36	2	60.6	30	1.7000	1.9000	89.47	
18:02:37	2	60.4	30	1.8000	1.9000	94.74	
18:02:38	2	60.2	31	1.8000	1.8000	100.00	
18:02:39	2	59.8	31	1.8000	1.9000	94.74	
18:02:40	2	59.7	32	1.6000	1.8000	88.89	
18:02:41	3	59.5	0	1.7000	1.7000	100.00	
18:02:42	3	59.1	0	1.9000	1.9000	100.00	
18:02:43	3	58.9	1	1.8000	2.0000	90.00	
18:02:44	3	58.7	1	1.7000	1.8000	94.44	
18:02:45	3	58.5	2	1.8000	1.8000	100.00	
18:02:46	3	58.3	2	1.8000	1.9000	94.74	
18:02:47	3	58.0	3	1.8000	2.0000	90.00	
18:02:48	3	57.8	3	1.8000	1.8000	100.00	
18:02:49	3	57.5	4	1.8000	1.9000	94.74	
18:02:50	3	57.3	4	1.7000	1.8000	94.44	
18:02:51	3	57.0	4	1.8000	1.8000	100.00	
18:02:52	3	56.8	5	1.8000	1.8000	100.00	
18:02:53	3	56.5	5	1.8000	1.8000	100.00	
18:02:54	3	56.2	6	1.7000	1.8000	94.44	
18:02:55	3	56.1	6	1.6000	1.8000	88.89	
18:02:56	3	55.8	7	1.8000	1.8000	100.00	
18:02:57	3	55.4	7	1.8000	1.8000	100.00	
18:02:58	3	55.2	7	1.7000	1.8000	94.44	
18:02:59	3	55.0	8	1.7000	1.8000	94.44	
18:03:00	3	54.7	8	1.7000	1.8000	94.44	
18:03:01	3	54.4	9	1.8000	1.8000	100.00	
18:03:02	3	54.3	9	1.8000	1.8000	100.00	
18:03:03	3	53.9	10	1.8000	1.8000	100.00	
18:03:04	3	53.7	10	1.8000	1.9000	94.74	
18:03:05	3	53.6	11	1.7000	1.8000	94.44	
18:03:06	3	53.4	11	1.7000	1.8000	94.44	
18:03:07	3	53.1	11	1.7000	1.9000	89.47	
18:03:08	3	52.8	12	1.6000	1.8000	88.89	
18:03:09	3	52.6	12	1.6000	1.7000	94.12	
18:03:10	3	52.2	13	1.8000	1.7000	105.88	
18:03:11	3	52.0	13	1.8000	1.7000	105.88	
18:03:12	3	51.6	14	1.6000	1.6000	100.00	
18:03:13	3	51.2	14	1.7000	1.7000	100.00	
18:03:14	3	51.0	14	1.5000	1.7000	88.24	
18:03:15	3	50.7	15	1.6000	1.6000	100.00	
18:03:16	3	50.4	15	1.8000	1.8000	100.00	
18:03:17	3	50.1	16	1.6000	1.8000	88.89	
18:03:18	3	49.9	16	1.6000	1.7000	94.12	
18:03:19	3	49.5	16	1.8000	1.7000	105.88	
18:03:20	3	49.2	17	1.8000	1.8000	100.00	
18:03:21	3	48.9	17	1.7000	1.7000	100.00	
18:03:22	3	48.8	18	1.6000	1.7000	94.12	
18:03:23	3	48.4	18	1.7000	1.7000	100.00	
18:03:24	3	48.1	19	1.8000	1.6000	112.50	
18:03:25	3	47.7	19	1.7000	1.7000	100.00	
18:03:26	3	47.5	19	1.5000	1.6000	93.75	
18:03:27	3	47.3	20	1.5000	1.5000	100.00	
18:03:28	3	46.7	20	1.7000	1.7000	100.00	
18:03:29	3	46.3	21	1.5000	1.8000	83.33	
18:03:30	3	46.2	21	1.4000	1.6000	87.50	
18:03:31	3	45.9	21	1.8000	1.7000	105.88	
18:03:32	3	45.7	22	1.7000	1.8000	94.44	
18:03:33	3	45.4	22	1.7000	1.8000	94.44	
18:03:34	3	44.9	23	1.8000	1.8000	100.00	
18:03:35	3	44.8	23	1.5000	1.7000	88.24	
18:03:36	3	44.6	24	1.6000	1.6000	100.00	
18:03:37	3	44.2	24	1.8000	1.7000	105.88	
18:03:38	3	43.8	24	1.6000	1.8000	88.89	
18:03:39	3	43.6	25	1.5000	1.6000	93.75	
18:03:40	3	43.2	25	1.6000	1.6000	100.00	
18:03:41	3	42.8	25	1.4000	1.7000	82.35	
18:03:42	3	42.5	26	1.4000	1.6000	87.50	
18:03:43	3	42.1	26	1.6000	1.6000	100.00	
18:03:44	3	41.8	27	1.5000	1.6000	93.75	
18:03:45	3	41.5	27	1.6000	1.7000	94.12	
18:03:46	3	41.1	27	1.6000	1.7000	94.12	
18:03:47	3	40.8	28	1.4000	1.6000	87.50	
18:03:48	3	40.4	28	1.4000	1.7000	82.35	
18:03:49	3	40.1	28	1.5000	1.6000	93.75	
18:03:50	3	39.7	29	1.6000	1.7000	94.12	
18:03:51	3	39.3	29	1.4000	1.8000	77.78	
18:03:52	4	39.1	0	1.5000	1.6000	93.75	
18:03:53	4	38.8	0	1.8000	1.7000	105.88	
18:03:54	4	38.5	1	1.7000	1.8000	94.44	
18:03:55	4	38.4	1	1.6000	1.8000	88.89	
18:03:56	4	37.9	2	1.7000	1.8000	94.44	
18:03:57	4	37.6	2	1.6000	1.8000	88.89	
18:03:58	4	37.5	2	1.4000	1.6000	87.50	
18:03:59	4	37.1	3	1.7000	1.6000	106.25	
18:04:00	4	36.7	3	1.8000	1.8000	100.00	
18:04:01	4	36.4	4	1.6000	1.7000	94.12	
18:04:02	4	36.2	4	1.8000	1.7000	105.88	
18:04:03	4	36.0	4	1.7000	1.8000	94.44	
18:04:04	4	35.6	5	1.7000	1.8000	94.44	
18:04:05	4	35.4	5	1.8000	1.8000	100.00	
18:04:06	4	35.2	6	1.6000	1.8000	88.89	
18:04:07	4	34.9	6	1.7000	1.8000	94.44	
18:04:08	4	34.5	7	1.8000	1.8000	100.00	
18:04:09	4	34.1	7	1.6000	1.8000	88.89	
18:04:10	4	33.9	7	1.6000	1.8000	88.89	
18:04:11	4	33.6	8	1.6000	1.8000	88.89	
18:04:12	4	33.2	8	1.7000	1.8000	94.44	
18:04:13	4	32.7	9	1.6000	1.9000	84.21	
18:04:14	4	32.7	9	1.4000	1.8000	77.78	
18:04:15	4	32.3	9	1.6000	1.7000	94.12	
18:04:16	4	31.9	10	1.9000	1.8000	105.56	
18:04:17	4	31.6	10	1.8000	1.8000	100.00	
18:04:18	4	31.3	11	1.7000	1.8000	94.44	
18:04:19	4	31.1	11	1.7000	1.9000	89.47	
18:04:20	4	30.9	12	1.6000	1.8000	88.89	
18:04:21	4	30.6	12	1.7000	1.8000	94.44	
18:04:22	4	30.3	12	1.8000	1.8000	100.00	
18:04:23	4	29.9	13	1.7000	1.8000	94.44	
18:04:24	4	29.6	13	1.6000	1.8000	88.89	
18:04:25	4	29.4	14	1.6000	1.8000	88.89	
18:04:26	4	29.1	14	1.7000	1.8000	94.44	
18:04:27	4	28.8	15	1.8000	1.8000	100.00	
18:04:28	4	28.5	15	1.8000	1.9000	94.74	
18:04:29	4	28.3	15	1.8000	1.9000	94.74	
18:04:30	4	28.1	16	1.7000	1.8000	94.44	
18:04:31	4	27.8	16	1.7000	1.8000	94.44	
18:04:32	4	27.5	17	1.7000	1.8000	94.44	
18:04:33	4	27.1	17	1.6000	1.8000	88.89	
18:04:34	4	26.6	18	1.8000	1.8000	100.00	
18:04:35	4	26.5	18	1.6000	1.7000	94.12	
18:04:36	4	26.2	18	1.5000	1.5000	100.00	
18:04:37	4	25.6	19	1.9000	1.8000	105.56	
18:04:38	4	25.3	19	1.8000	1.8000	100.00	
18:04:39	4	25.2	20	1.5000	1.7000	88.24	
18:04:40	4	24.7	20	1.8000	1.8000	100.00	
18:04:41	4	24.3	21	1.8000	1.8000	100.00	
18:04:42	4	24.1	21	1.6000	1.7000	94.12	
18:04:43	4	23.7	22	1.8000	1.8000	100.00	
18:04:44	4	23.4	22	1.9000	1.8000	105.56	
18:04:45	4	23.2	22	1.8000	1.8000	100.00	
18:04:46	4	22.7	23	1.8000	1.8000	100.00	
18:04:47	4	22.4	23	1.6000	1.8000	88.89	
18:04:48	4	22.1	24	1.6000	1.7000	94.12	
18:04:49	4	21.7	24	1.9000	1.7000	111.76	
18:04:50	4	21.3	25	1.8000	1.8000	100.00	
18:04:51	4	21.0	25	1.8000	1.7000	105.88	
18:04:52	4	20.7	26	2.0000	1.8000	111.11	
18:04:53	4	20.3	26	1.9000	1.8000	105.56	
18:04:54	4	20.1	26	1.6000	1.7000	94.12	
18:04:55	4	19.7	27	1.8000	1.8000	100.00	
18:04:56	4	19.2	27	1.9000	1.9000	100.00	
18:04:57	5	19.0	0	1.7000	1.8000	94.44	
18:04:58	5	18.7	0	1.8000	1.8000	100.00	
18:04:59	5	18.3	1	1.9000	1.8000	105.56	
18:05:00	5	17.9	1	1.7000	1.8000	94.44	
18:05:01	5	17.6	2	1.7000	1.7000	100.00	
18:05:02	5	17.2	2	1.9000	1.7000	111.76	
18:05:03	5	16.8	3	2.0000	1.8000	111.11	
18:05:04	5	16.5	3	1.9000	1.8000	105.56	
18:05:05	5	16.2	4	2.0000	1.8000	111.11	
18:05:06	5	15.8	4	2.1000	1.8000	116.67	
18:05:07	5	15.5	5	2.1000	1.8000	116.67	
18:05:08	5	15.1	5	2.0000	1.8000	111.11	
18:05:09	5	14.8	6	1.9000	1.9000	100.00	
18:05:10	5	14.4	6	1.9000	1.8000	105.56	
18:05:11	5	14.0	7	1.9000	1.8000	105.56	
18:05:12	5	13.7	7	1.9000	1.9000	100.00	
18:05:13	5	13.3	8	1.8000	1.8000	100.00	
18:05:14	5	13.0	8	1.8000	1.8000	100.00	
18:05:15	5	12.7	9	1.9000	1.8000	105.56	
18:05:16	5	12.4	9	2.0000	1.8000	111.11	
18:05:17	5	11.9	10	2.1000	2.0000	105.00	
18:05:18	5	11.7	10	1.8000	1.8000	100.00	
18:05:19	5	11.3	11	1.9000	1.8000	105.56	
18:05:20	5	10.9	11	2.1000	1.9000	110.53	
18:05:21	5	10.4	11	2.0000	1.9000	105.26	
18:05:22	5	10.1	12	1.9000	1.9000	100.00	
18:05:23	5	9.6	12	1.8000	1.8000	100.00	
18:05:24	5	9.1	13	1.9000	1.9000	100.00	
18:05:25	5	8.8	13	1.8000	1.9000	94.74	
18:05:26	5	8.4	14	1.8000	1.8000	100.00	
18:05:27	5	8.1	14	1.8000	2.0000	90.00	
18:05:28	5	7.8	15	1.8000	2.0000	90.00	
18:05:29	5	7.5	15	2.1000	2.0000	105.00	
18:05:30	5	7.1	16	2.0000	2.0000	100.00	
18:05:31	5	6.8	16	1.8000	1.8000	100.00	
18:05:32	5	6.3	17	2.0000	1.9000	105.26	
18:05:33	5	5.9	17	1.9000	2.0000	95.00	
18:05:34	5	5.5	18	1.7000	1.8000	94.44	
18:05:35	5	5.1	18	1.8000	1.9000	94.74	
18:05:36	5	4.7	18	1.6000	2.0000	80.00	
18:05:37	5	4.3	19	1.6000	1.8000	88.89	
18:05:38	5	3.9	19	1.8000	1.8000	100.00	
18:05:39	5	3.5	20	1.9000	1.9000	100.00	
18:05:40	5	3.0	20	1.8000	2.0000	90.00	
18:05:41	5	2.9	21	1.6000	1.9000	84.21	
18:05:42	5	2.6	21	1.6000	1.8000	88.89	
18:05:43	5	2.3	22	1.8000	1.8000	100.00	
18:05:44	5	2.1	22	1.9000	1.8000	105.56	
18:05:45	5	1.9	23	2.3000	2.0000	115.00	
18:05:46	5	1.5	23	2.4000	2.1000	114.29	
18:05:47	5	1.3	24	2.1000	2.0000	105.00	
18:05:48	5	1.2	24	2.0000	2.0000	100.00	
18:05:49	5	0.8	25	2.1000	1.9000	110.53	
18:05:50	5	0.7	25	1.9000	1.9000	100.00	
18:05:51	5	0.4	26	2.1000	2.1000	100.00	
18:05:52	5	0.1	26	2.1000	1.8000	116.67	
18:05:53	5	-0.1	27	2.0000	1.8000	111.11	
18:05:54	5	-0.3	27	2.3000	2.2000	104.55	
18:05:55	5	-0.4	28	2.2000	2.1000	104.76	
18:05:56	5	-0.5	28	2.3000	1.8000	127.78	
18:05:57	5	-0.5	29	2.3000	1.6000	143.75	
18:05:58	5	-0.5	29	1.4000	1.1000	127.27	
18:05:59	5	-0.5	29	0.6000	0.5000	120.00	
18:06:00	5	-0.5	30	0.9000	0.0000	0.00	
18:06:01	5	-0.5	30	1.4000	0.0000	0.00	
18:06:02	5	-0.5	30	1.0000	0.0000	0.00	
18:06:03	5	-0.5	30	0.2000	0.0000	0.00	
18:06:04	5	-0.5	30	0.0000	0.1000	0.00	
18:06:05	5	-0.5	30	0.0000	0.1000	0.00	
18:06:06	5	-0.5	30	0.0000	0.0000	0.00	
18:06:07	5	-0.5	30	0.0000	0.0000	0.00	
18:06:08	5	-0.4	30	0.0000	0.0000	0.00	
18:06:09	5	-0.5	30	0.0000	0.0000	0.00	
18:06:10	5	-0.5	30	0.0000	0.0000	0.00	
18:06:11	5	-0.5	30	0.0000	0.0000	0.00	
18:06:12	5	-0.5	30	0.0000	0.0000	0.00	
18:06:13	5	-0.5	30	0.0000	0.0000	0.00	
18:06:14	5	-0.5	30	0.0000	0.0000	0.00	
18:06:15	5	-0.5	30	0.0000	0.0000	0.00	
18:06:16	5	-0.5	30	0.0000	0.0000	0.00	
18:06:17	5	-0.5	30	0.0000	0.0000	0.00	
18:06:18	5	-0.5	30	0.0000	0.0000	0.00	
18:06:19	5	-0.5	30	0.0000	0.0000	0.00	
18:06:20	5	-0.5	30	0.0000	0.0000	0.00	
18:06:21	5	-0.5	30	0.0000	0.0000	0.00	
18:06:22	5	-0.5	30	0.0000	0.0000	0.00	
18:06:23	5	-0.5	30	0.0000	0.0000	0.00	
18:06:24	5	-0.5	30	0.0000	0.0000	0.00	
18:06:25	5	-0.5	30	0.0000	0.0000	0.00	
18:06:26	5	-0.4	30	0.0000	0.0000	0.00	
18:06:27	5	-0.4	30	0.0000	0.0000	0.00	
18:06:28	5	-0.4	30	0.0000	0.0000	0.00	
18:06:29	5	-0.4	30	0.0000	0.0000	0.00	
18:06:30	5	-0.4	30	0.0000	0.0000	0.00	
18:06:31	5	-0.4	30	0.0000	0.0000	0.00	
18:06:32	5	-0.4	30	0.0000	0.0000	0.00	
18:06:33	5	-0.4	30	0.0000	0.0000	0.00	
18:06:34	5	-0.4	30	0.0000	0.0000	0.00	
18:06:35	5	-0.4	30	0.0000	0.0000	0.00	
18:06:36	5	-0.4	30	0.0000	0.0000	0.00	
18:06:37	5	-0.4	30	0.0000	0.0000	0.00	
18:06:38	5	-0.4	30	0.0000	0.0000	0.00	
18:06:39	5	-0.4	30	0.0000	0.0000	0.00	
18:06:40	5	-0.4	30	0.0000	0.0000	0.00	
18:06:41	5	-0.4	30	0.0000	0.0000	0.00	
18:06:42	5	-0.4	30	0.0000	0.0000	0.00	
18:06:43	5	-0.4	30	0.0000	0.0000	0.00	
18:06:44	5	-0.4	30	0.0000	0.0000	0.00	
18:06:45	5	-0.4	30	0.0000	0.0000	0.00	
18:06:46	5	-0.4	30	0.0000	0.0000	0.00	
18:06:47	5	-0.4	30	0.0000	0.0000	0.00	
18:06:48	5	-0.4	30	0.0000	0.0000	0.00	
18:06:49	5	-0.4	30	0.0000	0.0000	0.00	
18:06:50	5	-0.4	30	0.0000	0.0000	0.00	
18:06:51	5	-0.4	30	0.0000	0.0000	0.00	
18:06:52	5	-0.4	30	0.0000	0.0000	0.00	
18:06:53	5	-0.4	30	0.0000	0.0000	0.00	
18:06:54	5	-0.4	30	0.0000	0.0000	0.00	
18:06:55	5	-0.4	30	0.0000	0.0000	0.00	
18:06:56	5	-0.4	30	0.0000	0.0000	0.00	
18:06:57	5	-0.4	30	0.0000	0.0000	0.00	
18:06:58	5	-0.4	30	0.0000	0.0000	0.00	
18:06:59	5	-0.4	30	0.0000	0.0000	0.00	
18:07:00	5	-0.4	30	0.0000	0.1000	0.00	
18:07:01	5	-0.4	30	0.0000	0.2000	0.00	
18:07:02	5	-0.4	30	0.0000	0.1000	0.00	
18:07:03	5	-0.4	30	0.0000	0.0000	0.00	
18:07:04	5	-0.4	30	0.0000	0.0000	0.00	
18:07:05	5	-0.4	30	0.0000	0.0000	0.00	
18:07:06	5	-0.4	30	0.0000	0.0000	0.00	
18:07:07	5	-0.4	30	0.0000	0.0000	0.00	
18:07:08	5	-0.4	30	0.0000	0.0000	0.00	
18:07:09	5	-0.4	30	0.0000	0.0000	0.00	
18:07:10	5	-0.4	30	0.0000	0.0000	0.00	
