Data Start: 2020-09-21 17:28:48
Data End: 2020-09-21 17:48:58
Devicename: Multi Plankton Sampler MPS
IdentNo.: 1020

Net []
Range1: 0 to 5

Pressure [dbar]
Range1: 0.0 to 3000.0  Cal0: -8.585877E+2  Cal1: 1.175972E-1  Cal2: -1.044298E-6  Cal3: -1.441992E+0  Cal4: 9.253807E-5  Cal5: -8.766143E-10  Cal6: 7.97392E-2  Cal7: 7.856609E-2  Cal8: -1.359118E-8

Volume [m³]
Range1: 0 to 65000  Cal0: 2.5E-1

Flow in [m/s]
Range1: 0.0000 to 9.9000

Flow out [m/s]
Range1: 0.0000 to 9.9000

Flow ratio [%]
Range1: 0.00 to 200.00

Header Comment

Ship:		
Cruise:		
Station:		
Cast:		
Position:		
Operator:		


Time [hh:mm:ss]	Net []	Pressure [dbar]	Volume [m³]	Flow in [m/s]	Flow out [m/s]	Flow ratio [%]	Comments  [Index]
17:28:48	0	0.2	0	0.0000	0.0000	0.00	
17:28:49	0	0.2	0	0.0000	0.0000	0.00	
17:28:50	0	0.2	0	0.0000	0.0000	0.00	
17:28:51	0	0.2	0	0.0000	0.0000	0.00	
17:28:52	0	0.2	0	0.0000	0.0000	0.00	
17:28:53	0	0.2	0	0.0000	0.0000	0.00	
17:28:54	0	0.2	0	0.0000	0.0000	0.00	
17:28:55	0	0.2	0	0.0000	0.0000	0.00	
17:28:56	0	0.2	0	0.0000	0.0000	0.00	
17:28:57	0	0.2	0	0.0000	0.0000	0.00	
17:28:58	0	0.2	0	0.0000	0.0000	0.00	
17:28:59	0	0.2	0	0.0000	0.0000	0.00	
17:29:00	0	0.2	0	0.0000	0.0000	0.00	
17:29:01	0	0.2	0	0.0000	0.0000	0.00	
17:29:02	0	0.2	0	0.0000	0.0000	0.00	
17:29:03	0	0.2	0	0.0000	0.0000	0.00	
17:29:04	0	0.2	0	0.0000	0.0000	0.00	
17:29:05	0	0.2	0	0.0000	0.0000	0.00	
17:29:06	0	0.2	0	0.0000	0.0000	0.00	
17:29:07	0	0.2	0	0.0000	0.0000	0.00	
17:29:08	0	0.2	0	0.0000	0.0000	0.00	
17:29:09	0	0.2	0	0.0000	0.0000	0.00	
17:29:10	0	0.2	0	0.0000	0.0000	0.00	
17:29:11	0	0.2	0	0.0000	0.0000	0.00	
17:29:12	0	0.2	0	0.0000	0.0000	0.00	
17:29:13	0	0.2	0	0.0000	0.0000	0.00	
17:29:14	0	0.2	0	0.0000	0.0000	0.00	
17:29:15	0	0.2	0	0.1000	0.0000	0.00	
17:29:16	0	0.2	0	0.1000	0.0000	0.00	
17:29:17	0	0.2	0	0.0000	0.0000	0.00	
17:29:18	0	0.2	0	0.0000	0.0000	0.00	
17:29:19	0	0.2	0	0.0000	0.0000	0.00	
17:29:20	0	0.2	0	0.0000	0.0000	0.00	
17:29:21	0	0.2	0	0.0000	0.0000	0.00	
17:29:22	0	0.2	0	0.0000	0.0000	0.00	
17:29:23	0	0.2	0	0.0000	0.0000	0.00	
17:29:24	0	0.2	0	0.0000	0.0000	0.00	
17:29:25	0	0.2	0	0.0000	0.0000	0.00	
17:29:26	0	0.2	0	0.0000	0.0000	0.00	
17:29:27	0	0.2	0	0.0000	0.0000	0.00	
17:29:28	0	0.2	0	0.0000	0.0000	0.00	
17:29:29	0	0.2	0	0.0000	0.0000	0.00	
17:29:30	0	0.2	0	0.0000	0.0000	0.00	
17:29:31	0	0.2	0	0.0000	0.0000	0.00	
17:29:32	0	0.2	0	0.0000	0.0000	0.00	
17:29:33	0	0.2	0	0.0000	0.0000	0.00	
17:29:34	0	0.2	0	0.0000	0.0000	0.00	
17:29:35	0	0.2	0	0.0000	0.0000	0.00	
17:29:36	0	0.2	0	0.3000	0.0000	0.00	
17:29:37	0	0.2	0	0.3000	0.5000	60.00	
17:29:38	0	0.2	0	0.3000	1.1000	27.27	
17:29:39	0	0.2	0	0.8000	1.2000	66.67	
17:29:40	0	0.2	0	0.7000	0.9000	77.78	
17:29:41	0	0.2	0	0.1000	0.3000	33.33	
17:29:42	0	0.2	0	0.1000	0.0000	0.00	
17:29:43	0	0.2	0	0.2000	0.1000	200.00	
17:29:44	0	0.2	0	0.1000	0.2000	50.00	
17:29:45	0	0.2	0	0.2000	0.1000	200.00	
17:29:46	0	0.2	0	0.3000	0.0000	0.00	
17:29:47	0	0.2	0	0.1000	0.0000	0.00	
17:29:48	0	0.2	0	0.0000	0.1000	0.00	
17:29:49	0	0.1	0	0.0000	0.1000	0.00	
17:29:50	0	0.2	1	0.2000	0.1000	200.00	
17:29:51	0	0.2	1	0.3000	0.0000	0.00	
17:29:52	0	0.2	1	0.5000	0.0000	0.00	
17:29:53	0	0.1	1	0.3000	0.0000	0.00	
17:29:54	0	0.2	1	0.1000	0.0000	0.00	
17:29:55	0	0.2	1	0.1000	0.0000	0.00	
17:29:56	0	0.2	1	0.0000	0.0000	0.00	
17:29:57	0	0.2	1	0.0000	0.0000	0.00	
17:29:58	0	0.2	1	0.1000	0.0000	0.00	
17:29:59	0	0.1	1	0.1000	0.0000	0.00	
17:30:00	0	0.1	1	0.0000	0.0000	0.00	
17:30:01	0	0.1	1	0.0000	0.0000	0.00	
17:30:02	0	0.1	1	0.0000	0.0000	0.00	
17:30:03	0	0.2	1	0.0000	0.0000	0.00	
17:30:04	0	0.1	1	0.0000	0.0000	0.00	
17:30:05	0	0.1	1	0.0000	0.0000	0.00	
17:30:06	0	0.1	1	0.0000	0.0000	0.00	
17:30:07	0	0.1	1	0.0000	0.0000	0.00	
17:30:08	0	0.1	1	0.0000	0.0000	0.00	
17:30:09	0	0.1	1	0.0000	0.0000	0.00	
17:30:10	0	0.1	1	0.0000	0.0000	0.00	
17:30:11	0	0.1	1	0.0000	0.0000	0.00	
17:30:12	0	0.1	1	0.0000	0.0000	0.00	
17:30:13	0	0.1	1	0.0000	0.0000	0.00	
17:30:14	0	0.1	1	0.0000	0.0000	0.00	
17:30:15	0	0.1	1	0.0000	0.0000	0.00	
17:30:16	0	0.1	1	0.0000	0.0000	0.00	
17:30:17	0	0.1	1	0.0000	0.0000	0.00	
17:30:18	0	0.1	1	0.0000	0.0000	0.00	
17:30:19	0	0.1	1	0.0000	0.0000	0.00	
17:30:20	0	0.1	1	0.0000	0.0000	0.00	
17:30:21	0	0.1	1	0.0000	0.0000	0.00	
17:30:22	0	0.1	1	0.0000	0.0000	0.00	
17:30:23	0	0.2	1	0.0000	0.0000	0.00	
17:30:24	0	0.2	1	0.0000	0.0000	0.00	
17:30:25	0	0.1	1	0.0000	0.0000	0.00	
17:30:26	0	0.2	1	0.0000	0.0000	0.00	
17:30:27	0	0.2	1	0.0000	0.0000	0.00	
17:30:28	0	0.2	1	0.0000	0.0000	0.00	
17:30:29	0	0.1	1	0.0000	0.0000	0.00	
17:30:30	0	0.2	1	0.0000	0.0000	0.00	
17:30:31	0	0.1	1	0.0000	0.0000	0.00	
17:30:32	0	0.1	1	0.0000	0.0000	0.00	
17:30:33	0	0.1	1	0.0000	0.0000	0.00	
17:30:34	0	0.1	1	0.0000	0.0000	0.00	
17:30:35	0	0.2	1	0.0000	0.0000	0.00	
17:30:36	0	0.1	1	0.0000	0.0000	0.00	
17:30:37	0	0.1	1	0.0000	0.0000	0.00	
17:30:38	0	0.2	1	0.0000	0.0000	0.00	
17:30:39	0	0.2	1	0.0000	0.0000	0.00	
17:30:40	0	0.2	1	0.0000	0.0000	0.00	
17:30:41	0	0.2	1	0.0000	0.0000	0.00	
17:30:42	0	0.2	1	0.0000	0.0000	0.00	
17:30:43	0	0.2	1	0.0000	0.0000	0.00	
17:30:44	0	0.2	1	0.0000	0.0000	0.00	
17:30:45	0	0.2	1	0.0000	0.0000	0.00	
17:30:46	0	0.2	1	0.0000	0.0000	0.00	
17:30:47	0	0.2	1	0.0000	0.0000	0.00	
17:30:48	0	0.1	1	0.0000	0.0000	0.00	
17:30:49	0	0.2	1	0.0000	0.0000	0.00	
17:30:50	0	0.1	1	0.0000	0.0000	0.00	
17:30:51	0	0.2	1	0.0000	0.0000	0.00	
17:30:52	0	0.2	1	0.0000	0.0000	0.00	
17:30:53	0	0.2	1	0.0000	0.0000	0.00	
17:30:54	0	0.2	1	0.0000	0.0000	0.00	
17:30:55	0	0.2	1	0.0000	0.0000	0.00	
17:30:56	0	0.2	1	0.0000	0.0000	0.00	
17:30:57	0	0.2	1	0.0000	0.0000	0.00	
17:30:58	0	0.2	1	0.0000	0.0000	0.00	
17:30:59	0	0.2	1	0.0000	0.0000	0.00	
17:31:00	0	0.2	1	0.0000	0.0000	0.00	
17:31:01	0	0.2	1	0.0000	0.0000	0.00	
17:31:02	0	0.2	1	0.0000	0.0000	0.00	
17:31:03	0	0.2	1	0.0000	0.0000	0.00	
17:31:04	0	0.2	1	0.0000	0.0000	0.00	
17:31:05	0	0.1	1	0.0000	0.0000	0.00	
17:31:06	0	0.1	1	0.0000	0.0000	0.00	
17:31:07	0	0.1	1	0.0000	0.0000	0.00	
17:31:08	0	0.1	1	0.0000	0.0000	0.00	
17:31:09	0	0.1	1	0.0000	0.0000	0.00	
17:31:10	0	0.1	1	0.0000	0.0000	0.00	
17:31:11	0	0.1	1	0.0000	0.1000	0.00	
17:31:12	0	0.3	1	0.7000	0.8000	87.50	
17:31:13	0	0.3	2	1.5000	1.5000	100.00	
17:31:14	0	0.6	2	1.6000	1.5000	106.67	
17:31:15	0	1.2	2	1.6000	1.4000	114.29	
17:31:16	0	1.6	3	1.5000	1.3000	115.38	
17:31:17	0	2.3	3	1.4000	1.1000	127.27	
17:31:18	0	2.8	4	1.5000	1.1000	136.36	
17:31:19	0	3.1	4	1.6000	1.2000	133.33	
17:31:20	0	3.8	4	1.3000	1.0000	130.00	
17:31:21	0	4.2	5	1.3000	1.0000	130.00	
17:31:22	0	4.8	5	1.3000	1.1000	118.18	
17:31:23	0	5.3	5	1.2000	1.0000	120.00	
17:31:24	0	5.7	6	1.3000	1.0000	130.00	
17:31:25	0	6.3	6	1.2000	1.0000	120.00	
17:31:26	0	6.8	6	1.2000	1.0000	120.00	
17:31:27	0	7.2	6	1.2000	1.0000	120.00	
17:31:28	0	7.6	7	1.2000	1.0000	120.00	
17:31:29	0	8.0	7	1.2000	1.0000	120.00	
17:31:30	0	8.6	7	1.2000	1.0000	120.00	
17:31:31	0	9.0	8	1.3000	1.1000	118.18	
17:31:32	0	9.6	8	1.3000	1.1000	118.18	
17:31:33	0	10.0	8	1.2000	1.0000	120.00	
17:31:34	0	10.5	9	1.2000	1.1000	109.09	
17:31:35	0	10.9	9	1.3000	1.1000	118.18	
17:31:36	0	11.3	9	1.4000	1.1000	127.27	
17:31:37	0	12.0	10	1.2000	1.1000	109.09	
17:31:38	0	12.4	10	1.4000	1.2000	116.67	
17:31:39	0	12.9	10	1.4000	1.2000	116.67	
17:31:40	0	13.5	11	1.2000	1.2000	100.00	
17:31:41	0	13.7	11	1.5000	1.2000	125.00	
17:31:42	0	14.2	11	1.3000	1.1000	118.18	
17:31:43	0	14.6	12	1.2000	1.0000	120.00	
17:31:44	0	14.9	12	1.4000	1.1000	127.27	
17:31:45	0	15.3	12	1.3000	1.1000	118.18	
17:31:46	0	15.8	12	1.2000	1.0000	120.00	
17:31:47	0	16.2	13	1.2000	1.0000	120.00	
17:31:48	0	16.8	13	1.3000	1.0000	130.00	
17:31:49	0	17.4	13	1.4000	1.0000	140.00	
17:31:50	0	17.8	14	1.3000	1.1000	118.18	
17:31:51	0	18.5	14	1.2000	1.1000	109.09	
17:31:52	0	19.0	14	1.3000	1.0000	130.00	
17:31:53	0	19.4	15	1.3000	1.0000	130.00	
17:31:54	0	20.0	15	1.2000	1.1000	109.09	
17:31:55	0	20.5	15	1.3000	1.1000	118.18	
17:31:56	0	20.9	16	1.3000	1.0000	130.00	
17:31:57	0	21.3	16	1.2000	1.0000	120.00	
17:31:58	0	21.6	16	1.2000	1.1000	109.09	
17:31:59	0	22.1	17	1.2000	1.1000	109.09	
17:32:00	0	22.6	17	1.3000	1.1000	118.18	
17:32:01	0	23.0	17	1.3000	1.0000	130.00	
17:32:02	0	23.6	18	1.2000	1.0000	120.00	
17:32:03	0	24.0	18	1.3000	1.0000	130.00	
17:32:04	0	24.5	18	1.3000	1.0000	130.00	
17:32:05	0	25.1	18	1.1000	1.0000	110.00	
17:32:06	0	25.4	19	1.3000	1.1000	118.18	
17:32:07	0	26.0	19	1.2000	1.0000	120.00	
17:32:08	0	26.7	19	1.0000	0.9000	111.11	
17:32:09	0	26.9	20	1.3000	1.0000	130.00	
17:32:10	0	27.6	20	1.1000	1.0000	110.00	
17:32:11	0	28.1	20	1.2000	1.0000	120.00	
17:32:12	0	28.4	21	1.3000	1.1000	118.18	
17:32:13	0	29.2	21	1.1000	1.1000	100.00	
17:32:14	0	29.6	21	1.2000	1.0000	120.00	
17:32:15	0	30.0	21	1.2000	1.0000	120.00	
17:32:16	0	30.5	22	1.1000	1.0000	110.00	
17:32:17	0	30.8	22	1.2000	1.1000	109.09	
17:32:18	0	31.3	22	1.2000	1.0000	120.00	
17:32:19	0	31.8	23	1.0000	0.9000	111.11	
17:32:20	0	32.3	23	1.2000	1.0000	120.00	
17:32:21	0	32.8	23	1.2000	1.0000	120.00	
17:32:22	0	33.4	23	1.2000	1.1000	109.09	
17:32:23	0	33.8	24	1.3000	1.0000	130.00	
17:32:24	0	34.3	24	1.2000	1.0000	120.00	
17:32:25	0	34.7	24	1.2000	1.1000	109.09	
17:32:26	0	35.2	25	1.2000	1.0000	120.00	
17:32:27	0	35.7	25	1.2000	1.0000	120.00	
17:32:28	0	35.9	25	1.3000	1.1000	118.18	
17:32:29	0	36.4	26	1.2000	1.0000	120.00	
17:32:30	0	36.8	26	1.2000	1.0000	120.00	
17:32:31	0	37.2	26	1.2000	1.1000	109.09	
17:32:32	0	37.6	26	1.1000	1.0000	110.00	
17:32:33	0	38.2	27	1.2000	1.0000	120.00	
17:32:34	0	38.7	27	1.3000	1.1000	118.18	
17:32:35	0	39.1	27	1.4000	1.1000	127.27	
17:32:36	0	39.6	28	1.2000	1.1000	109.09	
17:32:37	0	40.2	28	1.2000	1.1000	109.09	
17:32:38	0	40.6	28	1.3000	1.1000	118.18	
17:32:39	0	41.0	29	1.2000	1.0000	120.00	
17:32:40	0	41.4	29	1.1000	1.0000	110.00	
17:32:41	0	41.6	29	1.2000	1.0000	120.00	
17:32:42	0	42.1	30	1.1000	1.0000	110.00	
17:32:43	0	42.5	30	1.1000	1.0000	110.00	
17:32:44	0	42.9	30	1.1000	0.9000	122.22	
17:32:45	0	43.4	30	1.0000	0.9000	111.11	
17:32:46	0	43.9	31	1.0000	1.0000	100.00	
17:32:47	0	44.3	31	1.2000	1.0000	120.00	
17:32:48	0	44.7	31	1.1000	0.9000	122.22	
17:32:49	0	45.4	31	0.8000	0.8000	100.00	
17:32:50	0	45.7	32	1.0000	0.8000	125.00	
17:32:51	0	46.1	32	1.0000	0.9000	111.11	
17:32:52	0	46.9	32	0.7000	0.6000	116.67	
17:32:53	0	46.9	32	1.1000	0.8000	137.50	
17:32:54	0	47.4	32	1.0000	1.0000	100.00	
17:32:55	0	48.2	33	0.6000	0.6000	100.00	
17:32:56	0	48.3	33	1.0000	0.8000	125.00	
17:32:57	0	48.8	33	0.9000	1.0000	90.00	
17:32:58	0	49.5	33	0.8000	0.8000	100.00	
17:32:59	0	49.9	34	1.0000	0.8000	125.00	
17:33:00	0	50.4	34	0.9000	1.0000	90.00	
17:33:01	0	51.0	34	0.9000	0.9000	100.00	
17:33:02	0	51.4	34	1.1000	1.0000	110.00	
17:33:03	0	52.1	34	1.0000	1.0000	100.00	
17:33:04	0	52.5	35	1.0000	1.0000	100.00	
17:33:05	0	53.2	35	1.1000	1.0000	110.00	
17:33:06	0	53.6	35	1.1000	1.0000	110.00	
17:33:07	0	54.2	36	1.2000	1.0000	120.00	
17:33:08	0	54.7	36	1.2000	1.0000	120.00	
17:33:09	0	55.0	36	1.2000	1.0000	120.00	
17:33:10	0	55.5	36	1.0000	1.0000	100.00	
17:33:11	0	56.0	37	1.1000	1.0000	110.00	
17:33:12	0	56.5	37	1.1000	1.0000	110.00	
17:33:13	0	57.0	37	1.1000	1.0000	110.00	
17:33:14	0	57.4	38	1.2000	1.0000	120.00	
17:33:15	0	58.1	38	0.9000	0.9000	100.00	
17:33:16	0	58.5	38	1.0000	0.8000	125.00	
17:33:17	0	59.0	38	1.0000	0.9000	111.11	
17:33:18	0	59.6	38	0.8000	0.8000	100.00	
17:33:19	0	60.0	39	1.0000	0.8000	125.00	
17:33:20	0	60.4	39	1.1000	1.0000	110.00	
17:33:21	0	61.0	39	0.9000	0.8000	112.50	
17:33:22	0	61.4	40	1.0000	0.8000	125.00	
17:33:23	0	61.7	40	1.0000	0.9000	111.11	
17:33:24	0	62.5	40	0.6000	0.7000	85.71	
17:33:25	0	62.7	40	0.8000	0.8000	100.00	
17:33:26	0	63.2	40	0.9000	0.9000	100.00	
17:33:27	0	63.9	40	0.6000	0.5000	120.00	
17:33:28	0	64.1	41	0.9000	0.5000	180.00	
17:33:29	0	64.8	41	0.7000	0.8000	87.50	
17:33:30	0	65.5	41	0.8000	0.5000	160.00	
17:33:31	0	65.9	41	1.0000	0.7000	142.86	
17:33:32	0	66.6	41	0.5000	0.6000	83.33	
17:33:33	0	67.2	42	0.8000	0.5000	160.00	
17:33:34	0	67.7	42	1.0000	0.8000	125.00	
17:33:35	0	68.4	42	0.5000	0.5000	100.00	
17:33:36	0	68.8	42	0.9000	0.6000	150.00	
17:33:37	0	69.1	42	1.0000	0.9000	111.11	
17:33:38	0	69.8	43	0.6000	0.8000	75.00	
17:33:39	0	70.2	43	0.9000	0.8000	112.50	
17:33:40	0	70.6	43	1.0000	0.8000	125.00	
17:33:41	0	71.2	43	0.7000	0.7000	100.00	
17:33:42	0	71.7	44	0.9000	0.7000	128.57	
17:33:43	0	72.2	44	0.8000	0.8000	100.00	
17:33:44	0	72.8	44	0.8000	0.7000	114.29	
17:33:45	0	73.3	44	0.8000	0.8000	100.00	
17:33:46	0	73.9	44	0.8000	0.9000	88.89	
17:33:47	0	74.3	45	0.9000	0.8000	112.50	
17:33:48	0	74.9	45	0.9000	0.8000	112.50	
17:33:49	0	75.3	45	0.9000	0.8000	112.50	
17:33:50	0	75.8	45	0.9000	0.9000	100.00	
17:33:51	0	76.2	45	0.9000	0.9000	100.00	
17:33:52	0	76.7	46	1.0000	0.8000	125.00	
17:33:53	0	77.2	46	0.9000	0.8000	112.50	
17:33:54	0	77.7	46	1.0000	0.8000	125.00	
17:33:55	0	78.2	46	1.0000	0.9000	111.11	
17:33:56	0	78.8	47	0.9000	0.9000	100.00	
17:33:57	0	79.2	47	1.0000	0.8000	125.00	
17:33:58	0	79.7	47	1.0000	0.9000	111.11	
17:33:59	0	80.2	47	0.9000	1.0000	90.00	
17:34:00	0	80.6	48	1.0000	1.0000	100.00	
17:34:01	0	81.2	48	1.0000	0.9000	111.11	
17:34:02	0	81.6	48	1.0000	0.8000	125.00	
17:34:03	0	82.1	48	0.9000	0.8000	112.50	
17:34:04	0	82.8	48	0.6000	0.7000	85.71	
17:34:05	0	83.2	49	0.8000	0.7000	114.29	
17:34:06	0	83.6	49	1.0000	0.8000	125.00	
17:34:07	0	84.2	49	0.8000	0.9000	88.89	
17:34:08	0	84.5	49	1.0000	0.9000	111.11	
17:34:09	0	85.0	50	1.0000	0.9000	111.11	
17:34:10	0	85.4	50	1.0000	0.9000	111.11	
17:34:11	0	85.9	50	1.0000	0.8000	125.00	
17:34:12	0	86.3	50	1.0000	0.9000	111.11	
17:34:13	0	86.9	51	1.2000	1.0000	120.00	
17:34:14	0	87.3	51	1.2000	0.9000	133.33	
17:34:15	0	87.7	51	1.0000	0.9000	111.11	
17:34:16	0	88.3	51	1.0000	0.9000	111.11	
17:34:17	0	88.6	52	1.1000	0.9000	122.22	
17:34:18	0	89.1	52	1.0000	1.0000	100.00	
17:34:19	0	89.6	52	1.0000	0.9000	111.11	
17:34:20	0	89.9	52	1.0000	0.9000	111.11	
17:34:21	0	90.3	53	1.0000	0.9000	111.11	
17:34:22	0	90.8	53	1.0000	0.9000	111.11	
17:34:23	0	91.2	53	1.1000	0.9000	122.22	
17:34:24	0	91.7	53	1.1000	0.8000	137.50	
17:34:25	0	92.0	54	1.0000	0.9000	111.11	
17:34:26	0	92.6	54	0.9000	0.8000	112.50	
17:34:27	0	93.0	54	1.0000	0.8000	125.00	
17:34:28	0	93.5	54	1.0000	0.8000	125.00	
17:34:29	0	93.9	55	0.8000	0.8000	100.00	
17:34:30	0	94.4	55	1.0000	0.8000	125.00	
17:34:31	0	94.7	55	1.0000	0.9000	111.11	
17:34:32	0	95.1	55	1.0000	0.9000	111.11	
17:34:33	0	95.6	56	1.0000	0.8000	125.00	
17:34:34	0	96.1	56	1.0000	0.9000	111.11	
17:34:35	0	96.5	56	1.1000	0.9000	122.22	
17:34:36	0	96.9	56	1.0000	0.9000	111.11	
17:34:37	0	97.4	57	1.0000	0.9000	111.11	
17:34:38	0	98.0	57	1.1000	0.8000	137.50	
17:34:39	0	98.3	57	1.0000	0.9000	111.11	
17:34:40	0	98.9	57	0.7000	0.8000	87.50	
17:34:41	0	99.3	58	0.9000	0.8000	112.50	
17:34:42	0	99.7	58	1.0000	0.9000	111.11	
17:34:43	0	100.2	58	0.8000	0.9000	88.89	
17:34:44	0	100.6	58	1.0000	0.9000	111.11	
17:34:45	0	100.9	59	1.1000	0.9000	122.22	
17:34:46	0	101.3	59	1.1000	1.0000	110.00	
17:34:47	0	101.7	59	1.0000	1.0000	100.00	
17:34:48	0	102.1	59	1.1000	1.0000	110.00	
17:34:49	0	102.4	60	1.2000	0.9000	133.33	
17:34:50	0	103.0	60	1.0000	0.8000	125.00	
17:34:51	0	103.5	60	1.0000	0.8000	125.00	
17:34:52	0	103.8	60	1.1000	0.9000	122.22	
17:34:53	0	104.5	60	0.7000	0.8000	87.50	
17:34:54	0	105.0	61	0.8000	0.6000	133.33	
17:34:55	0	105.3	61	1.2000	0.8000	150.00	
17:34:56	0	106.0	61	0.8000	0.9000	88.89	
17:34:57	0	106.3	61	0.9000	0.9000	100.00	
17:34:58	0	106.4	62	1.2000	1.0000	120.00	
17:34:59	0	107.1	62	0.9000	1.0000	90.00	
17:35:00	0	107.3	62	0.9000	1.0000	90.00	
17:35:01	0	107.6	62	1.1000	1.0000	110.00	
17:35:02	0	108.1	63	1.0000	0.9000	111.11	
17:35:03	0	108.5	63	1.0000	0.9000	111.11	
17:35:04	0	108.7	63	1.2000	1.0000	120.00	
17:35:05	0	109.3	63	1.0000	0.9000	111.11	
17:35:06	0	109.8	64	1.0000	0.9000	111.11	
17:35:07	0	110.0	64	1.1000	0.9000	122.22	
17:35:08	0	110.6	64	0.8000	0.8000	100.00	
17:35:09	0	111.2	64	1.0000	0.8000	125.00	
17:35:10	0	111.5	65	1.1000	0.8000	137.50	
17:35:11	0	112.0	65	0.9000	0.9000	100.00	
17:35:12	0	112.3	65	1.0000	1.0000	100.00	
17:35:13	0	112.7	65	1.1000	1.0000	110.00	
17:35:14	0	113.1	66	1.0000	1.0000	100.00	
17:35:15	0	113.4	66	1.1000	1.0000	110.00	
17:35:16	0	113.8	66	1.1000	0.9000	122.22	
17:35:17	0	114.1	67	1.0000	0.9000	111.11	
17:35:18	0	114.5	67	1.1000	1.0000	110.00	
17:35:19	0	114.7	67	1.2000	1.0000	120.00	
17:35:20	0	115.2	67	1.1000	1.0000	110.00	
17:35:21	0	115.5	68	1.2000	1.0000	120.00	
17:35:22	0	115.9	68	1.2000	1.0000	120.00	
17:35:23	0	116.4	68	1.0000	0.9000	111.11	
17:35:24	0	116.6	68	1.1000	1.0000	110.00	
17:35:25	0	117.2	69	1.0000	1.0000	100.00	
17:35:26	0	117.5	69	1.0000	0.9000	111.11	
17:35:27	0	117.9	69	1.1000	1.0000	110.00	
17:35:28	0	118.5	69	1.0000	0.9000	111.11	
17:35:29	0	118.6	70	1.1000	1.0000	110.00	
17:35:30	0	119.1	70	1.1000	1.0000	110.00	
17:35:31	0	119.4	70	1.0000	0.9000	111.11	
17:35:32	0	119.6	71	1.1000	1.0000	110.00	
17:35:33	0	120.0	71	1.1000	1.0000	110.00	
17:35:34	0	120.3	71	1.1000	1.0000	110.00	
17:35:35	0	120.6	71	1.1000	1.0000	110.00	
17:35:36	0	121.0	72	1.1000	0.9000	122.22	
17:35:37	0	121.3	72	1.2000	1.0000	120.00	
17:35:38	0	121.5	72	1.2000	1.0000	120.00	
17:35:39	0	122.0	73	1.1000	1.0000	110.00	
17:35:40	0	122.4	73	1.2000	1.0000	120.00	
17:35:41	0	122.6	73	1.2000	1.0000	120.00	
17:35:42	0	123.2	73	1.0000	1.0000	100.00	
17:35:43	0	123.4	74	1.1000	1.0000	110.00	
17:35:44	0	123.8	74	1.2000	1.0000	120.00	
17:35:45	0	124.1	74	1.2000	1.0000	120.00	
17:35:46	0	124.4	75	1.2000	1.0000	120.00	
17:35:47	0	124.7	75	1.1000	1.0000	110.00	
17:35:48	0	125.0	75	1.2000	1.0000	120.00	
17:35:49	0	125.3	75	1.2000	1.0000	120.00	
17:35:50	0	125.7	76	1.2000	1.0000	120.00	
17:35:51	0	125.9	76	1.2000	1.0000	120.00	
17:35:52	0	126.2	76	1.2000	1.0000	120.00	
17:35:53	0	126.5	77	1.2000	1.0000	120.00	
17:35:54	0	126.8	77	1.2000	1.0000	120.00	
17:35:55	0	127.0	77	1.2000	1.0000	120.00	
17:35:56	0	127.4	78	1.2000	1.0000	120.00	
17:35:57	0	127.8	78	1.2000	1.0000	120.00	
17:35:58	0	128.1	78	1.2000	1.0000	120.00	
17:35:59	0	128.5	78	1.2000	1.0000	120.00	
17:36:00	0	128.9	79	1.2000	1.0000	120.00	
17:36:01	0	129.2	79	1.2000	1.0000	120.00	
17:36:02	0	129.6	79	1.2000	1.0000	120.00	
17:36:03	0	130.0	80	1.1000	1.0000	110.00	
17:36:04	0	130.3	80	1.2000	1.0000	120.00	
17:36:05	0	130.4	80	1.3000	1.0000	130.00	
17:36:06	0	130.8	80	1.2000	1.0000	120.00	
17:36:07	0	131.1	81	1.2000	1.0000	120.00	
17:36:08	0	131.2	81	1.2000	1.0000	120.00	
17:36:09	0	131.6	81	1.2000	1.0000	120.00	
17:36:10	0	132.0	82	1.2000	1.0000	120.00	
17:36:11	0	132.2	82	1.2000	1.0000	120.00	
17:36:12	0	132.6	82	1.2000	1.0000	120.00	
17:36:13	0	132.9	83	1.2000	1.0000	120.00	
17:36:14	0	133.4	83	1.2000	1.0000	120.00	
17:36:15	0	133.6	83	1.2000	1.0000	120.00	
17:36:16	0	134.0	83	1.1000	1.0000	110.00	
17:36:17	0	134.4	84	1.2000	1.0000	120.00	
17:36:18	0	134.7	84	1.2000	1.0000	120.00	
17:36:19	0	135.1	84	1.1000	1.0000	110.00	
17:36:20	0	135.3	85	1.2000	1.0000	120.00	
17:36:21	0	135.8	85	1.2000	1.0000	120.00	
17:36:22	0	136.1	85	1.2000	1.0000	120.00	
17:36:23	0	136.3	86	1.3000	1.1000	118.18	
17:36:24	0	136.7	86	1.2000	1.0000	120.00	
17:36:25	0	136.9	86	1.2000	1.0000	120.00	
17:36:26	0	137.2	86	1.2000	1.0000	120.00	
17:36:27	0	137.5	87	1.2000	1.0000	120.00	
17:36:28	0	137.8	87	1.1000	1.0000	110.00	
17:36:29	0	138.2	87	1.2000	1.0000	120.00	
17:36:30	0	138.4	88	1.2000	1.0000	120.00	
17:36:31	0	138.8	88	1.1000	1.0000	110.00	
17:36:32	0	139.2	88	1.2000	1.0000	120.00	
17:36:33	0	139.4	88	1.2000	1.0000	120.00	
17:36:34	0	139.9	89	1.1000	1.0000	110.00	
17:36:35	0	140.2	89	1.1000	1.0000	110.00	
17:36:36	0	140.2	89	1.3000	1.0000	130.00	
17:36:37	0	140.6	90	1.2000	1.0000	120.00	
17:36:38	0	141.0	90	1.0000	1.0000	100.00	
17:36:39	0	141.0	90	1.3000	1.0000	130.00	
17:36:40	0	141.5	90	1.2000	1.0000	120.00	
17:36:41	0	141.7	91	1.2000	1.0000	120.00	
17:36:42	0	141.9	91	1.2000	1.0000	120.00	
17:36:43	0	142.5	91	1.0000	1.0000	100.00	
17:36:44	0	142.8	92	1.1000	1.0000	110.00	
17:36:45	0	143.2	92	1.2000	1.0000	120.00	
17:36:46	0	143.5	92	1.1000	1.0000	110.00	
17:36:47	0	143.9	92	1.2000	1.0000	120.00	
17:36:48	0	144.3	93	1.2000	1.0000	120.00	
17:36:49	0	144.6	93	1.2000	1.0000	120.00	
17:36:50	0	144.9	93	1.2000	1.0000	120.00	
17:36:51	0	145.2	94	1.1000	1.0000	110.00	
17:36:52	0	145.4	94	1.2000	1.0000	120.00	
17:36:53	0	145.8	94	1.2000	1.0000	120.00	
17:36:54	0	146.3	95	1.2000	1.0000	120.00	
17:36:55	0	146.5	95	1.3000	1.0000	130.00	
17:36:56	0	146.9	95	1.1000	1.0000	110.00	
17:36:57	0	147.2	95	1.1000	1.0000	110.00	
17:36:58	0	147.5	96	1.2000	1.0000	120.00	
17:36:59	0	147.7	96	1.1000	1.0000	110.00	
17:37:00	0	148.3	96	1.1000	1.0000	110.00	
17:37:01	0	148.4	97	1.2000	1.0000	120.00	
17:37:02	0	148.7	97	1.2000	1.0000	120.00	
17:37:03	0	149.1	97	1.1000	1.0000	110.00	
17:37:04	0	149.3	97	1.2000	1.0000	120.00	
17:37:05	0	149.6	98	1.2000	1.0000	120.00	
17:37:06	0	150.1	98	1.1000	1.0000	110.00	
17:37:07	0	150.4	98	1.2000	1.0000	120.00	
17:37:08	0	150.7	99	1.3000	1.1000	118.18	
17:37:09	0	151.0	99	1.2000	1.0000	120.00	
17:37:10	0	151.4	99	1.1000	1.0000	110.00	
17:37:11	0	151.7	99	1.2000	1.0000	120.00	
17:37:12	0	151.9	100	1.2000	1.0000	120.00	
17:37:13	0	152.3	100	1.2000	1.0000	120.00	
17:37:14	0	152.6	100	1.2000	1.0000	120.00	
17:37:15	0	152.7	101	1.2000	1.1000	109.09	
17:37:16	0	153.2	101	1.2000	1.0000	120.00	
17:37:17	0	153.6	101	1.2000	1.0000	120.00	
17:37:18	0	153.8	102	1.2000	1.0000	120.00	
17:37:19	0	154.1	102	1.2000	1.0000	120.00	
17:37:20	0	154.2	102	1.2000	1.0000	120.00	
17:37:21	0	154.4	102	1.4000	1.1000	127.27	
17:37:22	0	154.6	103	1.3000	1.1000	118.18	
17:37:23	0	155.1	103	1.2000	1.0000	120.00	
17:37:24	0	155.3	103	1.2000	1.0000	120.00	
17:37:25	0	155.6	104	1.3000	1.1000	118.18	
17:37:26	0	156.0	104	1.1000	1.0000	110.00	
17:37:27	0	156.3	104	1.2000	1.0000	120.00	
17:37:28	0	156.5	105	1.2000	1.0000	120.00	
17:37:29	0	157.1	105	1.1000	1.0000	110.00	
17:37:30	0	157.3	105	1.2000	1.0000	120.00	
17:37:31	0	157.5	106	1.3000	1.1000	118.18	
17:37:32	0	157.8	106	1.2000	1.1000	109.09	
17:37:33	0	158.2	106	1.2000	1.0000	120.00	
17:37:34	0	158.4	106	1.2000	1.0000	120.00	
17:37:35	0	158.6	107	1.2000	1.1000	109.09	
17:37:36	0	158.5	107	1.5000	1.2000	125.00	
17:37:37	0	158.3	108	1.7000	1.2000	141.67	
17:37:38	0	158.2	108	1.6000	1.3000	123.08	
17:37:39	0	157.8	108	1.8000	1.4000	128.57	
17:37:40	0	157.5	109	1.8000	1.5000	120.00	
17:37:41	0	157.1	109	1.7000	1.5000	113.33	
17:37:42	0	156.8	110	1.7000	1.6000	106.25	
17:37:43	0	156.6	110	1.7000	1.6000	106.25	
17:37:44	0	156.3	111	1.8000	1.6000	112.50	
17:37:45	0	155.9	111	1.7000	1.6000	106.25	
17:37:46	0	155.6	111	1.7000	1.6000	106.25	
17:37:47	0	155.3	112	1.7000	1.5000	113.33	
17:37:48	0	154.9	112	1.7000	1.6000	106.25	
17:37:49	0	154.7	113	1.7000	1.6000	106.25	
17:37:50	0	154.5	113	1.8000	1.6000	112.50	
17:37:51	0	154.2	114	2.1000	1.7000	123.53	
17:37:52	0	154.0	114	2.1000	1.8000	116.67	
17:37:53	0	153.9	115	1.9000	1.7000	111.76	
17:37:54	0	153.7	115	1.9000	1.6000	118.75	
17:37:55	0	153.4	116	1.8000	1.5000	120.00	
17:37:56	0	153.2	116	1.9000	1.6000	118.75	
17:37:57	0	153.1	117	1.8000	1.6000	112.50	
17:37:58	0	152.6	117	1.9000	1.6000	118.75	
17:37:59	0	152.4	117	1.8000	1.6000	112.50	
17:38:00	0	152.3	118	1.7000	1.6000	106.25	
17:38:01	0	151.9	119	2.1000	1.7000	123.53	
17:38:02	0	151.7	119	2.0000	1.7000	117.65	
17:38:03	0	151.6	119	1.6000	1.6000	100.00	
17:38:04	0	151.4	120	1.9000	1.6000	118.75	
17:38:05	0	151.3	120	2.1000	1.6000	131.25	
17:38:06	0	151.3	121	1.8000	1.6000	112.50	
17:38:07	0	151.2	121	1.8000	1.4000	128.57	
17:38:08	0	150.9	122	2.1000	1.6000	131.25	
17:38:09	0	150.8	122	2.1000	1.6000	131.25	
17:38:10	0	150.5	123	1.9000	1.6000	118.75	
17:38:11	0	150.2	123	1.9000	1.6000	118.75	
17:38:12	0	149.8	124	1.9000	1.6000	118.75	
17:38:13	0	149.6	124	1.8000	1.6000	112.50	
17:38:14	0	149.5	125	1.7000	1.5000	113.33	
17:38:15	0	149.1	125	2.0000	1.6000	125.00	
17:38:16	0	149.1	126	1.8000	1.6000	112.50	
17:38:17	0	149.0	126	1.6000	1.6000	100.00	
17:38:18	0	148.7	127	2.1000	1.6000	131.25	
17:38:19	0	148.5	127	2.0000	1.6000	125.00	
17:38:20	0	148.5	127	1.8000	1.6000	112.50	
17:38:21	0	148.3	128	2.0000	1.5000	133.33	
17:38:22	0	148.0	128	2.1000	1.6000	131.25	
17:38:23	0	147.9	129	1.7000	1.6000	106.25	
17:38:24	0	147.6	129	1.8000	1.5000	120.00	
17:38:25	0	147.3	130	2.0000	1.6000	125.00	
17:38:26	0	147.0	130	1.8000	1.6000	112.50	
17:38:27	0	146.8	131	1.7000	1.5000	113.33	
17:38:28	0	146.4	131	1.8000	1.6000	112.50	
17:38:29	1	146.1	0	1.8000	1.6000	112.50	
17:38:30	1	145.8	0	1.6000	1.6000	100.00	
17:38:31	1	145.4	1	1.5000	1.6000	93.75	
17:38:32	1	145.1	1	1.7000	1.6000	106.25	
17:38:33	1	145.0	2	1.7000	1.5000	113.33	
17:38:34	1	144.8	2	1.4000	1.4000	100.00	
17:38:35	1	144.4	2	1.6000	1.5000	106.67	
17:38:36	1	144.1	3	1.6000	1.6000	100.00	
17:38:37	1	144.0	3	1.4000	1.5000	93.33	
17:38:38	1	143.7	3	1.6000	1.6000	100.00	
17:38:39	1	143.2	4	1.8000	1.7000	105.88	
17:38:40	1	143.1	4	1.5000	1.6000	93.75	
17:38:41	1	142.7	5	1.5000	1.6000	93.75	
17:38:42	1	142.3	5	1.8000	1.6000	112.50	
17:38:43	1	142.0	6	1.7000	1.6000	106.25	
17:38:44	1	141.8	6	1.6000	1.5000	106.67	
17:38:45	1	141.4	6	1.6000	1.5000	106.67	
17:38:46	1	141.1	7	1.4000	1.5000	93.33	
17:38:47	1	140.9	7	1.6000	1.5000	106.67	
17:38:48	1	140.6	8	1.7000	1.5000	113.33	
17:38:49	1	140.3	8	1.5000	1.5000	100.00	
17:38:50	1	139.9	8	1.4000	1.5000	93.33	
17:38:51	1	139.4	9	1.4000	1.6000	87.50	
17:38:52	1	139.2	9	1.4000	1.6000	87.50	
17:38:53	1	138.8	9	1.6000	1.6000	100.00	
17:38:54	1	138.5	10	1.6000	1.6000	100.00	
17:38:55	1	138.1	10	1.6000	1.6000	100.00	
17:38:56	1	137.8	11	1.7000	1.7000	100.00	
17:38:57	1	137.4	11	1.7000	1.7000	100.00	
17:38:58	1	137.0	11	1.6000	1.6000	100.00	
17:38:59	1	136.7	12	1.6000	1.6000	100.00	
17:39:00	1	136.5	12	1.6000	1.6000	100.00	
17:39:01	1	136.1	13	1.5000	1.6000	93.75	
17:39:02	1	135.9	13	1.4000	1.5000	93.33	
17:39:03	1	135.6	13	1.6000	1.5000	106.67	
17:39:04	1	135.1	14	1.6000	1.6000	100.00	
17:39:05	1	134.9	14	1.5000	1.7000	88.24	
17:39:06	1	134.5	15	1.6000	1.6000	100.00	
17:39:07	1	134.2	15	1.7000	1.6000	106.25	
17:39:08	1	133.8	15	1.7000	1.7000	100.00	
17:39:09	1	133.5	16	1.6000	1.7000	94.12	
17:39:10	1	133.2	16	1.6000	1.6000	100.00	
17:39:11	1	132.8	17	1.6000	1.6000	100.00	
17:39:12	1	132.3	17	1.6000	1.7000	94.12	
17:39:13	1	131.9	17	1.5000	1.7000	88.24	
17:39:14	1	131.6	18	1.5000	1.7000	88.24	
17:39:15	1	131.4	18	1.6000	1.6000	100.00	
17:39:16	1	131.0	19	1.7000	1.6000	106.25	
17:39:17	1	130.6	19	1.6000	1.6000	100.00	
17:39:18	1	130.4	19	1.4000	1.6000	87.50	
17:39:19	1	130.1	20	1.6000	1.6000	100.00	
17:39:20	1	129.7	20	1.6000	1.6000	100.00	
17:39:21	1	129.2	21	1.6000	1.8000	88.89	
17:39:22	1	129.0	21	1.7000	1.7000	100.00	
17:39:23	1	128.5	21	1.8000	1.7000	105.88	
17:39:24	1	128.1	22	1.8000	1.8000	100.00	
17:39:25	1	127.8	22	1.7000	1.8000	94.44	
17:39:26	1	127.5	23	1.8000	1.8000	100.00	
17:39:27	1	127.2	23	1.9000	1.8000	105.56	
17:39:28	1	127.0	24	1.8000	1.7000	105.88	
17:39:29	1	126.8	24	1.7000	1.6000	106.25	
17:39:30	1	126.5	25	1.7000	1.6000	106.25	
17:39:31	1	126.1	25	1.6000	1.6000	100.00	
17:39:32	1	125.7	25	1.6000	1.7000	94.12	
17:39:33	1	125.3	26	1.7000	1.7000	100.00	
17:39:34	1	124.9	26	1.7000	1.7000	100.00	
17:39:35	1	124.6	27	1.6000	1.8000	88.89	
17:39:36	1	124.3	27	1.7000	1.8000	94.44	
17:39:37	1	124.0	28	1.9000	1.8000	105.56	
17:39:38	1	123.6	28	2.0000	1.9000	105.26	
17:39:39	1	123.3	28	1.8000	1.8000	100.00	
17:39:40	1	123.2	29	1.7000	1.7000	100.00	
17:39:41	1	122.7	29	1.8000	1.8000	100.00	
17:39:42	1	122.4	30	1.7000	1.7000	100.00	
17:39:43	1	122.1	30	1.6000	1.6000	100.00	
17:39:44	1	121.7	31	1.8000	1.6000	112.50	
17:39:45	1	121.3	31	1.7000	1.6000	106.25	
17:39:46	2	120.9	0	1.6000	1.7000	94.12	
17:39:47	2	120.6	0	1.4000	1.6000	87.50	
17:39:48	2	120.3	1	1.5000	1.6000	93.75	
17:39:49	2	119.8	1	1.7000	1.7000	100.00	
17:39:50	2	119.5	1	1.4000	1.6000	87.50	
17:39:51	2	119.2	2	1.6000	1.6000	100.00	
17:39:52	2	118.7	2	1.8000	1.8000	100.00	
17:39:53	2	118.3	3	1.7000	1.7000	100.00	
17:39:54	2	118.0	3	1.7000	1.7000	100.00	
17:39:55	2	117.7	4	1.6000	1.7000	94.12	
17:39:56	2	117.2	4	1.7000	1.7000	100.00	
17:39:57	2	116.9	4	1.7000	1.8000	94.44	
17:39:58	2	116.6	5	1.4000	1.6000	87.50	
17:39:59	2	116.2	5	1.8000	1.6000	112.50	
17:40:00	2	115.9	6	1.8000	1.8000	100.00	
17:40:01	2	115.7	6	1.4000	1.6000	87.50	
17:40:02	2	115.1	6	1.6000	1.8000	88.89	
17:40:03	2	114.7	7	1.6000	1.9000	84.21	
17:40:04	2	114.4	7	1.4000	1.7000	82.35	
17:40:05	2	114.0	8	1.7000	1.7000	100.00	
17:40:06	2	113.6	8	1.7000	1.8000	94.44	
17:40:07	2	113.3	8	1.5000	1.8000	83.33	
17:40:08	2	112.9	9	1.7000	1.7000	100.00	
17:40:09	2	112.6	9	1.6000	1.7000	94.12	
17:40:10	2	112.2	10	1.5000	1.6000	93.75	
17:40:11	2	111.9	10	1.8000	1.7000	105.88	
17:40:12	2	111.5	11	1.8000	1.7000	105.88	
17:40:13	2	111.2	11	1.7000	1.7000	100.00	
17:40:14	2	110.9	11	1.7000	1.7000	100.00	
17:40:15	2	110.5	12	1.6000	1.7000	94.12	
17:40:16	2	110.2	12	1.6000	1.8000	88.89	
17:40:17	2	109.9	13	1.6000	1.8000	88.89	
17:40:18	2	109.4	13	1.7000	1.8000	94.44	
17:40:19	2	108.9	13	1.5000	1.8000	83.33	
17:40:20	2	108.6	14	1.4000	1.7000	82.35	
17:40:21	2	108.2	14	1.6000	1.7000	94.12	
17:40:22	2	107.8	15	1.7000	1.8000	94.44	
17:40:23	2	107.5	15	1.6000	1.7000	94.12	
17:40:24	2	107.2	15	1.4000	1.6000	87.50	
17:40:25	2	107.0	16	1.5000	1.6000	93.75	
17:40:26	2	106.4	16	1.8000	1.7000	105.88	
17:40:27	2	106.2	17	1.6000	1.7000	94.12	
17:40:28	2	105.9	17	1.6000	1.7000	94.12	
17:40:29	2	105.4	17	1.8000	1.8000	100.00	
17:40:30	2	105.0	18	1.4000	1.7000	82.35	
17:40:31	2	104.7	18	1.4000	1.6000	87.50	
17:40:32	2	104.2	18	1.6000	1.6000	100.00	
17:40:33	2	103.7	19	1.5000	1.7000	88.24	
17:40:34	2	103.3	19	1.3000	1.8000	72.22	
17:40:35	2	103.0	19	1.2000	1.6000	75.00	
17:40:36	2	102.4	20	1.6000	1.6000	100.00	
17:40:37	2	102.0	20	1.8000	1.6000	112.50	
17:40:38	2	101.8	21	1.5000	1.5000	100.00	
17:40:39	2	101.3	21	1.7000	1.6000	106.25	
17:40:40	2	100.8	22	1.8000	1.8000	100.00	
17:40:41	2	100.5	22	1.5000	1.7000	88.24	
17:40:42	2	100.2	22	1.6000	1.6000	100.00	
17:40:43	2	99.7	23	1.8000	1.7000	105.88	
17:40:44	2	99.4	23	1.7000	1.8000	94.44	
17:40:45	2	99.1	24	1.7000	1.7000	100.00	
17:40:46	2	98.7	24	1.7000	1.6000	106.25	
17:40:47	2	98.5	25	1.6000	1.6000	100.00	
17:40:48	2	98.1	25	1.6000	1.6000	100.00	
17:40:49	2	97.7	25	1.7000	1.6000	106.25	
17:40:50	2	97.3	26	1.6000	1.6000	100.00	
17:40:51	2	96.9	26	1.7000	1.8000	94.44	
17:40:52	2	96.4	27	1.6000	1.8000	88.89	
17:40:53	3	96.0	0	1.6000	1.7000	94.12	
17:40:54	3	95.7	0	1.7000	1.8000	94.44	
17:40:55	3	95.3	1	1.7000	1.8000	94.44	
17:40:56	3	94.8	1	1.7000	1.7000	100.00	
17:40:57	3	94.4	2	1.6000	1.7000	94.12	
17:40:58	3	94.0	2	1.6000	1.8000	88.89	
17:40:59	3	93.7	2	1.6000	1.7000	94.12	
17:41:00	3	93.4	3	1.6000	1.7000	94.12	
17:41:01	3	93.0	3	1.6000	1.7000	94.12	
17:41:02	3	92.7	4	1.6000	1.6000	100.00	
17:41:03	3	92.3	4	1.6000	1.7000	94.12	
17:41:04	3	91.9	4	1.7000	1.8000	94.44	
17:41:05	3	91.6	5	1.6000	1.7000	94.12	
17:41:06	3	91.2	5	1.6000	1.7000	94.12	
17:41:07	3	90.7	6	1.8000	1.8000	100.00	
17:41:08	3	90.3	6	1.7000	1.8000	94.44	
17:41:09	3	89.9	7	1.6000	1.7000	94.12	
17:41:10	3	89.3	7	1.7000	1.9000	89.47	
17:41:11	3	89.0	7	1.5000	1.8000	83.33	
17:41:12	3	88.6	8	1.6000	1.7000	94.12	
17:41:13	3	88.2	8	1.6000	1.8000	88.89	
17:41:14	3	87.8	9	1.6000	1.7000	94.12	
17:41:15	3	87.4	9	1.7000	1.7000	100.00	
17:41:16	3	87.0	9	1.7000	1.7000	100.00	
17:41:17	3	86.6	10	1.6000	1.8000	88.89	
17:41:18	3	86.3	10	1.6000	1.8000	88.89	
17:41:19	3	85.9	11	1.6000	1.8000	88.89	
17:41:20	3	85.3	11	1.7000	1.9000	89.47	
17:41:21	3	85.1	11	1.6000	1.8000	88.89	
17:41:22	3	84.5	12	1.7000	1.8000	94.44	
17:41:23	3	84.0	12	1.8000	1.9000	94.74	
17:41:24	3	83.6	13	1.6000	1.8000	88.89	
17:41:25	3	83.2	13	1.6000	1.8000	88.89	
17:41:26	3	82.8	14	1.8000	1.8000	100.00	
17:41:27	3	82.3	14	1.6000	1.8000	88.89	
17:41:28	3	81.9	14	1.5000	1.8000	83.33	
17:41:29	3	81.5	15	1.7000	1.8000	94.44	
17:41:30	3	81.1	15	1.7000	1.8000	94.44	
17:41:31	3	80.7	16	1.6000	1.8000	88.89	
17:41:32	3	80.3	16	1.5000	1.8000	83.33	
17:41:33	3	80.0	16	1.5000	1.8000	83.33	
17:41:34	3	79.5	17	1.6000	1.7000	94.12	
17:41:35	3	79.1	17	1.7000	1.8000	94.44	
17:41:36	3	78.5	18	1.6000	1.9000	84.21	
17:41:37	3	78.2	18	1.6000	1.8000	88.89	
17:41:38	3	77.7	18	1.6000	1.7000	94.12	
17:41:39	3	77.1	19	1.7000	1.8000	94.44	
17:41:40	3	76.7	19	1.6000	1.9000	84.21	
17:41:41	3	76.3	20	1.6000	1.8000	88.89	
17:41:42	3	75.9	20	1.6000	1.8000	88.89	
17:41:43	3	75.5	21	1.8000	1.7000	105.88	
17:41:44	3	75.0	21	1.8000	1.8000	100.00	
17:41:45	3	74.6	21	1.6000	1.8000	88.89	
17:41:46	3	74.3	22	1.6000	1.8000	88.89	
17:41:47	3	73.8	22	1.6000	1.8000	88.89	
17:41:48	3	73.4	23	1.6000	1.8000	88.89	
17:41:49	3	73.1	23	1.4000	1.8000	77.78	
17:41:50	3	72.5	23	1.6000	1.7000	94.12	
17:41:51	3	72.0	24	1.8000	1.8000	100.00	
17:41:52	3	71.6	24	1.7000	1.8000	94.44	
17:41:53	3	71.2	25	1.7000	1.8000	94.44	
17:41:54	4	70.6	0	1.7000	1.8000	94.44	
17:41:55	4	70.2	0	1.6000	1.8000	88.89	
17:41:56	4	69.8	1	1.5000	1.7000	88.24	
17:41:57	4	69.3	1	1.6000	1.7000	94.12	
17:41:58	4	68.7	2	1.7000	1.8000	94.44	
17:41:59	4	68.4	2	1.5000	1.6000	93.75	
17:42:00	4	68.1	2	1.5000	1.6000	93.75	
17:42:01	4	67.4	3	1.8000	1.8000	100.00	
17:42:02	4	67.1	3	1.6000	1.8000	88.89	
17:42:03	4	66.7	4	1.6000	1.6000	100.00	
17:42:04	4	66.3	4	1.8000	1.7000	105.88	
17:42:05	4	65.8	4	1.8000	1.8000	100.00	
17:42:06	4	65.2	5	1.8000	1.8000	100.00	
17:42:07	4	64.8	5	1.7000	1.8000	94.44	
17:42:08	4	64.4	6	1.7000	1.7000	100.00	
17:42:09	4	63.8	6	1.8000	1.8000	100.00	
17:42:10	4	63.3	7	1.7000	1.9000	89.47	
17:42:11	4	63.0	7	1.6000	1.7000	94.12	
17:42:12	4	62.5	7	1.6000	1.6000	100.00	
17:42:13	4	62.0	8	1.7000	1.7000	100.00	
17:42:14	4	61.6	8	1.6000	1.8000	88.89	
17:42:15	4	61.2	9	1.5000	1.7000	88.24	
17:42:16	4	60.7	9	1.7000	1.7000	100.00	
17:42:17	4	60.1	9	1.7000	1.8000	94.44	
17:42:18	4	59.7	10	1.5000	1.7000	88.24	
17:42:19	4	59.3	10	1.5000	1.6000	93.75	
17:42:20	4	58.6	11	1.8000	1.7000	105.88	
17:42:21	4	58.2	11	1.6000	1.7000	94.12	
17:42:22	4	57.8	11	1.6000	1.6000	100.00	
17:42:23	4	57.3	12	1.8000	1.7000	105.88	
17:42:24	4	56.9	12	1.7000	1.7000	100.00	
17:42:25	4	56.5	13	1.6000	1.7000	94.12	
17:42:26	4	56.0	13	1.6000	1.8000	88.89	
17:42:27	4	55.8	13	1.2000	1.7000	70.59	
17:42:28	4	55.3	14	1.5000	1.6000	93.75	
17:42:29	4	54.6	14	1.8000	1.7000	105.88	
17:42:30	4	54.0	15	1.5000	1.8000	83.33	
17:42:31	4	53.7	15	1.4000	1.6000	87.50	
17:42:32	4	53.0	15	1.6000	1.7000	94.12	
17:42:33	4	52.5	16	1.6000	1.8000	88.89	
17:42:34	4	52.1	16	1.4000	1.6000	87.50	
17:42:35	4	51.6	17	1.6000	1.7000	94.12	
17:42:36	4	51.0	17	1.8000	1.8000	100.00	
17:42:37	4	50.8	17	1.6000	1.8000	88.89	
17:42:38	4	50.4	18	1.8000	1.8000	100.00	
17:42:39	4	49.8	18	1.9000	1.9000	100.00	
17:42:40	4	49.5	19	1.6000	1.9000	84.21	
17:42:41	4	49.2	19	1.6000	1.7000	94.12	
17:42:42	4	48.7	20	1.7000	1.7000	100.00	
17:42:43	4	48.2	20	1.8000	1.8000	100.00	
17:42:44	4	47.9	20	1.7000	1.8000	94.44	
17:42:45	4	47.4	21	1.7000	1.7000	100.00	
17:42:46	4	46.8	21	1.7000	1.8000	94.44	
17:42:47	4	46.4	22	1.6000	1.8000	88.89	
17:42:48	4	45.8	22	1.6000	1.8000	88.89	
17:42:49	4	45.3	23	1.6000	1.8000	88.89	
17:42:50	4	44.7	23	1.5000	2.0000	75.00	
17:42:51	4	44.3	23	1.5000	1.9000	78.95	
17:42:52	4	43.8	24	1.7000	1.8000	94.44	
17:42:53	4	43.4	24	1.7000	1.9000	89.47	
17:42:54	4	43.0	25	1.8000	2.0000	90.00	
17:42:55	4	42.7	25	1.8000	1.9000	94.74	
17:42:56	4	42.1	26	1.8000	1.9000	94.74	
17:42:57	4	41.9	26	1.7000	1.9000	89.47	
17:42:58	4	41.4	26	1.8000	1.8000	100.00	
17:42:59	4	41.0	27	1.8000	1.8000	100.00	
17:43:00	4	40.5	27	1.7000	1.8000	94.44	
17:43:01	4	40.0	28	1.8000	1.8000	100.00	
17:43:02	4	39.5	28	1.7000	1.8000	94.44	
17:43:03	5	39.0	0	1.7000	1.8000	94.44	
17:43:04	5	38.4	0	1.6000	1.9000	84.21	
17:43:05	5	37.9	1	1.6000	1.9000	84.21	
17:43:06	5	37.4	1	1.6000	1.8000	88.89	
17:43:07	5	37.0	2	1.6000	1.9000	84.21	
17:43:08	5	36.5	2	1.6000	1.9000	84.21	
17:43:09	5	36.1	2	1.7000	1.8000	94.44	
17:43:10	5	35.7	3	1.7000	1.8000	94.44	
17:43:11	5	35.2	3	1.7000	1.8000	94.44	
17:43:12	5	34.7	4	1.8000	1.8000	100.00	
17:43:13	5	34.3	4	1.6000	2.0000	80.00	
17:43:14	5	34.0	5	1.6000	1.9000	84.21	
17:43:15	5	33.5	5	2.0000	1.9000	105.26	
17:43:16	5	33.0	6	2.1000	2.1000	100.00	
17:43:17	5	32.4	6	1.9000	2.1000	90.48	
17:43:18	5	32.0	6	1.8000	2.1000	85.71	
17:43:19	5	31.6	7	1.9000	2.0000	95.00	
17:43:20	5	30.9	7	2.1000	2.1000	100.00	
17:43:21	5	30.5	8	1.8000	2.1000	85.71	
17:43:22	5	30.1	8	1.8000	2.0000	90.00	
17:43:23	5	29.7	9	2.1000	2.1000	100.00	
17:43:24	5	29.1	9	1.9000	2.1000	90.48	
17:43:25	5	28.7	10	1.8000	2.0000	90.00	
17:43:26	5	28.4	10	1.6000	1.8000	88.89	
17:43:27	5	27.9	11	1.9000	1.9000	100.00	
17:43:28	5	27.3	11	2.3000	2.1000	109.52	
17:43:29	5	26.8	12	2.0000	2.2000	90.91	
17:43:30	5	26.4	12	1.7000	2.0000	85.00	
17:43:31	5	25.9	13	1.9000	1.9000	100.00	
17:43:32	5	25.4	13	2.1000	2.1000	100.00	
17:43:33	5	24.9	14	2.1000	2.0000	105.00	
17:43:34	5	24.4	14	2.1000	1.9000	110.53	
17:43:35	5	23.9	15	2.1000	2.1000	100.00	
17:43:36	5	23.4	15	1.9000	2.1000	90.48	
17:43:37	5	22.9	16	1.9000	2.1000	90.48	
17:43:38	5	22.3	16	2.0000	2.1000	95.24	
17:43:39	5	21.8	17	1.9000	2.1000	90.48	
17:43:40	5	21.4	17	1.8000	1.9000	94.74	
17:43:41	5	20.9	18	1.9000	2.0000	95.00	
17:43:42	5	20.3	18	1.9000	2.1000	90.48	
17:43:43	5	19.9	19	1.8000	2.0000	90.00	
17:43:44	5	19.4	19	2.0000	1.9000	105.26	
17:43:45	5	18.9	20	2.1000	2.0000	105.00	
17:43:46	5	18.5	20	2.1000	2.1000	100.00	
17:43:47	5	18.1	21	2.1000	2.1000	100.00	
17:43:48	5	17.6	21	2.1000	2.1000	100.00	
17:43:49	5	17.1	22	2.1000	2.1000	100.00	
17:43:50	5	16.5	22	2.0000	2.1000	95.24	
17:43:51	5	16.1	23	1.6000	1.9000	84.21	
17:43:52	5	15.4	23	1.8000	1.8000	100.00	
17:43:53	5	14.8	24	2.0000	1.9000	105.26	
17:43:54	5	14.2	24	1.8000	1.9000	94.74	
17:43:55	5	13.8	24	1.8000	2.0000	90.00	
17:43:56	5	13.3	25	2.1000	2.1000	100.00	
17:43:57	5	12.9	25	2.1000	2.1000	100.00	
17:43:58	5	12.4	26	1.9000	2.1000	90.48	
17:43:59	5	11.9	26	1.9000	2.1000	90.48	
17:44:00	5	11.4	27	2.0000	2.0000	100.00	
17:44:01	5	10.9	27	2.0000	2.0000	100.00	
17:44:02	5	10.5	28	1.9000	2.0000	95.00	
17:44:03	5	10.0	28	1.9000	1.9000	100.00	
17:44:04	5	9.4	29	2.0000	2.0000	100.00	
17:44:05	5	8.9	29	2.0000	2.0000	100.00	
17:44:06	5	8.5	30	1.9000	2.0000	95.00	
17:44:07	5	7.9	30	1.9000	2.0000	95.00	
17:44:08	5	7.3	31	2.0000	2.0000	100.00	
17:44:09	5	6.8	31	1.9000	2.0000	95.00	
17:44:10	5	6.3	32	1.9000	1.9000	100.00	
17:44:11	5	5.8	32	2.0000	1.9000	105.26	
17:44:12	5	5.3	33	2.0000	2.0000	100.00	
17:44:13	5	4.9	33	1.9000	1.9000	100.00	
17:44:14	5	4.5	34	1.8000	1.8000	100.00	
17:44:15	5	4.0	34	2.1000	1.8000	116.67	
17:44:16	5	3.6	35	2.1000	1.8000	116.67	
17:44:17	5	3.4	35	1.6000	1.6000	100.00	
17:44:18	5	3.0	36	1.8000	1.6000	112.50	
17:44:19	5	2.7	36	2.1000	1.7000	123.53	
17:44:20	5	2.4	37	2.1000	1.8000	116.67	
17:44:21	5	2.0	37	2.1000	1.8000	116.67	
17:44:22	5	1.7	38	2.1000	2.1000	100.00	
17:44:23	5	1.4	38	2.1000	2.1000	100.00	
17:44:24	5	1.1	39	2.3000	2.0000	115.00	
17:44:25	5	0.9	39	2.2000	2.0000	110.00	
17:44:26	5	0.6	40	2.0000	2.0000	100.00	
17:44:27	5	0.4	40	2.0000	1.9000	105.26	
17:44:28	5	0.1	41	2.2000	1.8000	122.22	
17:44:29	5	-0.1	41	2.5000	2.0000	125.00	
17:44:30	5	-0.2	42	2.3000	2.1000	109.52	
17:44:31	5	-0.2	43	2.2000	2.3000	95.65	
17:44:32	5	-0.2	43	2.2000	2.3000	95.65	
17:44:33	5	-0.2	44	1.8000	2.1000	85.71	
17:44:34	5	-0.2	44	1.2000	2.1000	57.14	
17:44:35	5	-0.2	44	0.7000	1.4000	50.00	
17:44:36	5	-0.2	44	0.4000	0.4000	100.00	
17:44:37	5	-0.2	44	0.2000	0.1000	200.00	
17:44:38	5	-0.2	44	0.1000	0.1000	100.00	
17:44:39	5	-0.2	44	0.0000	0.0000	0.00	
17:44:40	5	-0.2	44	0.0000	0.0000	0.00	
17:44:41	5	-0.2	44	0.0000	0.0000	0.00	
17:44:42	5	-0.2	44	0.0000	0.0000	0.00	
17:44:43	5	-0.2	44	0.0000	0.0000	0.00	
17:44:44	5	-0.2	44	0.0000	0.0000	0.00	
17:44:45	5	-0.1	44	0.0000	0.0000	0.00	
17:44:46	5	-0.1	44	0.0000	0.0000	0.00	
17:44:47	5	-0.1	44	0.0000	0.0000	0.00	
17:44:48	5	-0.1	44	0.0000	0.0000	0.00	
17:44:49	5	-0.1	44	0.0000	0.0000	0.00	
17:44:50	5	-0.1	44	0.0000	0.0000	0.00	
17:44:51	5	-0.1	44	0.0000	0.0000	0.00	
17:44:52	5	-0.1	44	0.0000	0.0000	0.00	
17:44:53	5	-0.1	44	0.0000	0.0000	0.00	
17:44:54	5	-0.1	44	0.0000	0.0000	0.00	
17:44:55	5	-0.1	44	0.0000	0.0000	0.00	
17:44:56	5	-0.1	44	0.0000	0.0000	0.00	
17:44:57	5	-0.1	44	0.0000	0.0000	0.00	
17:44:58	5	-0.1	44	0.0000	0.0000	0.00	
17:44:59	5	-0.1	44	0.0000	0.0000	0.00	
17:45:00	5	-0.1	44	0.0000	0.0000	0.00	
17:45:01	5	-0.1	44	0.0000	0.0000	0.00	
17:45:02	5	-0.1	44	0.0000	0.0000	0.00	
17:45:03	5	-0.1	44	0.0000	0.0000	0.00	
17:45:04	5	-0.1	44	0.0000	0.0000	0.00	
17:45:05	5	-0.1	44	0.0000	0.0000	0.00	
17:45:06	5	-0.1	44	0.0000	0.0000	0.00	
17:45:07	5	-0.1	44	0.0000	0.0000	0.00	
17:45:08	5	-0.1	44	0.0000	0.0000	0.00	
17:45:09	5	-0.1	44	0.0000	0.0000	0.00	
17:45:10	5	-0.1	44	0.0000	0.0000	0.00	
17:45:11	5	-0.1	44	0.0000	0.0000	0.00	
17:45:12	5	-0.1	44	0.0000	0.0000	0.00	
17:45:13	5	-0.1	44	0.0000	0.0000	0.00	
17:45:14	5	-0.1	44	0.0000	0.0000	0.00	
17:45:15	5	-0.1	44	0.0000	0.0000	0.00	
17:45:16	5	-0.1	44	0.0000	0.0000	0.00	
17:45:17	5	-0.1	44	0.0000	0.0000	0.00	
17:45:18	5	-0.1	44	0.0000	0.0000	0.00	
17:45:19	5	-0.1	44	0.0000	0.0000	0.00	
17:45:20	5	-0.1	44	0.0000	0.0000	0.00	
17:45:21	5	-0.1	44	0.0000	0.0000	0.00	
17:45:22	5	-0.1	44	0.0000	0.0000	0.00	
17:45:23	5	-0.1	44	0.0000	0.0000	0.00	
17:45:24	5	-0.1	44	0.0000	0.0000	0.00	
17:45:25	5	-0.1	44	0.0000	0.0000	0.00	
17:45:26	5	-0.1	44	0.0000	0.0000	0.00	
17:45:27	5	-0.1	44	0.0000	0.0000	0.00	
17:45:28	5	-0.1	44	0.0000	0.0000	0.00	
17:45:29	5	-0.1	44	0.0000	0.0000	0.00	
17:45:30	5	-0.1	44	0.0000	0.0000	0.00	
17:45:31	5	-0.1	44	0.0000	0.0000	0.00	
17:45:32	5	-0.2	44	0.0000	0.0000	0.00	
17:45:33	5	-0.2	44	0.0000	0.0000	0.00	
17:45:34	5	-0.1	44	0.0000	0.0000	0.00	
17:45:35	5	-0.2	44	0.0000	0.0000	0.00	
17:45:36	5	-0.2	44	0.0000	0.0000	0.00	
17:45:37	5	-0.1	44	0.0000	0.0000	0.00	
17:45:38	5	-0.1	44	0.0000	0.0000	0.00	
17:45:39	5	-0.1	44	0.0000	0.0000	0.00	
17:45:40	5	-0.1	44	0.0000	0.0000	0.00	
17:45:41	5	-0.1	44	0.0000	0.0000	0.00	
17:45:42	5	-0.1	44	0.0000	0.0000	0.00	
17:45:43	5	-0.1	44	0.0000	0.0000	0.00	
17:45:44	5	-0.1	44	0.0000	0.0000	0.00	
17:45:45	5	-0.1	44	0.0000	0.0000	0.00	
17:45:46	5	-0.1	44	0.0000	0.0000	0.00	
17:45:47	5	-0.1	44	0.0000	0.0000	0.00	
17:45:48	5	-0.1	44	0.0000	0.0000	0.00	
17:45:49	5	-0.1	44	0.0000	0.0000	0.00	
17:45:50	5	-0.1	44	0.0000	0.0000	0.00	
17:45:51	5	-0.1	44	0.0000	0.0000	0.00	
17:45:52	5	-0.1	44	0.0000	0.0000	0.00	
17:45:53	5	0.0	44	0.0000	0.0000	0.00	
17:45:54	5	0.0	44	0.0000	0.0000	0.00	
17:45:55	5	0.0	44	0.0000	0.0000	0.00	
17:45:56	5	0.0	44	0.0000	0.0000	0.00	
17:45:57	5	0.0	44	0.0000	0.0000	0.00	
17:45:58	5	0.0	44	0.0000	0.0000	0.00	
17:45:59	5	0.0	44	0.0000	0.0000	0.00	
17:46:00	5	0.0	44	0.0000	0.0000	0.00	
17:46:01	5	0.0	44	0.0000	0.0000	0.00	
17:46:02	5	0.0	44	0.0000	0.0000	0.00	
17:46:03	5	0.0	44	0.0000	0.0000	0.00	
17:46:04	5	0.0	44	0.0000	0.0000	0.00	
17:46:05	5	0.0	44	0.0000	0.0000	0.00	
17:46:06	5	0.0	44	0.0000	0.0000	0.00	
17:46:07	5	0.0	44	0.0000	0.0000	0.00	
17:46:08	5	0.0	44	0.0000	0.0000	0.00	
17:46:09	5	0.0	44	0.0000	0.0000	0.00	
17:46:10	5	0.0	44	0.0000	0.0000	0.00	
17:46:11	5	0.0	44	0.0000	0.0000	0.00	
17:46:12	5	0.0	44	0.0000	0.0000	0.00	
17:46:13	5	0.0	44	0.0000	0.0000	0.00	
17:46:14	5	0.0	44	0.0000	0.0000	0.00	
17:46:15	5	0.0	44	0.0000	0.0000	0.00	
17:46:16	5	0.0	44	0.0000	0.0000	0.00	
17:46:17	5	0.0	44	0.0000	0.0000	0.00	
17:46:18	5	0.0	44	0.0000	0.0000	0.00	
17:46:19	5	0.0	44	0.0000	0.0000	0.00	
17:46:20	5	0.0	44	0.0000	0.0000	0.00	
17:46:21	5	0.0	44	0.0000	0.0000	0.00	
17:46:22	5	0.0	44	0.0000	0.0000	0.00	
17:46:23	5	0.0	44	0.0000	0.0000	0.00	
17:46:24	5	0.0	44	0.0000	0.0000	0.00	
17:46:25	5	0.0	44	0.0000	0.0000	0.00	
17:46:26	5	0.0	44	0.0000	0.0000	0.00	
17:46:27	5	0.0	44	0.0000	0.0000	0.00	
17:46:28	5	0.0	44	0.0000	0.0000	0.00	
17:46:29	5	0.0	44	0.0000	0.0000	0.00	
17:46:30	5	0.0	44	0.0000	0.0000	0.00	
17:46:31	5	0.0	44	0.0000	0.0000	0.00	
17:46:32	5	0.0	44	0.0000	0.0000	0.00	
17:46:33	5	0.0	44	0.0000	0.0000	0.00	
17:46:34	5	0.0	44	0.0000	0.0000	0.00	
17:46:35	5	0.0	44	0.0000	0.0000	0.00	
17:46:36	5	0.0	44	0.0000	0.0000	0.00	
17:46:37	5	0.0	44	0.0000	0.0000	0.00	
17:46:38	5	0.0	44	0.0000	0.0000	0.00	
17:46:39	5	0.0	44	0.0000	0.0000	0.00	
17:46:40	5	0.0	44	0.0000	0.0000	0.00	
17:46:41	5	0.0	44	0.0000	0.0000	0.00	
17:46:42	5	0.0	44	0.0000	0.0000	0.00	
17:46:43	5	0.0	44	0.0000	0.0000	0.00	
17:46:44	5	0.0	44	0.0000	0.0000	0.00	
17:46:45	5	0.0	44	0.0000	0.0000	0.00	
17:46:46	5	0.0	44	0.0000	0.0000	0.00	
17:46:47	5	0.0	44	0.0000	0.0000	0.00	
17:46:48	5	0.0	44	0.0000	0.0000	0.00	
17:46:49	5	0.0	44	0.0000	0.0000	0.00	
17:46:50	5	0.0	44	0.0000	0.0000	0.00	
17:46:51	5	0.0	44	0.0000	0.0000	0.00	
17:46:52	5	0.0	44	0.0000	0.0000	0.00	
17:46:53	5	0.0	44	0.0000	0.0000	0.00	
17:46:54	5	0.0	44	0.0000	0.0000	0.00	
17:46:55	5	0.0	44	0.0000	0.0000	0.00	
17:46:56	5	0.0	44	0.0000	0.0000	0.00	
17:46:57	5	0.0	44	0.0000	0.0000	0.00	
17:46:58	5	0.0	44	0.0000	0.0000	0.00	
17:46:59	5	0.0	44	0.0000	0.0000	0.00	
17:47:00	5	0.0	44	0.0000	0.0000	0.00	
17:47:01	5	0.0	44	0.0000	0.0000	0.00	
17:47:02	5	0.0	44	0.0000	0.0000	0.00	
17:47:03	5	0.0	44	0.0000	0.0000	0.00	
17:47:04	5	0.0	44	0.0000	0.0000	0.00	
17:47:05	5	0.0	44	0.0000	0.0000	0.00	
17:47:06	5	0.0	44	0.0000	0.0000	0.00	
17:47:07	5	0.0	44	0.0000	0.0000	0.00	
17:47:08	5	0.0	44	0.0000	0.0000	0.00	
17:47:09	5	0.0	44	0.0000	0.0000	0.00	
17:47:10	5	0.0	44	0.0000	0.0000	0.00	
17:47:11	5	0.0	44	0.0000	0.0000	0.00	
17:47:12	5	0.0	44	0.0000	0.0000	0.00	
17:47:13	5	0.0	44	0.0000	0.0000	0.00	
17:47:14	5	0.0	44	0.0000	0.0000	0.00	
17:47:15	5	0.0	44	0.0000	0.0000	0.00	
17:47:16	5	0.0	44	0.0000	0.0000	0.00	
17:47:17	5	0.0	44	0.0000	0.0000	0.00	
17:47:18	5	0.0	44	0.0000	0.0000	0.00	
17:47:19	5	0.0	44	0.0000	0.0000	0.00	
17:47:20	5	0.0	44	0.0000	0.0000	0.00	
17:47:21	5	0.0	44	0.0000	0.0000	0.00	
17:47:22	5	0.0	44	0.0000	0.0000	0.00	
17:47:23	5	0.0	44	0.0000	0.0000	0.00	
17:47:24	5	0.0	44	0.0000	0.0000	0.00	
17:47:25	5	0.0	44	0.0000	0.0000	0.00	
17:47:26	5	0.0	44	0.0000	0.0000	0.00	
17:47:27	5	0.0	44	0.0000	0.0000	0.00	
17:47:28	5	0.0	44	0.0000	0.0000	0.00	
17:47:29	5	0.0	44	0.0000	0.0000	0.00	
17:47:30	5	0.0	44	0.0000	0.0000	0.00	
17:47:31	5	0.0	44	0.0000	0.0000	0.00	
17:47:32	5	0.0	44	0.0000	0.0000	0.00	
17:47:33	5	0.0	44	0.0000	0.0000	0.00	
17:47:34	5	0.0	44	0.0000	0.0000	0.00	
17:47:35	5	0.0	44	0.0000	0.0000	0.00	
17:47:36	5	0.0	44	0.0000	0.0000	0.00	
17:47:37	5	0.0	44	0.0000	0.0000	0.00	
17:47:38	5	0.0	44	0.0000	0.0000	0.00	
17:47:39	5	0.0	44	0.0000	0.0000	0.00	
17:47:40	5	0.0	44	0.0000	0.0000	0.00	
17:47:41	5	0.0	44	0.0000	0.0000	0.00	
17:47:42	5	0.0	44	0.0000	0.0000	0.00	
17:47:43	5	0.0	44	0.0000	0.0000	0.00	
17:47:44	5	0.0	44	0.0000	0.0000	0.00	
17:47:45	5	0.0	44	0.0000	0.0000	0.00	
17:47:46	5	0.0	44	0.0000	0.0000	0.00	
17:47:47	5	0.0	44	0.0000	0.0000	0.00	
17:47:48	5	0.0	44	0.0000	0.0000	0.00	
17:47:49	5	0.0	44	0.0000	0.0000	0.00	
17:47:50	5	0.0	44	0.0000	0.0000	0.00	
17:47:51	5	0.0	44	0.0000	0.0000	0.00	
17:47:52	5	0.0	44	0.0000	0.0000	0.00	
17:47:53	5	0.0	44	0.0000	0.0000	0.00	
17:47:54	5	0.0	44	0.0000	0.0000	0.00	
17:47:55	5	0.0	44	0.0000	0.0000	0.00	
17:47:56	5	0.0	44	0.0000	0.0000	0.00	
17:47:57	5	0.0	44	0.0000	0.0000	0.00	
17:47:58	5	0.0	44	0.0000	0.0000	0.00	
17:47:59	5	0.0	44	0.0000	0.0000	0.00	
17:48:00	5	0.0	44	0.0000	0.0000	0.00	
17:48:01	5	0.0	44	0.0000	0.0000	0.00	
17:48:02	5	0.0	44	0.0000	0.0000	0.00	
17:48:03	5	0.0	44	0.0000	0.0000	0.00	
17:48:04	5	0.0	44	0.0000	0.0000	0.00	
17:48:05	5	0.0	44	0.0000	0.0000	0.00	
17:48:06	5	0.0	44	0.0000	0.0000	0.00	
17:48:07	5	0.0	44	0.0000	0.0000	0.00	
17:48:08	5	0.0	44	0.0000	0.0000	0.00	
17:48:09	5	0.0	44	0.0000	0.0000	0.00	
17:48:10	5	0.0	44	0.0000	0.0000	0.00	
17:48:11	5	0.0	44	0.0000	0.0000	0.00	
17:48:12	5	0.0	44	0.0000	0.0000	0.00	
17:48:13	5	0.0	44	0.0000	0.0000	0.00	
17:48:14	5	0.0	44	0.0000	0.0000	0.00	
17:48:15	5	0.0	44	0.0000	0.0000	0.00	
17:48:16	5	0.0	44	0.0000	0.0000	0.00	
17:48:17	5	0.0	44	0.0000	0.0000	0.00	
17:48:18	5	0.0	44	0.0000	0.0000	0.00	
17:48:19	5	0.0	44	0.0000	0.0000	0.00	
17:48:20	5	0.0	44	0.0000	0.0000	0.00	
17:48:21	5	0.0	44	0.0000	0.0000	0.00	
17:48:22	5	0.0	44	0.0000	0.0000	0.00	
17:48:23	5	0.0	44	0.0000	0.0000	0.00	
17:48:24	5	0.0	44	0.0000	0.0000	0.00	
17:48:25	5	0.0	44	0.0000	0.0000	0.00	
17:48:26	5	0.0	44	0.0000	0.0000	0.00	
17:48:27	5	0.0	44	0.0000	0.0000	0.00	
17:48:28	5	0.0	44	0.0000	0.0000	0.00	
17:48:29	5	0.0	44	0.0000	0.0000	0.00	
17:48:30	5	0.0	44	0.0000	0.0000	0.00	
17:48:31	5	0.0	44	0.0000	0.0000	0.00	
17:48:32	5	0.0	44	0.0000	0.0000	0.00	
17:48:33	5	0.0	44	0.0000	0.0000	0.00	
17:48:34	5	0.0	44	0.0000	0.0000	0.00	
17:48:35	5	0.0	44	0.0000	0.0000	0.00	
17:48:36	5	0.0	44	0.0000	0.0000	0.00	
17:48:37	5	0.0	44	0.0000	0.0000	0.00	
17:48:38	5	0.0	44	0.0000	0.0000	0.00	
17:48:39	5	0.0	44	0.0000	0.0000	0.00	
17:48:40	5	0.0	44	0.0000	0.0000	0.00	
17:48:41	5	0.0	44	0.0000	0.0000	0.00	
17:48:42	5	0.0	44	0.0000	0.0000	0.00	
17:48:43	5	0.0	44	0.0000	0.0000	0.00	
17:48:44	5	0.0	44	0.0000	0.0000	0.00	
17:48:45	5	0.0	44	0.0000	0.0000	0.00	
17:48:46	5	0.0	44	0.0000	0.0000	0.00	
17:48:47	5	0.0	44	0.0000	0.0000	0.00	
17:48:48	5	0.0	44	0.0000	0.0000	0.00	
17:48:49	5	0.0	44	0.0000	0.0000	0.00	
17:48:50	5	0.0	44	0.0000	0.0000	0.00	
17:48:51	5	0.0	44	0.0000	0.0000	0.00	
17:48:52	5	0.0	44	0.0000	0.0000	0.00	
17:48:53	5	0.0	44	0.0000	0.0000	0.00	
17:48:54	5	0.0	44	0.0000	0.0000	0.00	
17:48:55	5	0.0	44	0.0000	0.0000	0.00	
17:48:56	5	0.0	44	0.0000	0.0000	0.00	
17:48:57	5	0.1	44	0.0000	0.0000	0.00	
17:48:58	5	0.0	44	0.0000	0.0000	0.00	
