Data Start: 2020-09-24 15:28:22
Data End: 2020-09-24 15:53:57
Devicename: Multi Plankton Sampler MPS
IdentNo.: 1020

Net []
Range1: 0 to 5

Pressure [dbar]
Range1: 0.0 to 3000.0  Cal0: -8.585877E+2  Cal1: 1.175972E-1  Cal2: -1.044298E-6  Cal3: -1.441992E+0  Cal4: 9.253807E-5  Cal5: -8.766143E-10  Cal6: 7.97392E-2  Cal7: 7.856609E-2  Cal8: -1.359118E-8

Volume [m³]
Range1: 0 to 65000  Cal0: 2.5E-1

Flow in [m/s]
Range1: 0.0000 to 9.9000

Flow out [m/s]
Range1: 0.0000 to 9.9000

Flow ratio [%]
Range1: 0.00 to 200.00

Header Comment

Ship:		
Cruise:		
Station:		
Cast:		
Position:		
Operator:		


Time [hh:mm:ss]	Net []	Pressure [dbar]	Volume [m³]	Flow in [m/s]	Flow out [m/s]	Flow ratio [%]	Comments  [Index]
15:28:22	0	-0.8	0	0.0000	0.0000	0.00	
15:28:23	0	-0.7	0	0.0000	0.0000	0.00	
15:28:24	0	-0.7	0	0.0000	0.0000	0.00	
15:28:25	0	-0.7	0	0.0000	0.0000	0.00	
15:28:26	0	-0.7	0	0.0000	0.0000	0.00	
15:28:27	0	-0.7	0	0.0000	0.0000	0.00	
15:28:28	0	-0.7	0	0.0000	0.0000	0.00	
15:28:29	0	-0.8	0	0.0000	0.0000	0.00	
15:28:30	0	-0.7	0	0.0000	0.0000	0.00	
15:28:31	0	-0.8	0	0.0000	0.0000	0.00	
15:28:32	0	-0.7	0	0.0000	0.0000	0.00	
15:28:33	0	-0.8	0	0.0000	0.0000	0.00	
15:28:34	0	-0.8	0	0.0000	0.0000	0.00	
15:28:35	0	-0.9	0	0.0000	0.0000	0.00	
15:28:36	0	-0.8	0	0.0000	0.0000	0.00	
15:28:37	0	-0.8	0	0.0000	0.0000	0.00	
15:28:38	0	-0.8	0	0.0000	0.0000	0.00	
15:28:39	0	-0.8	0	0.0000	0.0000	0.00	
15:28:40	0	-0.8	0	0.0000	0.0000	0.00	
15:28:41	0	-0.7	0	0.0000	0.0000	0.00	
15:28:42	0	-0.7	0	0.0000	0.0000	0.00	
15:28:43	0	-0.7	0	0.0000	0.0000	0.00	
15:28:44	0	-0.7	0	0.0000	0.0000	0.00	
15:28:45	0	-0.7	0	0.0000	0.0000	0.00	
15:28:46	0	-0.7	0	0.0000	0.0000	0.00	
15:28:47	0	-0.7	0	0.0000	0.0000	0.00	
15:28:48	0	-0.7	0	0.0000	0.0000	0.00	
15:28:49	0	-0.7	0	0.0000	0.0000	0.00	
15:28:50	0	-0.7	0	0.0000	0.0000	0.00	
15:28:51	0	-0.7	0	0.0000	0.0000	0.00	
15:28:52	0	-0.7	0	0.0000	0.0000	0.00	
15:28:53	0	-0.7	0	0.0000	0.0000	0.00	
15:28:54	0	-0.7	0	0.0000	0.0000	0.00	
15:28:55	0	-0.7	0	0.0000	0.0000	0.00	
15:28:56	0	-0.7	0	0.0000	0.0000	0.00	
15:28:57	0	-0.7	0	0.0000	0.0000	0.00	
15:28:58	0	-0.7	0	0.0000	0.0000	0.00	
15:28:59	0	-0.7	0	0.0000	0.0000	0.00	
15:29:00	0	-0.7	0	0.0000	0.0000	0.00	
15:29:01	0	-0.7	0	0.0000	0.0000	0.00	
15:29:02	0	-0.7	0	0.0000	0.0000	0.00	
15:29:03	0	-0.7	0	0.0000	0.0000	0.00	
15:29:04	0	-0.7	0	0.0000	0.0000	0.00	
15:29:05	0	-0.7	0	0.0000	0.0000	0.00	
15:29:06	0	-0.7	0	0.0000	0.0000	0.00	
15:29:07	0	-0.7	0	0.0000	0.0000	0.00	
15:29:08	0	-0.7	0	0.0000	0.0000	0.00	
15:29:09	0	-0.7	0	0.0000	0.0000	0.00	
15:29:10	0	-0.7	0	0.0000	0.0000	0.00	
15:29:11	0	-0.7	0	0.0000	0.0000	0.00	
15:29:12	0	-0.7	0	0.0000	0.0000	0.00	
15:29:13	0	-0.7	0	0.0000	0.0000	0.00	
15:29:14	0	-0.7	0	0.0000	0.0000	0.00	
15:29:15	0	-0.7	0	0.0000	0.0000	0.00	
15:29:16	0	-0.7	0	0.0000	0.0000	0.00	
15:29:17	0	-0.7	0	0.0000	0.0000	0.00	
15:29:18	0	-0.7	0	0.0000	0.0000	0.00	
15:29:19	0	-0.7	0	0.0000	0.0000	0.00	
15:29:20	0	-0.7	0	0.0000	0.0000	0.00	
15:29:21	0	-0.7	0	0.0000	0.0000	0.00	
15:29:22	0	-0.7	0	0.0000	0.0000	0.00	
15:29:23	0	-0.7	0	0.0000	0.0000	0.00	
15:29:24	0	-0.7	0	0.0000	0.0000	0.00	
15:29:25	0	-0.7	0	0.0000	0.0000	0.00	
15:29:26	0	-0.7	0	0.0000	0.0000	0.00	
15:29:27	0	-0.7	0	0.0000	0.0000	0.00	
15:29:28	0	-0.7	0	0.0000	0.0000	0.00	
15:29:29	0	-0.7	0	0.0000	0.0000	0.00	
15:29:30	0	-0.7	0	0.0000	0.0000	0.00	
15:29:31	0	-0.7	0	0.0000	0.0000	0.00	
15:29:32	0	-0.7	0	0.0000	0.0000	0.00	
15:29:33	0	-0.7	0	0.0000	0.0000	0.00	
15:29:34	0	-0.7	0	0.0000	0.0000	0.00	
15:29:35	0	-0.7	0	0.0000	0.0000	0.00	
15:29:36	0	-0.7	0	0.0000	0.0000	0.00	
15:29:37	0	-0.7	0	0.0000	0.0000	0.00	
15:29:38	0	-0.7	0	0.0000	0.0000	0.00	
15:29:39	0	-0.6	0	0.0000	0.0000	0.00	
15:29:40	0	-0.7	0	0.0000	0.0000	0.00	
15:29:41	0	-0.6	0	0.0000	0.0000	0.00	
15:29:42	0	-0.6	0	0.0000	0.0000	0.00	
15:29:43	0	-0.7	0	0.0000	0.0000	0.00	
15:29:44	0	-0.6	0	0.1000	0.2000	50.00	
15:29:45	0	-0.5	0	0.8000	0.6000	133.33	
15:29:46	0	-0.5	0	1.4000	1.0000	140.00	
15:29:47	0	-0.1	1	1.8000	1.3000	138.46	
15:29:48	0	0.4	1	1.8000	1.6000	112.50	
15:29:49	0	1.0	2	1.6000	1.6000	100.00	
15:29:50	0	1.3	2	1.6000	1.6000	100.00	
15:29:51	0	1.8	3	1.8000	1.6000	112.50	
15:29:52	0	2.4	3	1.7000	1.5000	113.33	
15:29:53	0	2.8	3	1.4000	1.4000	100.00	
15:29:54	0	3.2	4	1.3000	1.2000	108.33	
15:29:55	0	3.7	4	1.4000	1.1000	127.27	
15:29:56	0	4.2	4	1.4000	1.2000	116.67	
15:29:57	0	4.8	5	1.4000	1.2000	116.67	
15:29:58	0	5.2	5	1.5000	1.2000	125.00	
15:29:59	0	5.8	5	1.4000	1.2000	116.67	
15:30:00	0	6.2	6	1.4000	1.2000	116.67	
15:30:01	0	6.8	6	1.4000	1.1000	127.27	
15:30:02	0	7.3	6	1.3000	1.1000	118.18	
15:30:03	0	7.9	7	1.4000	1.2000	116.67	
15:30:04	0	8.4	7	1.4000	1.2000	116.67	
15:30:05	0	8.8	7	1.4000	1.2000	116.67	
15:30:06	0	9.5	8	1.4000	1.1000	127.27	
15:30:07	0	10.0	8	1.5000	1.2000	125.00	
15:30:08	0	10.5	8	1.5000	1.2000	125.00	
15:30:09	0	11.1	9	1.4000	1.2000	116.67	
15:30:10	0	11.7	9	1.4000	1.2000	116.67	
15:30:11	0	12.3	10	1.4000	1.2000	116.67	
15:30:12	0	12.8	10	1.5000	1.2000	125.00	
15:30:13	0	13.4	10	1.4000	1.2000	116.67	
15:30:14	0	14.0	11	1.2000	1.2000	100.00	
15:30:15	0	14.6	11	1.3000	1.2000	108.33	
15:30:16	0	15.1	11	1.4000	1.2000	116.67	
15:30:17	0	15.7	12	1.4000	1.2000	116.67	
15:30:18	0	16.2	12	1.3000	1.2000	108.33	
15:30:19	0	16.9	12	1.4000	1.2000	116.67	
15:30:20	0	17.5	13	1.5000	1.2000	125.00	
15:30:21	0	18.0	13	1.4000	1.2000	116.67	
15:30:22	0	18.5	13	1.3000	1.2000	108.33	
15:30:23	0	19.1	14	1.3000	1.2000	108.33	
15:30:24	0	19.8	14	1.4000	1.3000	107.69	
15:30:25	0	20.3	14	1.5000	1.3000	115.38	
15:30:26	0	20.8	15	1.4000	1.2000	116.67	
15:30:27	0	21.4	15	1.2000	1.2000	100.00	
15:30:28	0	22.1	15	1.4000	1.2000	116.67	
15:30:29	0	22.5	16	1.5000	1.2000	125.00	
15:30:30	0	23.0	16	1.3000	1.2000	108.33	
15:30:31	0	23.6	16	1.2000	1.2000	100.00	
15:30:32	0	24.2	17	1.3000	1.2000	108.33	
15:30:33	0	24.7	17	1.4000	1.2000	116.67	
15:30:34	0	25.2	17	1.3000	1.1000	118.18	
15:30:35	0	25.8	18	1.3000	1.2000	108.33	
15:30:36	0	26.3	18	1.4000	1.2000	116.67	
15:30:37	0	26.8	18	1.4000	1.1000	127.27	
15:30:38	0	27.3	19	1.3000	1.2000	108.33	
15:30:39	0	27.9	19	1.3000	1.2000	108.33	
15:30:40	0	28.4	19	1.4000	1.2000	116.67	
15:30:41	0	29.0	20	1.4000	1.2000	116.67	
15:30:42	0	29.5	20	1.3000	1.2000	108.33	
15:30:43	0	30.0	20	1.3000	1.1000	118.18	
15:30:44	0	30.5	21	1.4000	1.2000	116.67	
15:30:45	0	31.0	21	1.3000	1.2000	108.33	
15:30:46	0	31.4	21	1.2000	1.1000	109.09	
15:30:47	0	31.9	22	1.3000	1.1000	118.18	
15:30:48	0	32.3	22	1.4000	1.2000	116.67	
15:30:49	0	32.8	22	1.4000	1.2000	116.67	
15:30:50	0	33.2	23	1.4000	1.2000	116.67	
15:30:51	0	33.6	23	1.4000	1.2000	116.67	
15:30:52	0	34.0	23	1.3000	1.1000	118.18	
15:30:53	0	34.3	24	1.4000	1.2000	116.67	
15:30:54	0	34.8	24	1.4000	1.2000	116.67	
15:30:55	0	35.3	24	1.4000	1.2000	116.67	
15:30:56	0	35.7	25	1.4000	1.2000	116.67	
15:30:57	0	36.0	25	1.5000	1.2000	125.00	
15:30:58	0	36.4	26	1.4000	1.2000	116.67	
15:30:59	0	36.8	26	1.3000	1.2000	108.33	
15:31:00	0	37.3	26	1.3000	1.2000	108.33	
15:31:01	0	37.7	26	1.4000	1.1000	127.27	
15:31:02	0	38.0	27	1.4000	1.2000	116.67	
15:31:03	0	38.4	27	1.3000	1.2000	108.33	
15:31:04	0	38.8	27	1.2000	1.1000	109.09	
15:31:05	0	39.2	28	1.3000	1.2000	108.33	
15:31:06	0	39.5	28	1.4000	1.2000	116.67	
15:31:07	0	40.0	29	1.4000	1.1000	127.27	
15:31:08	0	40.4	29	1.3000	1.2000	108.33	
15:31:09	0	41.0	29	1.3000	1.2000	108.33	
15:31:10	0	41.4	30	1.4000	1.2000	116.67	
15:31:11	0	41.8	30	1.4000	1.2000	116.67	
15:31:12	0	42.1	30	1.4000	1.1000	127.27	
15:31:13	0	42.6	30	1.2000	1.1000	109.09	
15:31:14	0	43.1	31	1.2000	1.1000	109.09	
15:31:15	0	43.5	31	1.2000	1.0000	120.00	
15:31:16	0	43.7	31	1.3000	1.0000	130.00	
15:31:17	0	44.1	32	1.2000	1.1000	109.09	
15:31:18	0	44.7	32	1.2000	1.1000	109.09	
15:31:19	0	45.1	32	1.3000	1.1000	118.18	
15:31:20	0	45.5	33	1.3000	1.1000	118.18	
15:31:21	0	45.8	33	1.3000	1.1000	118.18	
15:31:22	0	46.2	33	1.4000	1.1000	127.27	
15:31:23	0	46.8	34	1.3000	1.2000	108.33	
15:31:24	0	47.2	34	1.3000	1.2000	108.33	
15:31:25	0	47.6	34	1.4000	1.2000	116.67	
15:31:26	0	48.0	35	1.4000	1.2000	116.67	
15:31:27	0	48.4	35	1.2000	1.1000	109.09	
15:31:28	0	48.9	35	1.2000	1.1000	109.09	
15:31:29	0	49.3	36	1.3000	1.1000	118.18	
15:31:30	0	49.6	36	1.4000	1.2000	116.67	
15:31:31	0	50.2	36	1.3000	1.2000	108.33	
15:31:32	0	50.6	37	1.2000	1.1000	109.09	
15:31:33	0	51.0	37	1.3000	1.1000	118.18	
15:31:34	0	51.4	37	1.4000	1.2000	116.67	
15:31:35	0	51.8	38	1.4000	1.2000	116.67	
15:31:36	0	52.1	38	1.4000	1.2000	116.67	
15:31:37	0	52.7	38	1.3000	1.1000	118.18	
15:31:38	0	53.0	39	1.3000	1.1000	118.18	
15:31:39	0	53.2	39	1.3000	1.2000	108.33	
15:31:40	0	53.6	39	1.3000	1.2000	108.33	
15:31:41	0	54.1	40	1.2000	1.1000	109.09	
15:31:42	0	54.5	40	1.2000	1.2000	100.00	
15:31:43	0	54.8	40	1.4000	1.2000	116.67	
15:31:44	0	55.1	41	1.4000	1.2000	116.67	
15:31:45	0	55.4	41	1.4000	1.2000	116.67	
15:31:46	0	55.8	41	1.2000	1.2000	100.00	
15:31:47	0	56.3	41	1.2000	1.2000	100.00	
15:31:48	0	56.7	42	1.4000	1.2000	116.67	
15:31:49	0	56.9	42	1.4000	1.2000	116.67	
15:31:50	0	57.4	43	1.3000	1.2000	108.33	
15:31:51	0	57.8	43	1.3000	1.2000	108.33	
15:31:52	0	58.1	43	1.4000	1.2000	116.67	
15:31:53	0	58.5	44	1.4000	1.2000	116.67	
15:31:54	0	58.9	44	1.4000	1.2000	116.67	
15:31:55	0	59.3	44	1.3000	1.2000	108.33	
15:31:56	0	59.6	45	1.4000	1.2000	116.67	
15:31:57	0	59.9	45	1.3000	1.1000	118.18	
15:31:58	0	60.3	45	1.3000	1.2000	108.33	
15:31:59	0	60.6	46	1.4000	1.2000	116.67	
15:32:00	0	61.0	46	1.3000	1.2000	108.33	
15:32:01	0	61.4	46	1.2000	1.2000	100.00	
15:32:02	0	61.8	47	1.3000	1.2000	108.33	
15:32:03	0	62.1	47	1.4000	1.2000	116.67	
15:32:04	0	62.4	47	1.3000	1.2000	108.33	
15:32:05	0	62.9	48	1.3000	1.2000	108.33	
15:32:06	0	63.2	48	1.4000	1.2000	116.67	
15:32:07	0	63.6	48	1.4000	1.2000	116.67	
15:32:08	0	64.0	49	1.4000	1.2000	116.67	
15:32:09	0	64.3	49	1.4000	1.2000	116.67	
15:32:10	0	64.7	49	1.4000	1.2000	116.67	
15:32:11	0	65.1	50	1.4000	1.2000	116.67	
15:32:12	0	65.5	50	1.5000	1.2000	125.00	
15:32:13	0	65.8	50	1.4000	1.2000	116.67	
15:32:14	0	66.2	51	1.4000	1.2000	116.67	
15:32:15	0	66.6	51	1.5000	1.2000	125.00	
15:32:16	0	66.9	51	1.4000	1.2000	116.67	
15:32:17	0	67.3	52	1.4000	1.2000	116.67	
15:32:18	0	67.6	52	1.4000	1.2000	116.67	
15:32:19	0	67.8	53	1.6000	1.2000	133.33	
15:32:20	0	68.1	53	1.5000	1.3000	115.38	
15:32:21	0	68.4	53	1.4000	1.3000	107.69	
15:32:22	0	68.8	54	1.5000	1.2000	125.00	
15:32:23	0	69.1	54	1.5000	1.2000	125.00	
15:32:24	0	69.4	54	1.5000	1.2000	125.00	
15:32:25	0	69.8	55	1.4000	1.2000	116.67	
15:32:26	0	70.1	55	1.4000	1.2000	116.67	
15:32:27	0	70.3	56	1.5000	1.2000	125.00	
15:32:28	0	70.7	56	1.4000	1.2000	116.67	
15:32:29	0	71.0	56	1.4000	1.2000	116.67	
15:32:30	0	71.4	57	1.4000	1.2000	116.67	
15:32:31	0	71.7	57	1.4000	1.2000	116.67	
15:32:32	0	71.9	57	1.5000	1.2000	125.00	
15:32:33	0	72.4	58	1.5000	1.2000	125.00	
15:32:34	0	72.8	58	1.4000	1.2000	116.67	
15:32:35	0	73.3	58	1.4000	1.2000	116.67	
15:32:36	0	73.5	59	1.6000	1.2000	133.33	
15:32:37	0	73.7	59	1.6000	1.3000	123.08	
15:32:38	0	74.0	60	1.4000	1.3000	107.69	
15:32:39	0	74.4	60	1.4000	1.2000	116.67	
15:32:40	0	74.6	60	1.5000	1.2000	125.00	
15:32:41	0	75.0	61	1.6000	1.3000	123.08	
15:32:42	0	75.4	61	1.5000	1.2000	125.00	
15:32:43	0	75.7	61	1.4000	1.2000	116.67	
15:32:44	0	76.1	62	1.4000	1.2000	116.67	
15:32:45	0	76.3	62	1.5000	1.2000	125.00	
15:32:46	0	76.6	63	1.6000	1.3000	123.08	
15:32:47	0	77.0	63	1.6000	1.3000	123.08	
15:32:48	0	77.3	63	1.4000	1.2000	116.67	
15:32:49	0	77.7	64	1.5000	1.3000	115.38	
15:32:50	0	77.9	64	1.6000	1.3000	123.08	
15:32:51	0	78.2	64	1.6000	1.3000	123.08	
15:32:52	0	78.5	65	1.6000	1.4000	114.29	
15:32:53	0	79.0	65	1.6000	1.3000	123.08	
15:32:54	0	79.3	66	1.6000	1.3000	123.08	
15:32:55	0	79.6	66	1.6000	1.3000	123.08	
15:32:56	0	80.0	66	1.5000	1.2000	125.00	
15:32:57	0	80.3	67	1.4000	1.3000	107.69	
15:32:58	0	80.7	67	1.6000	1.3000	123.08	
15:32:59	0	81.0	68	1.6000	1.3000	123.08	
15:33:00	0	81.1	68	1.7000	1.4000	121.43	
15:33:01	0	81.4	68	1.7000	1.4000	121.43	
15:33:02	0	81.8	69	1.5000	1.3000	115.38	
15:33:03	0	82.2	69	1.5000	1.3000	115.38	
15:33:04	0	82.4	70	1.6000	1.3000	123.08	
15:33:05	0	82.8	70	1.6000	1.2000	133.33	
15:33:06	0	83.0	70	1.6000	1.3000	123.08	
15:33:07	0	83.3	71	1.6000	1.4000	114.29	
15:33:08	0	83.6	71	1.6000	1.3000	123.08	
15:33:09	0	84.0	72	1.6000	1.2000	133.33	
15:33:10	0	84.2	72	1.6000	1.3000	123.08	
15:33:11	0	84.6	72	1.5000	1.3000	115.38	
15:33:12	0	84.9	73	1.6000	1.2000	133.33	
15:33:13	0	85.2	73	1.6000	1.3000	123.08	
15:33:14	0	85.6	74	1.7000	1.3000	130.77	
15:33:15	0	85.8	74	1.8000	1.4000	128.57	
15:33:16	0	86.1	75	1.8000	1.4000	128.57	
15:33:17	0	86.6	75	1.5000	1.2000	125.00	
15:33:18	0	86.7	75	1.5000	1.2000	125.00	
15:33:19	0	87.0	76	1.7000	1.4000	121.43	
15:33:20	0	87.4	76	1.8000	1.4000	128.57	
15:33:21	0	87.8	77	1.7000	1.4000	121.43	
15:33:22	0	88.2	77	1.7000	1.4000	121.43	
15:33:23	0	88.6	78	1.8000	1.4000	128.57	
15:33:24	0	88.9	78	1.7000	1.4000	121.43	
15:33:25	0	89.2	78	1.6000	1.4000	114.29	
15:33:26	0	89.6	79	1.6000	1.3000	123.08	
15:33:27	0	89.8	79	1.6000	1.2000	133.33	
15:33:28	0	90.2	80	1.6000	1.2000	133.33	
15:33:29	0	90.4	80	1.7000	1.3000	130.77	
15:33:30	0	90.8	80	1.6000	1.3000	123.08	
15:33:31	0	91.0	81	1.5000	1.3000	115.38	
15:33:32	0	91.2	81	1.8000	1.4000	128.57	
15:33:33	0	91.6	82	1.8000	1.4000	128.57	
15:33:34	0	92.1	82	1.4000	1.3000	107.69	
15:33:35	0	92.3	82	1.6000	1.4000	114.29	
15:33:36	0	92.5	83	1.8000	1.4000	128.57	
15:33:37	0	92.9	83	1.6000	1.3000	123.08	
15:33:38	0	93.2	84	1.5000	1.2000	125.00	
15:33:39	0	93.4	84	1.7000	1.3000	130.77	
15:33:40	0	93.6	84	1.7000	1.4000	121.43	
15:33:41	0	94.0	85	1.6000	1.4000	114.29	
15:33:42	0	94.3	85	1.6000	1.3000	123.08	
15:33:43	0	94.6	86	1.6000	1.3000	123.08	
15:33:44	0	94.8	86	1.6000	1.3000	123.08	
15:33:45	0	95.1	87	1.8000	1.3000	138.46	
15:33:46	0	95.5	87	1.6000	1.3000	123.08	
15:33:47	0	95.7	87	1.6000	1.2000	133.33	
15:33:48	0	95.9	88	1.7000	1.2000	141.67	
15:33:49	0	96.2	88	1.8000	1.4000	128.57	
15:33:50	0	96.4	89	1.6000	1.4000	114.29	
15:33:51	0	96.7	89	1.5000	1.2000	125.00	
15:33:52	0	97.0	89	1.6000	1.2000	133.33	
15:33:53	0	97.3	90	1.6000	1.2000	133.33	
15:33:54	0	97.5	90	1.6000	1.3000	123.08	
15:33:55	0	97.9	91	1.6000	1.3000	123.08	
15:33:56	0	98.1	91	1.6000	1.2000	133.33	
15:33:57	0	98.5	91	1.6000	1.2000	133.33	
15:33:58	0	98.7	92	1.6000	1.3000	123.08	
15:33:59	0	98.9	92	1.7000	1.4000	121.43	
15:34:00	0	99.3	93	1.5000	1.2000	125.00	
15:34:01	0	99.7	93	1.4000	1.2000	116.67	
15:34:02	0	99.9	93	1.6000	1.2000	133.33	
15:34:03	0	100.1	94	1.6000	1.2000	133.33	
15:34:04	0	100.3	94	1.6000	1.2000	133.33	
15:34:05	0	100.6	94	1.5000	1.2000	125.00	
15:34:06	0	101.0	95	1.5000	1.2000	125.00	
15:34:07	0	101.3	95	1.4000	1.2000	116.67	
15:34:08	0	101.6	96	1.5000	1.2000	125.00	
15:34:09	0	101.8	96	1.6000	1.3000	123.08	
15:34:10	0	102.1	96	1.6000	1.3000	123.08	
15:34:11	0	102.4	97	1.6000	1.2000	133.33	
15:34:12	0	102.6	97	1.6000	1.3000	123.08	
15:34:13	0	103.0	98	1.6000	1.3000	123.08	
15:34:14	0	103.4	98	1.4000	1.2000	116.67	
15:34:15	0	103.7	98	1.6000	1.2000	133.33	
15:34:16	0	104.0	99	1.6000	1.3000	123.08	
15:34:17	0	104.4	99	1.5000	1.3000	115.38	
15:34:18	0	104.7	100	1.5000	1.2000	125.00	
15:34:19	0	105.0	100	1.6000	1.2000	133.33	
15:34:20	0	105.2	100	1.6000	1.2000	133.33	
15:34:21	0	105.5	101	1.4000	1.2000	116.67	
15:34:22	0	105.9	101	1.4000	1.2000	116.67	
15:34:23	0	106.1	101	1.6000	1.2000	133.33	
15:34:24	0	106.3	102	1.6000	1.2000	133.33	
15:34:25	0	106.5	102	1.5000	1.2000	125.00	
15:34:26	0	106.9	102	1.4000	1.2000	116.67	
15:34:27	0	107.3	103	1.4000	1.2000	116.67	
15:34:28	0	107.4	103	1.5000	1.2000	125.00	
15:34:29	0	107.6	104	1.5000	1.2000	125.00	
15:34:30	0	108.0	104	1.4000	1.2000	116.67	
15:34:31	0	108.4	104	1.4000	1.2000	116.67	
15:34:32	0	108.7	105	1.4000	1.2000	116.67	
15:34:33	0	108.9	105	1.5000	1.2000	125.00	
15:34:34	0	109.2	105	1.4000	1.2000	116.67	
15:34:35	0	109.6	106	1.4000	1.2000	116.67	
15:34:36	0	109.9	106	1.5000	1.2000	125.00	
15:34:37	0	110.2	107	1.5000	1.3000	115.38	
15:34:38	0	110.6	107	1.5000	1.3000	115.38	
15:34:39	0	110.9	107	1.5000	1.2000	125.00	
15:34:40	0	111.3	108	1.6000	1.2000	133.33	
15:34:41	0	111.5	108	1.6000	1.3000	123.08	
15:34:42	0	111.8	108	1.4000	1.2000	116.67	
15:34:43	0	112.1	109	1.4000	1.2000	116.67	
15:34:44	0	112.4	109	1.4000	1.2000	116.67	
15:34:45	0	112.7	109	1.4000	1.2000	116.67	
15:34:46	0	112.9	110	1.6000	1.2000	133.33	
15:34:47	0	113.3	110	1.4000	1.2000	116.67	
15:34:48	0	113.7	111	1.3000	1.2000	108.33	
15:34:49	0	113.9	111	1.6000	1.2000	133.33	
15:34:50	0	114.1	111	1.6000	1.2000	133.33	
15:34:51	0	114.5	112	1.4000	1.2000	116.67	
15:34:52	0	114.8	112	1.4000	1.2000	116.67	
15:34:53	0	115.0	112	1.6000	1.3000	123.08	
15:34:54	0	115.3	113	1.6000	1.3000	123.08	
15:34:55	0	115.7	113	1.5000	1.2000	125.00	
15:34:56	0	115.9	114	1.5000	1.3000	115.38	
15:34:57	0	116.2	114	1.6000	1.3000	123.08	
15:34:58	0	116.5	114	1.5000	1.3000	115.38	
15:34:59	0	116.9	115	1.5000	1.3000	115.38	
15:35:00	0	117.1	115	1.6000	1.3000	123.08	
15:35:01	0	117.5	116	1.6000	1.3000	123.08	
15:35:02	0	117.7	116	1.6000	1.3000	123.08	
15:35:03	0	118.0	116	1.6000	1.4000	114.29	
15:35:04	0	118.3	117	1.7000	1.3000	130.77	
15:35:05	0	118.6	117	1.6000	1.3000	123.08	
15:35:06	0	119.0	118	1.4000	1.3000	107.69	
15:35:07	0	119.1	118	1.5000	1.3000	115.38	
15:35:08	0	119.4	118	1.6000	1.3000	123.08	
15:35:09	0	119.8	119	1.5000	1.2000	125.00	
15:35:10	0	120.0	119	1.5000	1.3000	115.38	
15:35:11	0	120.3	119	1.6000	1.3000	123.08	
15:35:12	0	120.7	120	1.5000	1.2000	125.00	
15:35:13	0	120.9	120	1.6000	1.3000	123.08	
15:35:14	0	121.2	121	1.7000	1.4000	121.43	
15:35:15	0	121.5	121	1.5000	1.3000	115.38	
15:35:16	0	121.9	121	1.4000	1.2000	116.67	
15:35:17	0	122.1	122	1.5000	1.2000	125.00	
15:35:18	0	122.3	122	1.6000	1.2000	133.33	
15:35:19	0	122.6	123	1.6000	1.3000	123.08	
15:35:20	0	123.1	123	1.4000	1.2000	116.67	
15:35:21	0	123.3	123	1.4000	1.2000	116.67	
15:35:22	0	123.5	124	1.6000	1.2000	133.33	
15:35:23	0	123.8	124	1.5000	1.2000	125.00	
15:35:24	0	124.2	124	1.4000	1.2000	116.67	
15:35:25	0	124.5	125	1.4000	1.2000	116.67	
15:35:26	0	124.8	125	1.5000	1.2000	125.00	
15:35:27	0	125.0	126	1.6000	1.2000	133.33	
15:35:28	0	125.4	126	1.6000	1.2000	133.33	
15:35:29	0	125.7	126	1.4000	1.2000	116.67	
15:35:30	0	126.0	127	1.4000	1.2000	116.67	
15:35:31	0	126.3	127	1.5000	1.2000	125.00	
15:35:32	0	126.5	127	1.5000	1.2000	125.00	
15:35:33	0	126.9	128	1.3000	1.2000	108.33	
15:35:34	0	127.1	128	1.4000	1.1000	127.27	
15:35:35	0	127.2	128	1.6000	1.2000	133.33	
15:35:36	0	127.6	129	1.5000	1.2000	125.00	
15:35:37	0	127.9	129	1.4000	1.2000	116.67	
15:35:38	0	128.2	130	1.5000	1.2000	125.00	
15:35:39	0	128.5	130	1.5000	1.2000	125.00	
15:35:40	0	128.6	130	1.6000	1.2000	133.33	
15:35:41	0	128.9	131	1.5000	1.3000	115.38	
15:35:42	0	129.3	131	1.4000	1.2000	116.67	
15:35:43	0	129.6	131	1.5000	1.2000	125.00	
15:35:44	0	129.7	132	1.6000	1.2000	133.33	
15:35:45	0	130.0	132	1.5000	1.2000	125.00	
15:35:46	0	130.4	132	1.3000	1.2000	108.33	
15:35:47	0	130.6	133	1.4000	1.2000	116.67	
15:35:48	0	130.8	133	1.6000	1.2000	133.33	
15:35:49	0	131.1	134	1.5000	1.2000	125.00	
15:35:50	0	131.4	134	1.4000	1.2000	116.67	
15:35:51	0	131.5	134	1.5000	1.2000	125.00	
15:35:52	0	131.9	135	1.5000	1.2000	125.00	
15:35:53	0	132.2	135	1.4000	1.2000	116.67	
15:35:54	0	132.4	135	1.4000	1.2000	116.67	
15:35:55	0	132.6	136	1.5000	1.2000	125.00	
15:35:56	0	132.9	136	1.4000	1.2000	116.67	
15:35:57	0	133.2	137	1.4000	1.2000	116.67	
15:35:58	0	133.5	137	1.4000	1.2000	116.67	
15:35:59	0	133.7	137	1.4000	1.2000	116.67	
15:36:00	0	133.9	138	1.6000	1.2000	133.33	
15:36:01	0	134.3	138	1.4000	1.1000	127.27	
15:36:02	0	134.5	138	1.4000	1.2000	116.67	
15:36:03	0	134.8	139	1.5000	1.2000	125.00	
15:36:04	0	135.1	139	1.4000	1.1000	127.27	
15:36:05	0	135.3	139	1.5000	1.2000	125.00	
15:36:06	0	135.6	140	1.6000	1.2000	133.33	
15:36:07	0	136.1	140	1.4000	1.2000	116.67	
15:36:08	0	136.3	140	1.4000	1.2000	116.67	
15:36:09	0	136.5	141	1.6000	1.2000	133.33	
15:36:10	0	136.9	141	1.6000	1.2000	133.33	
15:36:11	0	137.3	142	1.4000	1.2000	116.67	
15:36:12	0	137.5	142	1.4000	1.2000	116.67	
15:36:13	0	137.7	142	1.5000	1.2000	125.00	
15:36:14	0	138.1	143	1.4000	1.2000	116.67	
15:36:15	0	138.3	143	1.5000	1.2000	125.00	
15:36:16	0	138.7	143	1.4000	1.2000	116.67	
15:36:17	0	139.0	144	1.3000	1.2000	108.33	
15:36:18	0	139.1	144	1.6000	1.2000	133.33	
15:36:19	0	139.3	145	1.6000	1.2000	133.33	
15:36:20	0	139.8	145	1.3000	1.2000	108.33	
15:36:21	0	139.9	145	1.4000	1.2000	116.67	
15:36:22	0	140.3	146	1.5000	1.2000	125.00	
15:36:23	0	140.6	146	1.5000	1.2000	125.00	
15:36:24	0	140.9	146	1.4000	1.2000	116.67	
15:36:25	0	141.0	147	1.4000	1.2000	116.67	
15:36:26	0	141.3	147	1.4000	1.2000	116.67	
15:36:27	0	141.6	147	1.4000	1.2000	116.67	
15:36:28	0	141.8	148	1.4000	1.2000	116.67	
15:36:29	0	142.1	148	1.5000	1.2000	125.00	
15:36:30	0	142.3	148	1.5000	1.2000	125.00	
15:36:31	0	142.6	149	1.4000	1.2000	116.67	
15:36:32	0	142.9	149	1.4000	1.1000	127.27	
15:36:33	0	143.2	149	1.3000	1.2000	108.33	
15:36:34	0	143.4	150	1.4000	1.2000	116.67	
15:36:35	0	143.6	150	1.5000	1.2000	125.00	
15:36:36	0	143.9	151	1.4000	1.2000	116.67	
15:36:37	0	144.2	151	1.4000	1.2000	116.67	
15:36:38	0	144.3	151	1.4000	1.2000	116.67	
15:36:39	0	144.5	152	1.5000	1.2000	125.00	
15:36:40	0	144.9	152	1.4000	1.1000	127.27	
15:36:41	0	145.2	152	1.3000	1.2000	108.33	
15:36:42	0	145.4	153	1.5000	1.2000	125.00	
15:36:43	0	145.8	153	1.5000	1.2000	125.00	
15:36:44	0	146.0	153	1.4000	1.2000	116.67	
15:36:45	0	146.3	154	1.4000	1.2000	116.67	
15:36:46	0	146.6	154	1.4000	1.2000	116.67	
15:36:47	0	146.9	154	1.3000	1.2000	108.33	
15:36:48	0	147.1	155	1.4000	1.2000	116.67	
15:36:49	0	147.4	155	1.5000	1.2000	125.00	
15:36:50	0	147.6	156	1.4000	1.2000	116.67	
15:36:51	0	147.9	156	1.4000	1.2000	116.67	
15:36:52	0	148.1	156	1.5000	1.2000	125.00	
15:36:53	0	148.6	157	1.4000	1.2000	116.67	
15:36:54	0	148.7	157	1.4000	1.2000	116.67	
15:36:55	0	149.1	157	1.4000	1.2000	116.67	
15:36:56	0	149.2	158	1.5000	1.2000	125.00	
15:36:57	0	149.4	158	1.5000	1.2000	125.00	
15:36:58	0	149.8	158	1.4000	1.2000	116.67	
15:36:59	0	150.1	159	1.4000	1.2000	116.67	
15:37:00	0	150.2	159	1.5000	1.2000	125.00	
15:37:01	0	150.5	160	1.4000	1.2000	116.67	
15:37:02	0	150.7	160	1.4000	1.2000	116.67	
15:37:03	0	151.0	160	1.4000	1.2000	116.67	
15:37:04	0	151.3	161	1.4000	1.1000	127.27	
15:37:05	0	151.4	161	1.5000	1.2000	125.00	
15:37:06	0	151.7	161	1.4000	1.2000	116.67	
15:37:07	0	151.9	162	1.3000	1.2000	108.33	
15:37:08	0	152.1	162	1.4000	1.2000	116.67	
15:37:09	0	152.4	162	1.5000	1.2000	125.00	
15:37:10	0	152.7	163	1.4000	1.2000	116.67	
15:37:11	0	152.9	163	1.4000	1.2000	116.67	
15:37:12	0	153.2	163	1.5000	1.2000	125.00	
15:37:13	0	153.6	164	1.3000	1.2000	108.33	
15:37:14	0	153.7	164	1.3000	1.2000	108.33	
15:37:15	0	153.9	164	1.5000	1.2000	125.00	
15:37:16	0	154.2	165	1.4000	1.2000	116.67	
15:37:17	0	154.5	165	1.4000	1.1000	127.27	
15:37:18	0	154.7	165	1.4000	1.2000	116.67	
15:37:19	0	155.0	166	1.4000	1.2000	116.67	
15:37:20	0	155.2	166	1.4000	1.2000	116.67	
15:37:21	0	155.3	167	1.4000	1.2000	116.67	
15:37:22	0	155.7	167	1.3000	1.2000	108.33	
15:37:23	0	155.9	167	1.4000	1.2000	116.67	
15:37:24	0	156.2	168	1.4000	1.2000	116.67	
15:37:25	0	156.4	168	1.3000	1.2000	108.33	
15:37:26	0	156.7	168	1.4000	1.2000	116.67	
15:37:27	0	156.8	169	1.4000	1.2000	116.67	
15:37:28	0	157.1	169	1.4000	1.2000	116.67	
15:37:29	0	157.3	169	1.4000	1.2000	116.67	
15:37:30	0	157.5	170	1.4000	1.2000	116.67	
15:37:31	0	157.9	170	1.4000	1.2000	116.67	
15:37:32	0	158.1	170	1.3000	1.2000	108.33	
15:37:33	0	158.2	171	1.4000	1.2000	116.67	
15:37:34	0	158.6	171	1.4000	1.2000	116.67	
15:37:35	0	158.8	171	1.3000	1.2000	108.33	
15:37:36	0	158.8	172	1.5000	1.3000	115.38	
15:37:37	0	159.0	172	1.6000	1.3000	123.08	
15:37:38	0	159.5	172	1.4000	1.2000	116.67	
15:37:39	0	159.7	173	1.3000	1.2000	108.33	
15:37:40	0	159.8	173	1.6000	1.2000	133.33	
15:37:41	0	159.9	174	1.6000	1.3000	123.08	
15:37:42	0	160.4	174	1.4000	1.2000	116.67	
15:37:43	0	160.7	174	1.2000	1.1000	109.09	
15:37:44	0	160.7	175	1.4000	1.2000	116.67	
15:37:45	0	160.9	175	1.5000	1.2000	125.00	
15:37:46	0	161.1	175	1.4000	1.2000	116.67	
15:37:47	0	161.4	176	1.4000	1.2000	116.67	
15:37:48	0	161.6	176	1.4000	1.2000	116.67	
15:37:49	0	161.7	176	1.5000	1.2000	125.00	
15:37:50	0	162.1	177	1.5000	1.3000	115.38	
15:37:51	0	162.4	177	1.4000	1.2000	116.67	
15:37:52	0	162.5	177	1.4000	1.2000	116.67	
15:37:53	0	162.9	178	1.5000	1.2000	125.00	
15:37:54	0	163.1	178	1.4000	1.2000	116.67	
15:37:55	0	163.3	178	1.4000	1.2000	116.67	
15:37:56	0	163.4	179	1.5000	1.2000	125.00	
15:37:57	0	163.8	179	1.4000	1.2000	116.67	
15:37:58	0	164.0	180	1.4000	1.2000	116.67	
15:37:59	0	164.2	180	1.5000	1.2000	125.00	
15:38:00	0	164.4	180	1.4000	1.2000	116.67	
15:38:01	0	164.6	181	1.4000	1.2000	116.67	
15:38:02	0	164.8	181	1.4000	1.2000	116.67	
15:38:03	0	165.1	181	1.4000	1.2000	116.67	
15:38:04	0	165.1	182	1.5000	1.2000	125.00	
15:38:05	0	165.4	182	1.5000	1.2000	125.00	
15:38:06	0	165.8	182	1.2000	1.2000	100.00	
15:38:07	0	166.0	183	1.3000	1.2000	108.33	
15:38:08	0	166.2	183	1.5000	1.2000	125.00	
15:38:09	0	166.4	183	1.4000	1.2000	116.67	
15:38:10	0	166.7	184	1.4000	1.2000	116.67	
15:38:11	0	166.8	184	1.5000	1.3000	115.38	
15:38:12	0	167.2	185	1.5000	1.3000	115.38	
15:38:13	0	167.4	185	1.4000	1.2000	116.67	
15:38:14	0	167.7	185	1.4000	1.1000	127.27	
15:38:15	0	167.9	186	1.3000	1.2000	108.33	
15:38:16	0	168.1	186	1.5000	1.2000	125.00	
15:38:17	0	168.4	186	1.4000	1.2000	116.67	
15:38:18	0	168.5	187	1.4000	1.2000	116.67	
15:38:19	0	168.7	187	1.6000	1.2000	133.33	
15:38:20	0	169.0	187	1.5000	1.2000	125.00	
15:38:21	0	169.2	188	1.4000	1.2000	116.67	
15:38:22	0	169.5	188	1.4000	1.2000	116.67	
15:38:23	0	169.6	188	1.5000	1.2000	125.00	
15:38:24	0	169.7	189	1.6000	1.2000	133.33	
15:38:25	0	170.0	189	1.4000	1.2000	116.67	
15:38:26	0	170.3	189	1.3000	1.1000	118.18	
15:38:27	0	170.3	190	1.5000	1.2000	125.00	
15:38:28	0	170.6	190	1.5000	1.2000	125.00	
15:38:29	0	170.6	191	1.4000	1.2000	116.67	
15:38:30	0	171.0	191	1.4000	1.2000	116.67	
15:38:31	0	171.2	191	1.4000	1.2000	116.67	
15:38:32	0	171.3	192	1.4000	1.2000	116.67	
15:38:33	0	171.5	192	1.4000	1.2000	116.67	
15:38:34	0	171.7	192	1.4000	1.2000	116.67	
15:38:35	0	171.9	193	1.4000	1.2000	116.67	
15:38:36	0	172.2	193	1.4000	1.2000	116.67	
15:38:37	0	172.5	193	1.4000	1.2000	116.67	
15:38:38	0	172.5	194	1.5000	1.2000	125.00	
15:38:39	0	172.7	194	1.6000	1.3000	123.08	
15:38:40	0	172.9	195	1.4000	1.2000	116.67	
15:38:41	0	173.2	195	1.4000	1.2000	116.67	
15:38:42	0	173.4	195	1.4000	1.2000	116.67	
15:38:43	0	173.6	196	1.3000	1.1000	118.18	
15:38:44	0	173.7	196	1.4000	1.2000	116.67	
15:38:45	0	173.9	196	1.5000	1.3000	115.38	
15:38:46	0	174.1	197	1.4000	1.2000	116.67	
15:38:47	0	174.3	197	1.3000	1.2000	108.33	
15:38:48	0	174.5	197	1.4000	1.2000	116.67	
15:38:49	0	174.7	198	1.5000	1.2000	125.00	
15:38:50	0	175.0	198	1.5000	1.2000	125.00	
15:38:51	0	175.1	198	1.5000	1.2000	125.00	
15:38:52	0	175.3	199	1.5000	1.2000	125.00	
15:38:53	0	175.4	199	1.5000	1.2000	125.00	
15:38:54	0	175.8	200	1.4000	1.2000	116.67	
15:38:55	0	176.0	200	1.3000	1.2000	108.33	
15:38:56	0	176.1	200	1.6000	1.2000	133.33	
15:38:57	0	176.2	201	1.5000	1.2000	125.00	
15:38:58	0	176.5	201	1.2000	1.2000	100.00	
15:38:59	0	176.5	201	1.5000	1.2000	125.00	
15:39:00	0	176.5	202	1.7000	1.4000	121.43	
15:39:01	0	176.5	202	1.8000	1.4000	128.57	
15:39:02	0	176.4	203	1.9000	1.6000	118.75	
15:39:03	0	176.1	203	2.1000	1.7000	123.53	
15:39:04	0	175.9	204	2.1000	1.8000	116.67	
15:39:05	0	175.8	204	1.9000	1.8000	105.56	
15:39:06	0	175.4	205	1.8000	1.8000	100.00	
15:39:07	0	175.3	205	1.7000	1.8000	94.44	
15:39:08	0	175.1	206	1.8000	1.7000	105.88	
15:39:09	0	174.8	206	1.9000	1.7000	111.76	
15:39:10	0	174.7	207	1.8000	1.8000	100.00	
15:39:11	0	174.7	207	1.7000	1.6000	106.25	
15:39:12	0	174.3	208	2.0000	1.7000	117.65	
15:39:13	0	174.3	208	2.1000	1.9000	110.53	
15:39:14	0	174.3	208	1.8000	1.7000	105.88	
15:39:15	0	174.2	209	1.9000	1.6000	118.75	
15:39:16	0	173.9	209	2.0000	1.8000	111.11	
15:39:17	0	173.9	210	1.8000	1.7000	105.88	
15:39:18	0	173.7	210	1.9000	1.7000	111.76	
15:39:19	0	173.6	211	1.9000	1.8000	105.56	
15:39:20	0	173.5	211	1.8000	1.8000	100.00	
15:39:21	0	173.6	212	1.8000	1.7000	105.88	
15:39:22	0	173.5	212	2.1000	1.7000	123.53	
15:39:23	0	173.3	213	2.1000	1.8000	116.67	
15:39:24	0	173.3	213	1.9000	1.7000	111.76	
15:39:25	0	173.2	214	1.9000	1.7000	111.76	
15:39:26	0	172.9	214	2.2000	1.8000	122.22	
15:39:27	0	172.9	215	2.1000	1.7000	123.53	
15:39:28	0	172.9	215	1.9000	1.6000	118.75	
15:39:29	0	172.7	216	2.1000	1.6000	131.25	
15:39:30	0	172.6	216	2.1000	1.7000	123.53	
15:39:31	0	172.5	217	2.0000	1.7000	117.65	
15:39:32	0	172.5	217	1.9000	1.6000	118.75	
15:39:33	0	172.4	218	2.1000	1.6000	131.25	
15:39:34	0	172.2	218	2.1000	1.7000	123.53	
15:39:35	0	172.1	219	2.1000	1.8000	116.67	
15:39:36	0	172.2	219	2.1000	1.7000	123.53	
15:39:37	0	172.1	220	2.1000	1.6000	131.25	
15:39:38	0	172.0	220	2.0000	1.7000	117.65	
15:39:39	0	171.9	221	2.0000	1.7000	117.65	
15:39:40	0	171.8	221	2.1000	1.7000	123.53	
15:39:41	0	171.8	222	2.0000	1.7000	117.65	
15:39:42	0	171.9	222	1.8000	1.6000	112.50	
15:39:43	0	171.7	223	2.2000	1.7000	129.41	
15:39:44	0	171.6	223	2.2000	1.8000	122.22	
15:39:45	0	171.8	224	1.9000	1.7000	111.76	
15:39:46	0	171.5	224	2.1000	1.6000	131.25	
15:39:47	0	171.4	225	2.2000	1.7000	129.41	
15:39:48	0	171.4	225	2.1000	1.7000	123.53	
15:39:49	0	171.4	226	2.0000	1.6000	125.00	
15:39:50	0	171.3	226	2.1000	1.6000	131.25	
15:39:51	0	171.1	227	2.1000	1.8000	116.67	
15:39:52	0	171.0	228	2.1000	1.8000	116.67	
15:39:53	0	171.0	228	1.9000	1.7000	111.76	
15:39:54	0	170.9	228	1.9000	1.7000	111.76	
15:39:55	0	170.7	229	2.1000	1.8000	116.67	
15:39:56	0	170.6	230	2.1000	1.8000	116.67	
15:39:57	0	170.6	230	1.9000	1.8000	105.56	
15:39:58	0	170.5	231	2.0000	1.8000	111.11	
15:39:59	0	170.3	231	2.2000	1.8000	122.22	
15:40:00	0	170.4	232	2.1000	1.8000	116.67	
15:40:01	0	170.3	232	2.1000	1.7000	123.53	
15:40:02	0	170.2	233	2.1000	1.7000	123.53	
15:40:03	0	170.0	233	2.0000	1.8000	111.11	
15:40:04	0	169.9	234	2.1000	1.8000	116.67	
15:40:05	0	169.9	234	2.1000	1.8000	116.67	
15:40:06	0	169.7	235	1.9000	1.8000	105.56	
15:40:07	0	169.6	235	2.0000	1.8000	111.11	
15:40:08	0	169.6	236	2.1000	1.8000	116.67	
15:40:09	0	169.6	236	2.1000	1.8000	116.67	
15:40:10	0	169.6	237	1.9000	1.7000	111.76	
15:40:11	0	169.5	237	2.0000	1.6000	125.00	
15:40:12	0	169.2	238	2.2000	1.8000	122.22	
15:40:13	0	169.2	238	2.1000	1.8000	116.67	
15:40:14	0	169.2	239	2.0000	1.7000	117.65	
15:40:15	0	169.1	239	2.0000	1.6000	125.00	
15:40:16	0	168.9	240	2.1000	1.8000	116.67	
15:40:17	0	168.8	240	2.1000	1.8000	116.67	
15:40:18	0	168.8	241	1.8000	1.7000	105.88	
15:40:19	0	168.6	241	1.8000	1.6000	112.50	
15:40:20	0	168.4	242	2.1000	1.7000	123.53	
15:40:21	0	168.1	242	2.1000	1.8000	116.67	
15:40:22	0	168.1	242	1.8000	1.8000	100.00	
15:40:23	0	167.9	243	1.8000	1.7000	105.88	
15:40:24	0	167.8	244	2.1000	1.8000	116.67	
15:40:25	0	167.8	244	2.1000	1.8000	116.67	
15:40:26	0	167.8	245	2.1000	1.8000	116.67	
15:40:27	0	167.6	245	2.1000	1.8000	116.67	
15:40:28	0	167.5	246	2.2000	1.9000	115.79	
15:40:29	0	167.4	246	2.0000	1.8000	111.11	
15:40:30	0	167.4	247	1.9000	1.7000	111.76	
15:40:31	0	167.3	247	2.0000	1.6000	125.00	
15:40:32	0	167.1	248	2.0000	1.7000	117.65	
15:40:33	0	166.9	248	2.1000	1.8000	116.67	
15:40:34	0	166.7	249	2.0000	1.8000	111.11	
15:40:35	0	166.4	249	1.8000	1.8000	100.00	
15:40:36	0	166.2	250	1.9000	1.8000	105.56	
15:40:37	0	166.1	250	1.8000	1.8000	100.00	
15:40:38	0	165.9	250	1.8000	1.7000	105.88	
15:40:39	0	165.7	251	1.9000	1.7000	111.76	
15:40:40	0	165.6	251	1.8000	1.8000	100.00	
15:40:41	0	165.3	252	1.9000	1.8000	105.56	
15:40:42	0	165.2	252	1.9000	1.8000	105.56	
15:40:43	0	164.9	253	2.1000	1.8000	116.67	
15:40:44	0	164.8	253	2.2000	1.9000	115.79	
15:40:45	0	164.8	254	2.0000	1.8000	111.11	
15:40:46	0	164.8	254	2.1000	1.8000	116.67	
15:40:47	0	164.6	255	2.1000	1.9000	110.53	
15:40:48	0	164.5	255	2.0000	1.9000	105.26	
15:40:49	0	164.5	256	1.9000	1.8000	105.56	
15:40:50	0	164.2	256	2.0000	1.7000	117.65	
15:40:51	0	164.0	257	2.0000	1.8000	111.11	
15:40:52	0	163.8	257	1.9000	1.8000	105.56	
15:40:53	0	163.8	258	1.9000	1.8000	105.56	
15:40:54	0	163.4	258	2.0000	1.8000	111.11	
15:40:55	0	163.4	259	1.8000	1.8000	100.00	
15:40:56	0	163.4	259	1.8000	1.7000	105.88	
15:40:57	0	163.1	260	2.1000	1.8000	116.67	
15:40:58	0	162.8	260	2.3000	2.0000	115.00	
15:40:59	0	162.8	261	2.0000	1.9000	105.26	
15:41:00	0	162.7	261	1.9000	1.8000	105.56	
15:41:01	0	162.6	262	2.1000	1.8000	116.67	
15:41:02	0	162.4	262	2.0000	1.7000	117.65	
15:41:03	0	162.3	263	2.0000	1.7000	117.65	
15:41:04	0	162.2	263	2.1000	1.8000	116.67	
15:41:05	0	162.1	264	2.0000	1.8000	111.11	
15:41:06	0	161.8	264	2.1000	1.8000	116.67	
15:41:07	0	161.6	265	2.1000	1.9000	110.53	
15:41:08	0	161.5	265	2.1000	1.9000	110.53	
15:41:09	0	161.3	266	2.0000	1.8000	111.11	
15:41:10	0	161.2	266	2.0000	1.8000	111.11	
15:41:11	0	161.2	267	2.1000	1.8000	116.67	
15:41:12	0	161.1	267	2.1000	1.8000	116.67	
15:41:13	0	160.9	268	2.0000	1.8000	111.11	
15:41:14	0	160.9	268	1.9000	1.7000	111.76	
15:41:15	0	160.6	269	2.1000	1.8000	116.67	
15:41:16	0	160.4	270	2.3000	1.9000	121.05	
15:41:17	0	160.4	270	2.1000	1.8000	116.67	
15:41:18	0	160.2	270	1.9000	1.7000	111.76	
15:41:19	0	160.0	271	2.2000	1.7000	129.41	
15:41:20	0	159.8	272	2.2000	1.8000	122.22	
15:41:21	0	159.8	272	2.0000	1.7000	117.65	
15:41:22	0	159.6	273	2.1000	1.7000	123.53	
15:41:23	0	159.4	273	2.1000	1.7000	123.53	
15:41:24	0	159.4	274	1.9000	1.6000	118.75	
15:41:25	0	159.0	274	2.1000	1.8000	116.67	
15:41:26	0	158.7	275	2.3000	2.0000	115.00	
15:41:27	0	158.7	275	1.8000	1.8000	100.00	
15:41:28	0	158.7	276	1.7000	1.6000	106.25	
15:41:29	0	158.4	276	2.2000	1.6000	137.50	
15:41:30	0	158.3	277	2.3000	1.8000	127.78	
15:41:31	0	158.2	277	2.1000	1.8000	116.67	
15:41:32	0	158.1	278	2.1000	1.7000	123.53	
15:41:33	0	157.9	278	2.2000	1.8000	122.22	
15:41:34	0	157.7	279	2.1000	1.8000	116.67	
15:41:35	0	157.6	279	1.9000	1.6000	118.75	
15:41:36	0	157.3	280	2.1000	1.6000	131.25	
15:41:37	0	157.1	280	2.1000	1.7000	123.53	
15:41:38	0	156.9	281	2.0000	1.7000	117.65	
15:41:39	0	156.8	281	1.9000	1.7000	111.76	
15:41:40	0	156.6	282	2.0000	1.7000	117.65	
15:41:41	0	156.2	282	2.0000	1.8000	111.11	
15:41:42	0	156.1	283	1.8000	1.8000	100.00	
15:41:43	0	156.1	283	1.8000	1.6000	112.50	
15:41:44	0	155.8	284	2.0000	1.6000	125.00	
15:41:45	0	155.5	284	2.1000	1.7000	123.53	
15:41:46	0	155.4	285	2.1000	1.8000	116.67	
15:41:47	0	155.3	285	1.9000	1.7000	111.76	
15:41:48	0	155.2	286	2.1000	1.7000	123.53	
15:41:49	0	155.0	286	2.3000	1.8000	127.78	
15:41:50	0	154.7	287	2.3000	1.9000	121.05	
15:41:51	0	154.6	287	2.1000	1.8000	116.67	
15:41:52	0	154.4	288	2.1000	1.8000	116.67	
15:41:53	0	154.3	288	2.1000	1.8000	116.67	
15:41:54	0	154.2	289	2.0000	1.8000	111.11	
15:41:55	0	154.0	289	2.1000	1.8000	116.67	
15:41:56	0	153.7	290	2.1000	1.9000	110.53	
15:41:57	0	153.6	290	2.1000	2.0000	105.00	
15:41:58	0	153.5	291	2.0000	1.9000	105.26	
15:41:59	0	153.5	292	2.1000	1.9000	110.53	
15:42:00	0	153.2	292	2.3000	2.0000	115.00	
15:42:01	0	153.1	293	2.2000	2.0000	110.00	
15:42:02	0	153.0	293	2.0000	1.8000	111.11	
15:42:03	0	152.8	294	2.1000	1.8000	116.67	
15:42:04	0	152.7	294	2.1000	1.9000	110.53	
15:42:05	0	152.4	295	2.1000	1.9000	110.53	
15:42:06	0	152.3	295	2.1000	1.9000	110.53	
15:42:07	0	152.1	296	2.1000	1.9000	110.53	
15:42:08	0	151.9	296	2.1000	1.8000	116.67	
15:42:09	0	151.7	297	2.2000	1.9000	115.79	
15:42:10	0	151.5	297	2.1000	2.0000	105.00	
15:42:11	0	151.3	298	2.1000	1.8000	116.67	
15:42:12	0	151.0	298	2.2000	1.9000	115.79	
15:42:13	0	151.0	299	2.1000	2.0000	105.00	
15:42:14	0	150.9	299	2.0000	1.9000	105.26	
15:42:15	0	150.6	300	2.2000	1.9000	115.79	
15:42:16	0	150.6	300	2.2000	1.9000	115.79	
15:42:17	0	150.3	301	2.1000	1.9000	110.53	
15:42:18	0	150.2	302	2.1000	1.9000	110.53	
15:42:19	0	149.9	302	2.1000	1.9000	110.53	
15:42:20	0	149.6	303	2.2000	2.0000	110.00	
15:42:21	1	149.5	0	2.1000	2.0000	105.00	
15:42:22	1	149.3	0	2.0000	1.9000	105.26	
15:42:23	1	149.0	1	2.1000	1.9000	110.53	
15:42:24	1	148.7	1	2.0000	1.9000	105.26	
15:42:25	1	148.5	2	1.8000	1.8000	100.00	
15:42:26	1	148.1	2	1.7000	1.7000	100.00	
15:42:27	1	147.7	3	1.6000	1.8000	88.89	
15:42:28	1	147.6	3	1.4000	1.8000	77.78	
15:42:29	1	147.4	3	1.6000	1.8000	88.89	
15:42:30	1	146.9	4	1.8000	1.8000	100.00	
15:42:31	1	146.6	4	1.6000	1.8000	88.89	
15:42:32	1	146.6	5	1.4000	1.8000	77.78	
15:42:33	1	146.2	5	1.8000	1.8000	100.00	
15:42:34	1	145.9	6	1.9000	1.9000	100.00	
15:42:35	1	145.9	6	1.6000	1.8000	88.89	
15:42:36	1	145.7	7	1.8000	1.8000	100.00	
15:42:37	1	145.3	7	2.0000	1.8000	111.11	
15:42:38	1	145.1	7	1.8000	1.9000	94.74	
15:42:39	1	144.9	8	1.8000	1.8000	100.00	
15:42:40	1	144.7	8	2.0000	1.8000	111.11	
15:42:41	1	144.5	9	1.7000	1.8000	94.44	
15:42:42	1	144.2	9	1.8000	1.8000	100.00	
15:42:43	1	144.1	10	1.9000	1.8000	105.56	
15:42:44	1	143.8	10	1.8000	1.8000	100.00	
15:42:45	1	143.6	11	1.9000	1.8000	105.56	
15:42:46	1	143.3	11	1.9000	2.0000	95.00	
15:42:47	1	143.2	12	1.8000	1.9000	94.74	
15:42:48	1	143.0	12	1.8000	1.8000	100.00	
15:42:49	1	142.6	13	2.0000	1.9000	105.26	
15:42:50	1	142.5	13	2.0000	1.9000	105.26	
15:42:51	1	142.4	14	1.9000	1.9000	100.00	
15:42:52	1	142.2	14	1.9000	1.8000	105.56	
15:42:53	1	142.0	15	2.0000	1.8000	111.11	
15:42:54	1	141.8	15	2.1000	1.8000	116.67	
15:42:55	1	141.5	16	2.0000	1.9000	105.26	
15:42:56	1	141.3	16	1.8000	2.0000	90.00	
15:42:57	1	141.2	16	1.7000	1.8000	94.44	
15:42:58	1	140.9	17	2.1000	1.8000	116.67	
15:42:59	1	140.8	17	2.1000	2.0000	105.00	
15:43:00	1	140.6	18	1.9000	1.9000	100.00	
15:43:01	1	140.4	18	2.1000	2.0000	105.00	
15:43:02	1	140.3	19	1.9000	1.9000	100.00	
15:43:03	1	140.1	19	1.8000	1.8000	100.00	
15:43:04	1	140.0	20	2.0000	1.8000	111.11	
15:43:05	1	139.7	20	1.9000	1.9000	100.00	
15:43:06	1	139.7	21	1.8000	1.9000	94.74	
15:43:07	1	139.4	21	2.0000	1.9000	105.26	
15:43:08	1	139.2	22	2.0000	1.9000	105.26	
15:43:09	1	138.9	22	1.9000	1.9000	100.00	
15:43:10	1	138.7	23	2.0000	1.9000	105.26	
15:43:11	1	138.6	23	1.8000	1.8000	100.00	
15:43:12	1	138.5	24	1.8000	1.8000	100.00	
15:43:13	1	138.2	24	2.1000	1.8000	116.67	
15:43:14	1	137.7	25	2.0000	1.9000	105.26	
15:43:15	1	137.5	25	1.7000	1.8000	94.44	
15:43:16	1	137.3	26	1.8000	1.7000	105.88	
15:43:17	1	137.1	26	1.9000	1.8000	105.56	
15:43:18	1	136.7	26	1.8000	1.8000	100.00	
15:43:19	1	136.4	27	1.7000	1.8000	94.44	
15:43:20	1	136.3	27	1.6000	1.7000	94.12	
15:43:21	1	136.1	28	1.6000	1.6000	100.00	
15:43:22	1	135.7	28	1.9000	1.7000	111.76	
15:43:23	1	135.3	29	1.8000	1.8000	100.00	
15:43:24	1	135.1	29	1.8000	1.8000	100.00	
15:43:25	1	134.9	30	1.9000	1.8000	105.56	
15:43:26	1	134.8	30	1.9000	1.9000	100.00	
15:43:27	1	134.5	31	2.0000	1.9000	105.26	
15:43:28	1	134.4	31	2.0000	1.9000	105.26	
15:43:29	1	134.2	32	2.0000	1.9000	105.26	
15:43:30	1	134.0	32	2.0000	1.8000	111.11	
15:43:31	1	133.7	33	1.9000	1.8000	105.56	
15:43:32	1	133.6	33	1.8000	1.8000	100.00	
15:43:33	1	133.2	34	1.9000	1.8000	105.56	
15:43:34	1	133.0	34	2.0000	2.0000	100.00	
15:43:35	1	132.7	34	1.8000	2.0000	90.00	
15:43:36	1	132.5	35	1.9000	2.0000	95.00	
15:43:37	1	132.4	35	1.9000	2.0000	95.00	
15:43:38	1	132.1	36	1.9000	1.9000	100.00	
15:43:39	1	132.0	36	1.8000	1.8000	100.00	
15:43:40	1	131.8	37	1.9000	1.9000	100.00	
15:43:41	1	131.4	37	2.1000	2.0000	105.00	
15:43:42	1	131.2	38	1.7000	1.8000	94.44	
15:43:43	1	131.0	38	1.6000	1.8000	88.89	
15:43:44	1	130.6	39	1.9000	1.8000	105.56	
15:43:45	1	130.2	39	1.9000	1.8000	105.56	
15:43:46	1	130.0	40	1.7000	1.8000	94.44	
15:43:47	1	130.0	40	1.7000	1.8000	94.44	
15:43:48	1	129.8	41	2.0000	1.8000	111.11	
15:43:49	1	129.4	41	2.1000	2.0000	105.00	
15:43:50	1	129.0	41	1.8000	2.0000	90.00	
15:43:51	1	128.8	42	1.8000	1.9000	94.74	
15:43:52	1	128.7	42	1.8000	1.7000	105.88	
15:43:53	1	128.4	43	1.9000	1.6000	118.75	
15:43:54	1	128.0	43	2.0000	1.8000	111.11	
15:43:55	1	127.8	44	1.7000	1.8000	94.44	
15:43:56	1	127.5	44	1.8000	1.8000	100.00	
15:43:57	1	127.2	45	2.0000	1.8000	111.11	
15:43:58	1	126.9	45	1.9000	2.0000	95.00	
15:43:59	1	126.8	46	1.7000	1.9000	89.47	
15:44:00	1	126.5	46	1.8000	1.8000	100.00	
15:44:01	1	126.2	47	1.9000	1.8000	105.56	
15:44:02	1	126.1	47	1.8000	1.8000	100.00	
15:44:03	1	125.9	47	1.8000	1.7000	105.88	
15:44:04	1	125.4	48	2.0000	1.8000	111.11	
15:44:05	1	125.1	48	1.7000	1.9000	89.47	
15:44:06	1	125.0	49	1.6000	1.8000	88.89	
15:44:07	1	124.8	49	1.8000	1.6000	112.50	
15:44:08	1	124.5	50	2.1000	1.8000	116.67	
15:44:09	1	124.1	50	2.0000	2.1000	95.24	
15:44:10	1	124.0	51	1.7000	2.1000	80.95	
15:44:11	1	124.0	51	1.8000	1.8000	100.00	
15:44:12	1	123.8	52	2.0000	1.8000	111.11	
15:44:13	1	123.4	52	2.1000	1.9000	110.53	
15:44:14	1	123.2	53	1.8000	1.9000	94.74	
15:44:15	1	123.0	53	1.8000	1.9000	94.74	
15:44:16	1	122.7	54	2.0000	1.9000	105.26	
15:44:17	1	122.5	54	1.9000	1.8000	105.56	
15:44:18	1	122.1	54	1.8000	1.7000	105.88	
15:44:19	1	121.7	55	1.9000	1.9000	100.00	
15:44:20	1	121.4	55	1.7000	1.9000	89.47	
15:44:21	1	121.4	56	1.6000	1.7000	94.12	
15:44:22	1	121.0	56	1.9000	1.8000	105.56	
15:44:23	1	120.7	57	2.1000	2.0000	105.00	
15:44:24	1	120.4	57	1.8000	2.0000	90.00	
15:44:25	1	120.3	58	1.7000	1.8000	94.44	
15:44:26	1	120.1	58	1.8000	1.7000	105.88	
15:44:27	1	119.9	59	2.0000	1.8000	111.11	
15:44:28	1	119.6	59	1.8000	1.8000	100.00	
15:44:29	2	119.2	0	1.9000	1.8000	105.56	
15:44:30	2	118.8	0	1.8000	1.9000	94.74	
15:44:31	2	118.7	1	1.6000	1.8000	88.89	
15:44:32	2	118.5	1	1.6000	1.7000	94.12	
15:44:33	2	118.0	2	1.9000	1.8000	105.56	
15:44:34	2	117.7	2	1.8000	2.0000	90.00	
15:44:35	2	117.7	3	1.6000	1.8000	88.89	
15:44:36	2	117.5	3	1.8000	1.8000	100.00	
15:44:37	2	117.2	3	1.8000	1.9000	94.74	
15:44:38	2	116.7	4	1.8000	2.0000	90.00	
15:44:39	2	116.5	4	1.5000	1.9000	78.95	
15:44:40	2	116.3	5	1.6000	1.8000	88.89	
15:44:41	2	116.1	5	2.0000	1.8000	111.11	
15:44:42	2	115.7	6	2.0000	1.9000	105.26	
15:44:43	2	115.4	6	1.8000	2.0000	90.00	
15:44:44	2	115.2	7	1.8000	1.8000	100.00	
15:44:45	2	114.9	7	1.8000	1.8000	100.00	
15:44:46	2	114.6	7	1.8000	1.9000	94.74	
15:44:47	2	114.3	8	1.8000	1.9000	94.74	
15:44:48	2	114.1	8	1.8000	1.9000	94.74	
15:44:49	2	113.9	9	1.8000	1.9000	94.74	
15:44:50	2	113.5	9	1.7000	1.9000	89.47	
15:44:51	2	113.3	10	1.6000	1.8000	88.89	
15:44:52	2	112.8	10	1.9000	2.0000	95.00	
15:44:53	2	112.5	11	1.9000	2.1000	90.48	
15:44:54	2	112.4	11	1.5000	1.8000	83.33	
15:44:55	2	112.2	12	1.8000	1.8000	100.00	
15:44:56	2	111.9	12	2.2000	1.9000	115.79	
15:44:57	2	111.6	12	1.9000	1.8000	105.56	
15:44:58	2	111.3	13	1.9000	1.9000	100.00	
15:44:59	2	110.9	13	1.8000	2.1000	85.71	
15:45:00	2	110.8	14	1.5000	1.8000	83.33	
15:45:01	2	110.5	14	1.8000	1.8000	100.00	
15:45:02	2	110.1	15	2.1000	2.1000	100.00	
15:45:03	2	109.7	15	1.8000	2.1000	85.71	
15:45:04	2	109.5	16	1.7000	2.1000	80.95	
15:45:05	2	109.3	16	1.7000	1.9000	89.47	
15:45:06	2	108.8	17	1.8000	1.9000	94.74	
15:45:07	2	108.4	17	1.7000	2.0000	85.00	
15:45:08	2	108.2	17	1.6000	1.9000	84.21	
15:45:09	2	107.7	18	1.8000	1.9000	94.74	
15:45:10	2	107.3	18	1.7000	2.0000	85.00	
15:45:11	2	107.0	19	1.6000	2.0000	80.00	
15:45:12	2	106.6	19	1.8000	2.0000	90.00	
15:45:13	2	106.3	19	1.7000	2.1000	80.95	
15:45:14	2	106.0	20	1.6000	2.1000	76.19	
15:45:15	2	105.7	20	1.7000	2.0000	85.00	
15:45:16	2	105.2	21	1.8000	2.0000	90.00	
15:45:17	2	105.0	21	1.8000	2.0000	90.00	
15:45:18	2	104.7	22	1.7000	1.9000	89.47	
15:45:19	2	104.3	22	2.1000	2.0000	105.00	
15:45:20	2	103.9	23	2.1000	2.1000	100.00	
15:45:21	2	103.7	23	1.7000	2.0000	85.00	
15:45:22	2	103.5	24	1.8000	1.9000	94.74	
15:45:23	2	103.1	24	1.9000	2.0000	95.00	
15:45:24	2	102.5	25	1.9000	2.1000	90.48	
15:45:25	2	102.3	25	1.7000	2.1000	80.95	
15:45:26	2	101.9	25	1.7000	1.9000	89.47	
15:45:27	2	101.7	26	1.8000	2.0000	90.00	
15:45:28	2	101.3	26	1.8000	2.1000	85.71	
15:45:29	2	101.0	27	1.9000	2.1000	90.48	
15:45:30	2	100.8	27	1.8000	2.0000	90.00	
15:45:31	2	100.5	28	1.8000	1.9000	94.74	
15:45:32	2	100.1	28	2.1000	2.0000	105.00	
15:45:33	2	99.8	29	2.0000	2.1000	95.24	
15:45:34	2	99.5	29	1.7000	2.1000	80.95	
15:45:35	2	99.2	30	1.8000	2.0000	90.00	
15:45:36	2	98.8	30	1.8000	2.1000	85.71	
15:45:37	2	98.5	30	1.7000	2.0000	85.00	
15:45:38	2	98.2	31	1.6000	1.8000	88.89	
15:45:39	2	97.7	31	1.8000	1.9000	94.74	
15:45:40	2	97.3	32	1.8000	2.1000	85.71	
15:45:41	2	97.0	32	1.6000	1.9000	84.21	
15:45:42	2	96.7	33	1.9000	1.9000	100.00	
15:45:43	2	96.2	33	1.8000	2.1000	85.71	
15:45:44	2	95.9	34	1.7000	2.1000	80.95	
15:45:45	2	95.4	34	1.8000	2.1000	85.71	
15:45:46	2	95.0	34	1.6000	2.0000	80.00	
15:45:47	2	94.7	35	1.6000	1.9000	84.21	
15:45:48	2	94.2	35	1.8000	1.9000	94.74	
15:45:49	2	93.7	36	1.8000	2.0000	90.00	
15:45:50	2	93.5	36	1.7000	1.9000	89.47	
15:45:51	2	93.2	37	1.8000	1.8000	100.00	
15:45:52	2	92.5	37	1.8000	2.0000	90.00	
15:45:53	2	92.2	37	1.6000	2.1000	76.19	
15:45:54	2	91.8	38	1.7000	2.0000	85.00	
15:45:55	2	91.5	38	1.9000	2.0000	95.00	
15:45:56	2	91.0	39	1.8000	2.1000	85.71	
15:45:57	2	90.6	39	1.7000	2.1000	80.95	
15:45:58	2	90.3	40	1.7000	2.0000	85.00	
15:45:59	2	89.8	40	1.8000	2.0000	90.00	
15:46:00	2	89.4	41	1.7000	1.9000	89.47	
15:46:01	2	89.1	41	1.7000	1.9000	89.47	
15:46:02	2	88.8	41	1.7000	2.0000	85.00	
15:46:03	2	88.4	42	1.8000	2.1000	85.71	
15:46:04	2	87.9	42	1.8000	2.2000	81.82	
15:46:05	2	87.5	43	1.7000	2.1000	80.95	
15:46:06	2	87.2	43	1.7000	2.0000	85.00	
15:46:07	2	87.0	44	1.8000	1.9000	94.74	
15:46:08	2	86.4	44	1.9000	2.0000	95.00	
15:46:09	2	85.9	44	1.8000	2.1000	85.71	
15:46:10	2	85.7	45	1.7000	1.9000	89.47	
15:46:11	2	85.3	45	1.8000	1.9000	94.74	
15:46:12	2	84.8	46	1.8000	2.0000	90.00	
15:46:13	2	84.5	46	1.7000	2.0000	85.00	
15:46:14	2	84.2	47	1.8000	2.1000	85.71	
15:46:15	2	83.7	47	1.9000	2.1000	90.48	
15:46:16	2	83.3	48	1.7000	2.1000	80.95	
15:46:17	2	82.9	48	1.7000	2.0000	85.00	
15:46:18	2	82.6	48	1.8000	2.0000	90.00	
15:46:19	2	82.3	49	1.6000	1.9000	84.21	
15:46:20	2	81.9	49	1.8000	1.9000	94.74	
15:46:21	2	81.4	50	2.0000	2.1000	95.24	
15:46:22	2	80.8	50	1.8000	2.1000	85.71	
15:46:23	2	80.5	51	1.8000	2.1000	85.71	
15:46:24	2	80.1	51	1.8000	2.0000	90.00	
15:46:25	2	79.7	52	1.8000	2.0000	90.00	
15:46:26	2	79.3	52	1.8000	2.1000	85.71	
15:46:27	3	79.0	0	1.8000	2.1000	85.71	
15:46:28	3	78.6	0	1.8000	2.1000	85.71	
15:46:29	3	78.2	1	1.9000	2.0000	95.00	
15:46:30	3	77.8	1	1.9000	2.0000	95.00	
15:46:31	3	77.3	2	1.8000	2.0000	90.00	
15:46:32	3	76.9	2	1.8000	2.0000	90.00	
15:46:33	3	76.4	3	1.8000	2.1000	85.71	
15:46:34	3	76.0	3	1.8000	2.1000	85.71	
15:46:35	3	75.6	4	1.8000	2.1000	85.71	
15:46:36	3	75.0	4	1.8000	2.1000	85.71	
15:46:37	3	74.7	4	1.7000	2.1000	80.95	
15:46:38	3	74.4	5	1.7000	2.1000	80.95	
15:46:39	3	74.0	5	1.8000	2.1000	85.71	
15:46:40	3	73.6	6	1.8000	2.2000	81.82	
15:46:41	3	73.3	6	1.8000	2.1000	85.71	
15:46:42	3	72.9	7	1.8000	2.0000	90.00	
15:46:43	3	72.4	7	2.0000	2.1000	95.24	
15:46:44	3	72.0	8	2.0000	2.2000	90.91	
15:46:45	3	71.6	8	1.8000	2.1000	85.71	
15:46:46	3	71.3	9	1.8000	2.1000	85.71	
15:46:47	3	70.9	9	1.7000	2.1000	80.95	
15:46:48	3	70.4	10	1.8000	2.0000	90.00	
15:46:49	3	69.8	10	1.6000	2.1000	76.19	
15:46:50	3	69.5	10	1.4000	2.0000	70.00	
15:46:51	3	69.1	11	1.8000	1.8000	100.00	
15:46:52	3	68.7	11	2.1000	2.1000	100.00	
15:46:53	3	68.3	12	1.8000	2.1000	85.71	
15:46:54	3	67.9	12	1.8000	1.9000	94.74	
15:46:55	3	67.5	13	1.9000	2.0000	95.00	
15:46:56	3	67.1	13	1.8000	2.1000	85.71	
15:46:57	3	66.5	14	1.8000	2.1000	85.71	
15:46:58	3	66.1	14	1.8000	2.1000	85.71	
15:46:59	3	65.8	14	1.6000	2.0000	80.00	
15:47:00	3	65.5	15	1.6000	1.9000	84.21	
15:47:01	3	65.0	15	1.8000	2.0000	90.00	
15:47:02	3	64.4	16	1.8000	2.1000	85.71	
15:47:03	3	64.1	16	1.6000	2.1000	76.19	
15:47:04	3	63.9	17	1.6000	2.0000	80.00	
15:47:05	3	63.5	17	1.8000	2.0000	90.00	
15:47:06	3	63.0	17	1.8000	2.1000	85.71	
15:47:07	3	62.5	18	1.6000	2.1000	76.19	
15:47:08	3	62.1	18	1.7000	2.0000	85.00	
15:47:09	3	61.7	19	1.7000	2.0000	85.00	
15:47:10	3	61.3	19	1.6000	1.8000	88.89	
15:47:11	3	60.8	20	1.8000	1.8000	100.00	
15:47:12	3	60.3	20	1.8000	2.1000	85.71	
15:47:13	3	59.7	20	1.6000	2.1000	76.19	
15:47:14	3	59.3	21	1.7000	1.9000	89.47	
15:47:15	3	59.0	21	1.8000	1.9000	94.74	
15:47:16	3	58.5	22	2.1000	2.0000	105.00	
15:47:17	3	58.1	22	2.0000	2.0000	100.00	
15:47:18	3	57.8	23	1.8000	1.9000	94.74	
15:47:19	3	57.4	23	2.1000	2.0000	105.00	
15:47:20	3	57.0	24	2.1000	2.0000	105.00	
15:47:21	3	56.5	24	2.1000	2.0000	105.00	
15:47:22	3	56.1	25	1.9000	2.0000	95.00	
15:47:23	3	55.7	25	1.8000	1.9000	94.74	
15:47:24	3	55.3	26	1.8000	1.8000	100.00	
15:47:25	3	54.9	26	1.9000	1.8000	105.56	
15:47:26	3	54.4	27	2.0000	1.8000	111.11	
15:47:27	3	54.0	27	2.0000	1.9000	105.26	
15:47:28	3	53.5	28	1.9000	2.0000	95.00	
15:47:29	3	53.1	28	1.8000	2.0000	90.00	
15:47:30	3	52.8	29	1.7000	1.9000	89.47	
15:47:31	3	52.2	29	1.6000	1.9000	84.21	
15:47:32	3	51.7	29	1.6000	1.9000	84.21	
15:47:33	3	51.2	30	1.6000	1.9000	84.21	
15:47:34	3	50.8	30	1.6000	1.8000	88.89	
15:47:35	3	50.4	31	1.8000	1.8000	100.00	
15:47:36	3	49.8	31	2.0000	1.8000	111.11	
15:47:37	3	49.3	32	1.8000	1.8000	100.00	
15:47:38	4	48.9	0	1.7000	1.9000	89.47	
15:47:39	4	48.5	0	1.6000	1.9000	84.21	
15:47:40	4	48.1	1	1.6000	2.0000	80.00	
15:47:41	4	47.5	1	1.6000	1.9000	84.21	
15:47:42	4	47.0	1	1.5000	1.8000	83.33	
15:47:43	4	46.5	2	1.6000	1.8000	88.89	
15:47:44	4	46.0	2	1.6000	1.8000	88.89	
15:47:45	4	45.6	3	1.8000	1.8000	100.00	
15:47:46	4	45.2	3	1.9000	1.8000	105.56	
15:47:47	4	44.7	4	1.8000	1.8000	100.00	
15:47:48	4	44.1	4	1.9000	2.1000	90.48	
15:47:49	4	43.8	5	1.7000	2.0000	85.00	
15:47:50	4	43.6	5	1.6000	1.7000	94.12	
15:47:51	4	43.0	6	1.8000	1.7000	105.88	
15:47:52	4	42.5	6	2.0000	1.9000	105.26	
15:47:53	4	42.0	6	1.8000	1.9000	94.74	
15:47:54	4	41.6	7	1.6000	1.8000	88.89	
15:47:55	4	41.0	7	1.7000	2.0000	85.00	
15:47:56	4	40.7	8	1.6000	1.9000	84.21	
15:47:57	4	40.1	8	1.6000	1.9000	84.21	
15:47:58	4	39.7	9	1.8000	2.1000	85.71	
15:47:59	4	39.3	9	1.8000	2.0000	90.00	
15:48:00	4	38.7	9	1.7000	2.0000	85.00	
15:48:01	4	38.3	10	1.8000	2.0000	90.00	
15:48:02	4	37.9	10	1.8000	1.9000	94.74	
15:48:03	4	37.4	11	1.8000	1.9000	94.74	
15:48:04	4	36.8	11	2.0000	2.0000	100.00	
15:48:05	4	36.4	12	2.0000	2.0000	100.00	
15:48:06	4	35.9	12	1.9000	2.0000	95.00	
15:48:07	4	35.4	13	1.8000	2.0000	90.00	
15:48:08	4	35.0	13	1.8000	1.8000	100.00	
15:48:09	4	34.5	14	1.8000	2.0000	90.00	
15:48:10	4	33.9	14	1.8000	2.2000	81.82	
15:48:11	4	33.5	15	1.8000	2.1000	85.71	
15:48:12	4	33.1	15	1.8000	1.8000	100.00	
15:48:13	4	32.6	15	1.9000	1.8000	105.56	
15:48:14	4	32.0	16	1.9000	2.0000	95.00	
15:48:15	4	31.4	16	1.8000	2.0000	90.00	
15:48:16	4	30.9	17	1.8000	1.9000	94.74	
15:48:17	4	30.5	17	2.0000	1.9000	105.26	
15:48:18	4	30.1	18	2.0000	1.8000	111.11	
15:48:19	4	29.5	18	1.9000	1.9000	100.00	
15:48:20	4	28.9	19	2.0000	2.1000	95.24	
15:48:21	4	28.4	19	1.9000	2.0000	95.00	
15:48:22	4	28.1	20	1.8000	1.9000	94.74	
15:48:23	4	27.6	20	1.9000	2.0000	95.00	
15:48:24	4	27.0	21	1.8000	2.0000	90.00	
15:48:25	4	26.5	21	1.8000	2.0000	90.00	
15:48:26	4	26.0	22	1.9000	2.0000	95.00	
15:48:27	4	25.5	22	1.9000	1.9000	100.00	
15:48:28	4	25.0	23	2.0000	2.0000	100.00	
15:48:29	4	24.4	23	2.0000	2.1000	95.24	
15:48:30	4	24.0	24	2.0000	2.1000	95.24	
15:48:31	4	23.5	24	1.8000	2.1000	85.71	
15:48:32	4	22.9	25	1.8000	2.0000	90.00	
15:48:33	4	22.4	25	1.8000	1.9000	94.74	
15:48:34	4	21.9	25	1.7000	1.8000	94.44	
15:48:35	4	21.3	26	1.9000	1.9000	100.00	
15:48:36	4	20.6	26	2.0000	2.1000	95.24	
15:48:37	4	20.1	27	1.8000	2.1000	85.71	
15:48:38	4	19.7	27	1.8000	1.9000	94.74	
15:48:39	4	19.2	28	1.8000	1.8000	100.00	
15:48:40	5	18.5	0	1.9000	1.9000	100.00	
15:48:41	5	18.0	0	1.8000	2.0000	90.00	
15:48:42	5	17.6	1	1.6000	1.9000	84.21	
15:48:43	5	17.0	1	1.9000	2.0000	95.00	
15:48:44	5	16.4	2	2.1000	2.1000	100.00	
15:48:45	5	15.8	2	2.0000	2.2000	90.91	
15:48:46	5	15.4	3	1.7000	2.0000	85.00	
15:48:47	5	14.9	3	1.8000	1.8000	100.00	
15:48:48	5	14.3	4	2.1000	2.0000	105.00	
15:48:49	5	13.8	4	2.2000	2.1000	104.76	
15:48:50	5	13.1	5	2.1000	2.1000	100.00	
15:48:51	5	12.6	5	2.1000	2.1000	100.00	
15:48:52	5	12.0	6	2.1000	2.1000	100.00	
15:48:53	5	11.5	6	2.1000	2.1000	100.00	
15:48:54	5	11.0	7	2.0000	2.1000	95.24	
15:48:55	5	10.4	7	2.0000	2.1000	95.24	
15:48:56	5	9.9	8	2.1000	2.1000	100.00	
15:48:57	5	9.3	8	2.1000	2.1000	100.00	
15:48:58	5	8.9	9	1.8000	2.1000	85.71	
15:48:59	5	8.6	9	1.8000	1.9000	94.74	
15:49:00	5	8.2	10	1.9000	1.9000	100.00	
15:49:01	5	7.8	10	1.8000	1.8000	100.00	
15:49:02	5	7.3	11	1.8000	1.8000	100.00	
15:49:03	5	7.0	11	1.8000	1.8000	100.00	
15:49:04	5	6.6	12	1.8000	1.8000	100.00	
15:49:05	5	6.3	12	1.9000	1.9000	100.00	
15:49:06	5	5.9	13	1.8000	1.8000	100.00	
15:49:07	5	5.6	13	1.8000	1.8000	100.00	
15:49:08	5	5.2	13	1.8000	1.8000	100.00	
15:49:09	5	4.8	14	1.8000	1.8000	100.00	
15:49:10	5	4.5	14	1.7000	1.8000	94.44	
15:49:11	5	4.3	15	1.7000	1.7000	100.00	
15:49:12	5	4.0	15	1.8000	1.8000	100.00	
15:49:13	5	3.6	16	2.0000	1.9000	105.26	
15:49:14	5	3.2	16	1.8000	1.9000	94.74	
15:49:15	5	3.0	17	1.7000	1.8000	94.44	
15:49:16	5	2.7	17	1.8000	1.8000	100.00	
15:49:17	5	2.2	18	1.9000	1.8000	105.56	
15:49:18	5	1.8	18	2.2000	2.0000	110.00	
15:49:19	5	1.5	19	2.3000	2.0000	115.00	
15:49:20	5	1.2	19	2.3000	2.1000	109.52	
15:49:21	5	1.0	20	2.0000	1.9000	105.26	
15:49:22	5	0.5	20	1.8000	1.9000	94.74	
15:49:23	5	0.3	21	1.7000	2.0000	85.00	
15:49:24	5	0.1	21	1.8000	1.8000	100.00	
15:49:25	5	0.0	22	2.1000	1.8000	116.67	
15:49:26	5	-0.2	22	2.4000	1.9000	126.32	
15:49:27	5	-0.3	23	2.1000	1.5000	140.00	
15:49:28	5	-0.3	23	1.6000	1.3000	123.08	
15:49:29	5	-0.3	23	1.6000	1.7000	94.12	
15:49:30	5	-0.3	24	1.6000	1.6000	100.00	
15:49:31	5	-0.3	24	1.4000	0.8000	175.00	
15:49:32	5	-0.3	24	0.5000	0.0000	0.00	
15:49:33	5	-0.3	24	0.1000	0.0000	0.00	
15:49:34	5	-0.3	24	0.0000	0.0000	0.00	
15:49:35	5	-0.3	24	0.0000	0.0000	0.00	
15:49:36	5	-0.3	24	0.0000	0.0000	0.00	
15:49:37	5	-0.3	24	0.0000	0.0000	0.00	
15:49:38	5	-0.3	24	0.0000	0.0000	0.00	
15:49:39	5	-0.3	24	0.0000	0.0000	0.00	
15:49:40	5	-0.3	24	0.0000	0.0000	0.00	
15:49:41	5	-0.3	24	0.0000	0.0000	0.00	
15:49:42	5	-0.3	24	0.0000	0.0000	0.00	
15:49:43	5	-0.3	24	0.0000	0.0000	0.00	
15:49:44	5	-0.2	24	0.0000	0.0000	0.00	
15:49:45	5	-0.2	24	0.0000	0.0000	0.00	
15:49:46	5	-0.2	24	0.0000	0.0000	0.00	
15:49:47	5	-0.2	24	0.0000	0.0000	0.00	
15:49:48	5	-0.2	24	0.0000	0.0000	0.00	
15:49:49	5	-0.2	24	0.0000	0.0000	0.00	
15:49:50	5	-0.2	24	0.0000	0.0000	0.00	
15:49:51	5	-0.2	24	0.0000	0.0000	0.00	
15:49:52	5	-0.2	24	0.0000	0.0000	0.00	
15:49:53	5	-0.2	24	0.0000	0.0000	0.00	
15:49:54	5	-0.2	24	0.0000	0.0000	0.00	
15:49:55	5	-0.2	24	0.0000	0.0000	0.00	
15:49:56	5	-0.2	24	0.0000	0.0000	0.00	
15:49:57	5	-0.2	24	0.0000	0.0000	0.00	
15:49:58	5	-0.2	24	0.0000	0.0000	0.00	
15:49:59	5	-0.2	24	0.0000	0.0000	0.00	
15:50:00	5	-0.2	24	0.0000	0.0000	0.00	
15:50:01	5	-0.2	24	0.0000	0.0000	0.00	
15:50:02	5	-0.2	24	0.0000	0.0000	0.00	
15:50:03	5	-0.2	24	0.0000	0.0000	0.00	
15:50:04	5	-0.2	24	0.0000	0.0000	0.00	
15:50:05	5	-0.2	24	0.0000	0.0000	0.00	
15:50:06	5	-0.2	24	0.0000	0.0000	0.00	
15:50:07	5	-0.2	24	0.0000	0.0000	0.00	
15:50:08	5	-0.2	24	0.0000	0.0000	0.00	
15:50:09	5	-0.2	24	0.0000	0.0000	0.00	
15:50:10	5	-0.3	24	0.0000	0.0000	0.00	
15:50:11	5	-0.3	24	0.0000	0.0000	0.00	
15:50:12	5	-0.3	24	0.0000	0.0000	0.00	
15:50:13	5	-0.3	24	0.0000	0.0000	0.00	
15:50:14	5	-0.3	24	0.0000	0.0000	0.00	
15:50:15	5	-0.3	24	0.0000	0.0000	0.00	
15:50:16	5	-0.3	24	0.0000	0.0000	0.00	
15:50:17	5	-0.3	24	0.0000	0.0000	0.00	
15:50:18	5	-0.3	24	0.0000	0.0000	0.00	
15:50:19	5	-0.3	24	0.0000	0.0000	0.00	
15:50:20	5	-0.3	24	0.0000	0.0000	0.00	
15:50:21	5	-0.3	24	0.0000	0.0000	0.00	
15:50:22	5	-0.3	24	0.0000	0.0000	0.00	
15:50:23	5	-0.3	24	0.0000	0.0000	0.00	
15:50:24	5	-0.3	24	0.0000	0.0000	0.00	
15:50:25	5	-0.3	24	0.0000	0.0000	0.00	
15:50:26	5	-0.3	24	0.0000	0.0000	0.00	
15:50:27	5	-0.3	24	0.0000	0.0000	0.00	
15:50:28	5	-0.3	24	0.0000	0.0000	0.00	
15:50:29	5	-0.3	24	0.0000	0.0000	0.00	
15:50:30	5	-0.3	24	0.0000	0.0000	0.00	
15:50:31	5	-0.3	24	0.0000	0.0000	0.00	
15:50:32	5	-0.3	24	0.0000	0.0000	0.00	
15:50:33	5	-0.3	24	0.0000	0.0000	0.00	
15:50:34	5	-0.3	24	0.0000	0.0000	0.00	
15:50:35	5	-0.3	24	0.0000	0.0000	0.00	
15:50:36	5	-0.3	24	0.0000	0.0000	0.00	
15:50:37	5	-0.3	24	0.0000	0.0000	0.00	
15:50:38	5	-0.3	24	0.0000	0.0000	0.00	
15:50:39	5	-0.3	24	0.0000	0.0000	0.00	
15:50:40	5	-0.3	24	0.0000	0.0000	0.00	
15:50:41	5	-0.3	24	0.0000	0.0000	0.00	
15:50:42	5	-0.3	24	0.0000	0.0000	0.00	
15:50:43	5	-0.2	24	0.0000	0.0000	0.00	
15:50:44	5	-0.2	24	0.0000	0.0000	0.00	
15:50:45	5	-0.3	24	0.0000	0.0000	0.00	
15:50:46	5	-0.2	24	0.0000	0.0000	0.00	
15:50:47	5	-0.2	24	0.0000	0.0000	0.00	
15:50:48	5	-0.2	24	0.0000	0.0000	0.00	
15:50:49	5	-0.2	24	0.0000	0.0000	0.00	
15:50:50	5	-0.2	24	0.0000	0.0000	0.00	
15:50:51	5	-0.2	24	0.0000	0.0000	0.00	
15:50:52	5	-0.2	24	0.0000	0.0000	0.00	
15:50:53	5	-0.2	24	0.0000	0.0000	0.00	
15:50:54	5	-0.2	24	0.0000	0.0000	0.00	
15:50:55	5	-0.2	24	0.0000	0.0000	0.00	
15:50:56	5	-0.2	24	0.0000	0.0000	0.00	
15:50:57	5	-0.2	24	0.0000	0.0000	0.00	
15:50:58	5	-0.2	24	0.0000	0.0000	0.00	
15:50:59	5	-0.2	24	0.0000	0.0000	0.00	
15:51:00	5	-0.2	24	0.0000	0.0000	0.00	
15:51:01	5	-0.2	24	0.0000	0.0000	0.00	
15:51:02	5	-0.2	24	0.0000	0.0000	0.00	
15:51:03	5	-0.2	24	0.0000	0.0000	0.00	
15:51:04	5	-0.2	24	0.0000	0.0000	0.00	
15:51:05	5	-0.2	24	0.0000	0.0000	0.00	
15:51:06	5	-0.2	24	0.0000	0.0000	0.00	
15:51:07	5	-0.2	24	0.0000	0.0000	0.00	
15:51:08	5	-0.2	24	0.0000	0.0000	0.00	
15:51:09	5	-0.2	24	0.0000	0.0000	0.00	
15:51:10	5	-0.2	24	0.0000	0.0000	0.00	
15:51:11	5	-0.2	24	0.0000	0.0000	0.00	
15:51:12	5	-0.2	24	0.0000	0.0000	0.00	
15:51:13	5	-0.2	24	0.0000	0.0000	0.00	
15:51:14	5	-0.2	24	0.0000	0.0000	0.00	
15:51:15	5	-0.2	24	0.0000	0.0000	0.00	
15:51:16	5	-0.2	24	0.0000	0.0000	0.00	
15:51:17	5	-0.2	24	0.0000	0.0000	0.00	
15:51:18	5	-0.2	24	0.0000	0.0000	0.00	
15:51:19	5	-0.2	24	0.0000	0.0000	0.00	
15:51:20	5	-0.2	24	0.0000	0.0000	0.00	
15:51:21	5	-0.2	24	0.0000	0.0000	0.00	
15:51:22	5	-0.2	24	0.0000	0.0000	0.00	
15:51:23	5	-0.2	24	0.0000	0.0000	0.00	
15:51:24	5	-0.2	24	0.0000	0.0000	0.00	
15:51:25	5	-0.2	24	0.0000	0.0000	0.00	
15:51:26	5	-0.2	24	0.0000	0.0000	0.00	
15:51:27	5	-0.2	24	0.0000	0.0000	0.00	
15:51:28	5	-0.2	24	0.0000	0.0000	0.00	
15:51:29	5	-0.2	24	0.0000	0.0000	0.00	
15:51:30	5	-0.2	24	0.0000	0.0000	0.00	
15:51:31	5	-0.2	24	0.0000	0.0000	0.00	
15:51:32	5	-0.2	24	0.0000	0.0000	0.00	
15:51:33	5	-0.2	24	0.0000	0.0000	0.00	
15:51:34	5	-0.2	24	0.0000	0.0000	0.00	
15:51:35	5	-0.2	24	0.0000	0.0000	0.00	
15:51:36	5	-0.2	24	0.0000	0.0000	0.00	
15:51:37	5	-0.2	24	0.0000	0.0000	0.00	
15:51:38	5	-0.2	24	0.0000	0.0000	0.00	
15:51:39	5	-0.2	24	0.0000	0.0000	0.00	
15:51:40	5	-0.2	24	0.0000	0.0000	0.00	
15:51:41	5	-0.2	24	0.0000	0.0000	0.00	
15:51:42	5	-0.2	24	0.0000	0.0000	0.00	
15:51:43	5	-0.2	24	0.0000	0.0000	0.00	
15:51:44	5	-0.2	24	0.0000	0.0000	0.00	
15:51:45	5	-0.2	24	0.0000	0.0000	0.00	
15:51:46	5	-0.2	24	0.0000	0.0000	0.00	
15:51:47	5	-0.2	24	0.0000	0.0000	0.00	
15:51:48	5	-0.1	24	0.0000	0.0000	0.00	
15:51:49	5	-0.2	24	0.0000	0.0000	0.00	
15:51:50	5	-0.2	24	0.0000	0.0000	0.00	
15:51:51	5	-0.1	24	0.0000	0.0000	0.00	
15:51:52	5	-0.1	24	0.0000	0.0000	0.00	
15:51:53	5	-0.2	24	0.0000	0.0000	0.00	
15:51:54	5	-0.1	24	0.0000	0.0000	0.00	
15:51:55	5	-0.2	24	0.0000	0.0000	0.00	
15:51:56	5	-0.1	24	0.0000	0.0000	0.00	
15:51:57	5	-0.1	24	0.0000	0.0000	0.00	
15:51:58	5	-0.2	24	0.0000	0.0000	0.00	
15:51:59	5	-0.2	24	0.0000	0.0000	0.00	
15:52:00	5	-0.1	24	0.0000	0.0000	0.00	
15:52:01	5	-0.1	24	0.0000	0.0000	0.00	
15:52:02	5	-0.1	24	0.0000	0.0000	0.00	
15:52:03	5	-0.1	24	0.0000	0.0000	0.00	
15:52:04	5	-0.1	24	0.0000	0.0000	0.00	
15:52:05	5	-0.1	24	0.0000	0.0000	0.00	
15:52:06	5	-0.1	24	0.0000	0.0000	0.00	
15:52:07	5	-0.1	24	0.0000	0.0000	0.00	
15:52:08	5	-0.1	24	0.0000	0.0000	0.00	
15:52:09	5	-0.1	24	0.0000	0.0000	0.00	
15:52:10	5	-0.1	24	0.0000	0.0000	0.00	
15:52:11	5	-0.1	24	0.0000	0.0000	0.00	
15:52:12	5	-0.1	24	0.0000	0.0000	0.00	
15:52:13	5	-0.1	24	0.0000	0.0000	0.00	
15:52:14	5	-0.1	24	0.0000	0.0000	0.00	
15:52:15	5	-0.1	24	0.0000	0.0000	0.00	
15:52:16	5	-0.1	24	0.0000	0.0000	0.00	
15:52:17	5	-0.1	24	0.0000	0.0000	0.00	
15:52:18	5	-0.2	24	0.0000	0.0000	0.00	
15:52:19	5	-0.2	24	0.0000	0.0000	0.00	
15:52:20	5	-0.2	24	0.0000	0.0000	0.00	
15:52:21	5	-0.1	24	0.0000	0.0000	0.00	
15:52:22	5	-0.2	24	0.0000	0.0000	0.00	
15:52:23	5	-0.2	24	0.0000	0.0000	0.00	
15:52:24	5	-0.1	24	0.0000	0.0000	0.00	
15:52:25	5	-0.2	24	0.0000	0.0000	0.00	
15:52:26	5	-0.2	24	0.0000	0.0000	0.00	
15:52:27	5	-0.1	24	0.0000	0.0000	0.00	
15:52:28	5	-0.2	24	0.0000	0.0000	0.00	
15:52:29	5	-0.2	24	0.0000	0.0000	0.00	
15:52:30	5	-0.2	24	0.0000	0.0000	0.00	
15:52:31	5	-0.2	24	0.0000	0.0000	0.00	
15:52:32	5	-0.1	24	0.0000	0.0000	0.00	
15:52:33	5	-0.2	24	0.0000	0.0000	0.00	
15:52:34	5	-0.1	24	0.0000	0.0000	0.00	
15:52:35	5	-0.2	24	0.0000	0.0000	0.00	
15:52:36	5	-0.1	24	0.0000	0.0000	0.00	
15:52:37	5	-0.1	24	0.0000	0.0000	0.00	
15:52:38	5	-0.1	24	0.0000	0.0000	0.00	
15:52:39	5	-0.1	24	0.0000	0.0000	0.00	
15:52:40	5	-0.1	24	0.0000	0.0000	0.00	
15:52:41	5	-0.1	24	0.0000	0.0000	0.00	
15:52:42	5	-0.1	24	0.0000	0.0000	0.00	
15:52:43	5	-0.1	24	0.0000	0.0000	0.00	
15:52:44	5	-0.1	24	0.0000	0.0000	0.00	
15:52:45	5	-0.1	24	0.0000	0.0000	0.00	
15:52:46	5	-0.1	24	0.0000	0.0000	0.00	
15:52:47	5	-0.1	24	0.0000	0.0000	0.00	
15:52:48	5	-0.1	24	0.0000	0.0000	0.00	
15:52:49	5	-0.1	24	0.0000	0.0000	0.00	
15:52:50	5	-0.1	24	0.0000	0.0000	0.00	
15:52:51	5	-0.1	24	0.0000	0.0000	0.00	
15:52:52	5	-0.1	24	0.0000	0.0000	0.00	
15:52:53	5	-0.1	24	0.0000	0.0000	0.00	
15:52:54	5	-0.1	24	0.0000	0.0000	0.00	
15:52:55	5	-0.1	24	0.0000	0.0000	0.00	
15:52:56	5	-0.1	24	0.0000	0.0000	0.00	
15:52:57	5	-0.1	24	0.0000	0.0000	0.00	
15:52:58	5	-0.1	24	0.0000	0.0000	0.00	
15:52:59	5	-0.1	24	0.0000	0.0000	0.00	
15:53:00	5	-0.1	24	0.0000	0.0000	0.00	
15:53:01	5	-0.1	24	0.0000	0.0000	0.00	
15:53:02	5	-0.1	24	0.0000	0.0000	0.00	
15:53:03	5	-0.1	24	0.0000	0.0000	0.00	
15:53:04	5	-0.1	24	0.0000	0.0000	0.00	
15:53:05	5	-0.1	24	0.0000	0.0000	0.00	
15:53:06	5	-0.1	24	0.0000	0.0000	0.00	
15:53:07	5	-0.1	24	0.0000	0.0000	0.00	
15:53:08	5	-0.1	24	0.0000	0.0000	0.00	
15:53:09	5	-0.1	24	0.0000	0.0000	0.00	
15:53:10	5	-0.1	24	0.0000	0.0000	0.00	
15:53:11	5	-0.1	24	0.0000	0.0000	0.00	
15:53:12	5	-0.1	24	0.0000	0.0000	0.00	
15:53:13	5	-0.1	24	0.0000	0.0000	0.00	
15:53:14	5	-0.1	24	0.0000	0.0000	0.00	
15:53:15	5	-0.1	24	0.0000	0.0000	0.00	
15:53:16	5	-0.1	24	0.0000	0.0000	0.00	
15:53:17	5	-0.1	24	0.0000	0.0000	0.00	
15:53:18	5	-0.1	24	0.0000	0.0000	0.00	
15:53:19	5	-0.1	24	0.0000	0.0000	0.00	
15:53:20	5	-0.1	24	0.0000	0.0000	0.00	
15:53:21	5	-0.1	24	0.0000	0.0000	0.00	
15:53:22	5	-0.1	24	0.0000	0.0000	0.00	
15:53:23	5	-0.1	24	0.0000	0.0000	0.00	
15:53:24	5	-0.1	24	0.0000	0.0000	0.00	
15:53:25	5	-0.1	24	0.0000	0.0000	0.00	
15:53:26	5	-0.1	24	0.0000	0.0000	0.00	
15:53:27	5	-0.1	24	0.0000	0.0000	0.00	
15:53:28	5	-0.1	24	0.0000	0.0000	0.00	
15:53:29	5	-0.1	24	0.0000	0.0000	0.00	
15:53:30	5	-0.1	24	0.0000	0.0000	0.00	
15:53:31	5	-0.1	24	0.0000	0.0000	0.00	
15:53:32	5	-0.1	24	0.0000	0.0000	0.00	
15:53:33	5	-0.1	24	0.0000	0.0000	0.00	
15:53:34	5	-0.1	24	0.0000	0.0000	0.00	
15:53:35	5	-0.1	24	0.0000	0.0000	0.00	
15:53:36	5	-0.1	24	0.0000	0.0000	0.00	
15:53:37	5	-0.1	24	0.0000	0.0000	0.00	
15:53:38	5	-0.1	24	0.0000	0.0000	0.00	
15:53:39	5	-0.1	24	0.0000	0.0000	0.00	
15:53:40	5	-0.1	24	0.0000	0.0000	0.00	
15:53:41	5	-0.1	24	0.0000	0.0000	0.00	
15:53:42	5	-0.1	24	0.0000	0.0000	0.00	
15:53:43	5	-0.1	24	0.0000	0.0000	0.00	
15:53:44	5	-0.1	24	0.0000	0.0000	0.00	
15:53:45	5	-0.1	24	0.0000	0.0000	0.00	
15:53:46	5	-0.1	24	0.0000	0.0000	0.00	
15:53:47	5	-0.1	24	0.0000	0.0000	0.00	
15:53:48	5	-0.1	24	0.0000	0.0000	0.00	
15:53:49	5	-0.1	24	0.0000	0.0000	0.00	
15:53:50	5	-0.1	24	0.0000	0.0000	0.00	
15:53:51	5	-0.1	24	0.0000	0.0000	0.00	
15:53:52	5	-0.1	24	0.0000	0.0000	0.00	
15:53:53	5	-0.1	24	0.0000	0.0000	0.00	
15:53:54	5	-0.1	24	0.0000	0.0000	0.00	
15:53:55	5	-0.1	24	0.0000	0.0000	0.00	
15:53:56	5	-0.1	24	0.0000	0.0000	0.00	
15:53:57	5	-0.1	24	0.0000	0.0000	0.00	
