Data Start: 2020-09-20 14:06:43
Data End: 2020-09-20 14:25:42
Devicename: Multi Plankton Sampler MPS
IdentNo.: 1020

Net []
Range1: 0 to 5

Pressure [dbar]
Range1: 0.0 to 3000.0  Cal0: -8.585877E+2  Cal1: 1.175972E-1  Cal2: -1.044298E-6  Cal3: -1.441992E+0  Cal4: 9.253807E-5  Cal5: -8.766143E-10  Cal6: 7.97392E-2  Cal7: 7.856609E-2  Cal8: -1.359118E-8

Volume [m³]
Range1: 0 to 65000  Cal0: 2.5E-1

Flow in [m/s]
Range1: 0.0000 to 9.9000

Flow out [m/s]
Range1: 0.0000 to 9.9000

Flow ratio [%]
Range1: 0.00 to 200.00

Header Comment

Ship:		
Cruise:		
Station:		
Cast:		
Position:		
Operator:		


Time [hh:mm:ss]	Net []	Pressure [dbar]	Volume [m³]	Flow in [m/s]	Flow out [m/s]	Flow ratio [%]	Comments  [Index]
14:06:43	0	0.2	0	0.0000	0.0000	0.00	
14:06:44	0	0.2	0	0.0000	0.0000	0.00	
14:06:45	0	0.2	0	0.0000	0.0000	0.00	
14:06:46	0	0.2	0	0.0000	0.0000	0.00	
14:06:47	0	0.2	0	0.0000	0.0000	0.00	
14:06:48	0	0.2	0	0.0000	0.0000	0.00	
14:06:49	0	0.2	0	0.0000	0.0000	0.00	
14:06:50	0	0.2	0	0.0000	0.0000	0.00	
14:06:51	0	0.2	0	0.0000	0.0000	0.00	
14:06:52	0	0.2	0	0.0000	0.0000	0.00	
14:06:53	0	0.2	0	0.0000	0.0000	0.00	
14:06:54	0	0.2	0	0.0000	0.0000	0.00	
14:06:55	0	0.2	0	0.0000	0.0000	0.00	
14:06:56	0	0.2	0	0.0000	0.0000	0.00	
14:06:57	0	0.2	0	0.0000	0.0000	0.00	
14:06:58	0	0.2	0	0.0000	0.0000	0.00	
14:06:59	0	0.2	0	0.0000	0.0000	0.00	
14:07:00	0	0.2	0	0.0000	0.0000	0.00	
14:07:01	0	0.2	0	0.0000	0.0000	0.00	
14:07:02	0	0.2	0	0.0000	0.0000	0.00	
14:07:03	0	0.2	0	0.0000	0.0000	0.00	
14:07:04	0	0.2	0	0.0000	0.0000	0.00	
14:07:05	0	0.2	0	0.0000	0.0000	0.00	
14:07:06	0	0.2	0	0.0000	0.1000	0.00	
14:07:07	0	0.2	0	0.0000	0.5000	0.00	
14:07:08	0	0.2	0	0.0000	0.4000	0.00	
14:07:09	0	0.2	0	0.0000	0.1000	0.00	
14:07:10	0	0.2	0	0.0000	0.3000	0.00	
14:07:11	0	0.2	0	0.0000	0.3000	0.00	
14:07:12	0	0.2	0	0.0000	0.2000	0.00	
14:07:13	0	0.2	0	0.3000	0.1000	300.00	
14:07:14	0	0.2	0	0.3000	0.0000	0.00	
14:07:15	0	0.2	0	0.5000	0.0000	0.00	
14:07:16	0	0.2	0	0.6000	0.0000	0.00	
14:07:17	0	0.2	0	0.1000	0.0000	0.00	
14:07:18	0	0.2	0	0.0000	0.0000	0.00	
14:07:19	0	0.2	0	0.0000	0.0000	0.00	
14:07:20	0	0.2	0	0.0000	0.0000	0.00	
14:07:21	0	0.2	0	0.0000	0.0000	0.00	
14:07:22	0	0.2	0	0.0000	0.0000	0.00	
14:07:23	0	0.2	0	0.0000	0.0000	0.00	
14:07:24	0	0.2	0	0.0000	0.0000	0.00	
14:07:25	0	0.2	0	0.0000	0.0000	0.00	
14:07:26	0	0.2	0	0.0000	0.0000	0.00	
14:07:27	0	0.2	0	0.0000	0.0000	0.00	
14:07:28	0	0.2	0	0.0000	0.0000	0.00	
14:07:29	0	0.2	0	0.0000	0.0000	0.00	
14:07:30	0	0.2	0	0.0000	0.0000	0.00	
14:07:31	0	0.2	0	0.0000	0.0000	0.00	
14:07:32	0	0.2	0	0.0000	0.0000	0.00	
14:07:33	0	0.2	0	0.0000	0.0000	0.00	
14:07:34	0	0.2	0	0.0000	0.0000	0.00	
14:07:35	0	0.2	0	0.0000	0.0000	0.00	
14:07:36	0	0.2	0	0.0000	0.0000	0.00	
14:07:37	0	0.2	0	0.0000	0.1000	0.00	
14:07:38	0	0.2	0	0.0000	0.1000	0.00	
14:07:39	0	0.2	0	0.0000	0.0000	0.00	
14:07:40	0	0.2	0	0.0000	0.1000	0.00	
14:07:41	0	0.2	0	0.0000	0.7000	0.00	
14:07:42	0	0.2	0	0.0000	1.2000	0.00	
14:07:43	0	0.2	0	0.0000	1.4000	0.00	
14:07:44	0	0.2	0	0.0000	1.2000	0.00	
14:07:45	0	0.2	0	0.0000	0.5000	0.00	
14:07:46	0	0.2	0	0.0000	0.4000	0.00	
14:07:47	0	0.2	0	0.0000	0.8000	0.00	
14:07:48	0	0.2	0	0.0000	0.5000	0.00	
14:07:49	0	0.2	0	0.0000	0.1000	0.00	
14:07:50	0	0.2	0	0.0000	0.0000	0.00	
14:07:51	0	0.2	0	0.0000	0.0000	0.00	
14:07:52	0	0.2	0	0.1000	0.1000	100.00	
14:07:53	0	0.2	0	0.1000	0.1000	100.00	
14:07:54	0	0.2	0	0.2000	0.0000	0.00	
14:07:55	0	0.1	0	0.6000	0.3000	200.00	
14:07:56	0	0.2	1	1.3000	0.8000	162.50	
14:07:57	0	0.2	1	1.5000	0.8000	187.50	
14:07:58	0	0.2	2	2.1000	1.8000	116.67	
14:07:59	0	0.2	2	2.9000	2.9000	100.00	
14:08:00	0	0.2	4	3.8000	3.0000	126.67	
14:08:01	0	0.2	5	4.1000	3.3000	124.24	
14:08:02	0	0.2	5	3.7000	3.6000	102.78	
14:08:03	0	0.2	6	3.1000	3.6000	86.11	
14:08:04	0	0.2	7	2.4000	3.0000	80.00	
14:08:05	0	0.2	7	2.7000	3.8000	71.05	
14:08:06	0	0.2	8	3.1000	3.8000	81.58	
14:08:07	0	0.2	9	2.7000	2.7000	100.00	
14:08:08	0	0.2	10	3.0000	3.2000	93.75	
14:08:09	0	0.2	11	3.8000	4.0000	95.00	
14:08:10	0	0.2	12	3.9000	3.7000	105.41	
14:08:11	0	0.2	13	4.0000	3.4000	117.65	
14:08:12	0	0.2	14	4.1000	3.6000	113.89	
14:08:13	0	0.2	15	4.0000	4.2000	95.24	
14:08:14	0	0.2	15	3.5000	4.3000	81.40	
14:08:15	0	0.2	16	2.5000	4.1000	60.98	
14:08:16	0	0.2	17	2.6000	4.3000	60.47	
14:08:17	0	0.2	17	2.8000	4.2000	66.67	
14:08:18	0	0.2	18	2.5000	3.7000	67.57	
14:08:19	0	0.2	19	2.4000	3.1000	77.42	
14:08:20	0	0.2	19	1.2000	1.6000	75.00	
14:08:21	0	0.2	19	0.2000	0.3000	66.67	
14:08:22	0	0.2	19	0.1000	0.0000	0.00	
14:08:23	0	0.2	19	0.0000	0.0000	0.00	
14:08:24	0	0.2	19	0.0000	0.0000	0.00	
14:08:25	0	0.2	19	0.1000	0.3000	33.33	
14:08:26	0	0.2	19	1.1000	1.8000	61.11	
14:08:27	0	0.2	19	1.2000	2.0000	60.00	
14:08:28	0	0.3	19	0.3000	0.8000	37.50	
14:08:29	0	0.2	19	0.3000	1.0000	30.00	
14:08:30	0	0.2	20	1.2000	1.7000	70.59	
14:08:31	0	0.2	21	3.0000	2.0000	150.00	
14:08:32	0	0.2	22	3.3000	1.6000	206.25	
14:08:33	0	0.2	22	1.6000	0.7000	228.57	
14:08:34	0	0.2	22	0.3000	0.1000	300.00	
14:08:35	0	0.3	22	0.1000	0.0000	0.00	
14:08:36	0	0.2	22	0.1000	0.0000	0.00	
14:08:37	0	0.2	22	0.1000	0.0000	0.00	
14:08:38	0	0.2	22	0.0000	0.0000	0.00	
14:08:39	0	0.2	22	0.0000	0.0000	0.00	
14:08:40	0	0.2	22	0.0000	0.0000	0.00	
14:08:41	0	0.2	22	0.0000	0.0000	0.00	
14:08:42	0	0.2	22	0.0000	0.0000	0.00	
14:08:43	0	0.3	22	0.5000	0.4000	125.00	
14:08:44	0	0.2	23	1.5000	1.0000	150.00	
14:08:45	0	0.5	23	1.4000	1.2000	116.67	
14:08:46	0	1.1	23	0.8000	1.2000	66.67	
14:08:47	0	0.9	23	1.4000	1.4000	100.00	
14:08:48	0	1.3	24	1.4000	1.2000	116.67	
14:08:49	0	2.0	24	1.0000	1.1000	90.91	
14:08:50	0	2.0	24	1.4000	1.4000	100.00	
14:08:51	0	2.4	25	1.2000	1.4000	85.71	
14:08:52	0	2.9	25	1.0000	1.4000	71.43	
14:08:53	0	3.2	25	1.5000	1.4000	107.14	
14:08:54	0	3.5	26	1.4000	1.3000	107.69	
14:08:55	0	3.9	26	1.6000	1.2000	133.33	
14:08:56	0	4.4	26	1.6000	1.2000	133.33	
14:08:57	0	4.8	27	1.2000	1.1000	109.09	
14:08:58	0	5.3	27	1.2000	1.1000	109.09	
14:08:59	0	5.5	27	1.3000	1.1000	118.18	
14:09:00	0	5.8	28	1.2000	1.1000	109.09	
14:09:01	0	6.3	28	1.2000	1.1000	109.09	
14:09:02	0	6.7	28	1.2000	1.1000	109.09	
14:09:03	0	7.1	29	1.3000	1.1000	118.18	
14:09:04	0	7.6	29	1.0000	1.0000	100.00	
14:09:05	0	7.9	29	1.1000	1.0000	110.00	
14:09:06	0	8.5	29	1.2000	1.1000	109.09	
14:09:07	0	8.9	30	1.1000	1.1000	100.00	
14:09:08	0	9.2	30	1.2000	1.0000	120.00	
14:09:09	0	9.7	30	1.1000	1.0000	110.00	
14:09:10	0	10.2	30	1.1000	1.1000	100.00	
14:09:11	0	10.4	31	1.2000	1.0000	120.00	
14:09:12	0	11.0	31	1.0000	0.9000	111.11	
14:09:13	0	11.4	31	1.0000	1.0000	100.00	
14:09:14	0	11.5	32	1.2000	1.1000	109.09	
14:09:15	0	12.4	32	0.8000	0.9000	88.89	
14:09:16	0	12.6	32	0.9000	0.8000	112.50	
14:09:17	0	12.9	32	1.2000	0.9000	133.33	
14:09:18	0	13.6	32	0.9000	1.0000	90.00	
14:09:19	0	13.9	33	1.0000	1.0000	100.00	
14:09:20	0	14.3	33	1.0000	1.0000	100.00	
14:09:21	0	14.7	33	1.0000	1.0000	100.00	
14:09:22	0	15.2	34	1.1000	1.0000	110.00	
14:09:23	0	15.5	34	1.2000	1.0000	120.00	
14:09:24	0	15.9	34	1.2000	1.0000	120.00	
14:09:25	0	16.5	34	1.1000	1.0000	110.00	
14:09:26	0	16.7	35	1.1000	1.0000	110.00	
14:09:27	0	17.1	35	1.1000	1.0000	110.00	
14:09:28	0	17.6	35	1.1000	1.0000	110.00	
14:09:29	0	18.0	36	1.2000	1.0000	120.00	
14:09:30	0	18.3	36	1.2000	1.0000	120.00	
14:09:31	0	18.8	36	1.2000	1.0000	120.00	
14:09:32	0	19.0	36	1.2000	1.0000	120.00	
14:09:33	0	19.5	37	1.0000	1.0000	100.00	
14:09:34	0	20.0	37	1.0000	0.8000	125.00	
14:09:35	0	19.9	37	1.3000	1.0000	130.00	
14:09:36	0	20.8	37	0.8000	0.8000	100.00	
14:09:37	0	21.1	38	1.0000	0.8000	125.00	
14:09:38	0	21.3	38	1.2000	1.0000	120.00	
14:09:39	0	22.4	38	0.4000	0.8000	50.00	
14:09:40	0	22.6	38	1.0000	0.7000	142.86	
14:09:41	0	22.8	39	1.2000	0.9000	133.33	
14:09:42	0	24.0	39	0.4000	0.7000	57.14	
14:09:43	0	24.1	39	1.0000	0.7000	142.86	
14:09:44	0	24.6	39	1.0000	0.9000	111.11	
14:09:45	0	25.5	39	0.7000	0.6000	116.67	
14:09:46	0	25.7	40	1.1000	0.7000	157.14	
14:09:47	0	26.1	40	0.8000	0.9000	88.89	
14:09:48	0	26.8	40	0.7000	0.6000	116.67	
14:09:49	0	27.1	40	1.0000	0.7000	142.86	
14:09:50	0	27.7	40	0.6000	0.8000	75.00	
14:09:51	0	28.2	41	0.7000	0.8000	87.50	
14:09:52	0	28.6	41	1.0000	0.8000	125.00	
14:09:53	0	29.0	41	1.0000	0.9000	111.11	
14:09:54	0	29.5	41	1.0000	1.0000	100.00	
14:09:55	0	30.1	42	1.1000	0.9000	122.22	
14:09:56	0	30.2	42	1.2000	0.9000	133.33	
14:09:57	0	30.8	42	0.8000	0.9000	88.89	
14:09:58	0	31.6	42	0.8000	0.5000	160.00	
14:09:59	0	31.4	43	1.3000	0.8000	162.50	
14:10:00	0	32.0	43	1.0000	1.0000	100.00	
14:10:01	0	32.8	43	0.7000	0.5000	140.00	
14:10:02	0	32.8	43	1.2000	0.7000	171.43	
14:10:03	0	33.5	43	0.8000	1.0000	80.00	
14:10:04	0	34.1	44	0.7000	0.7000	100.00	
14:10:05	0	34.2	44	1.1000	0.8000	137.50	
14:10:06	0	34.6	44	0.8000	0.9000	88.89	
14:10:07	0	35.5	44	0.6000	0.6000	100.00	
14:10:08	0	35.7	45	1.0000	0.6000	166.67	
14:10:09	0	36.1	45	0.8000	0.9000	88.89	
14:10:10	0	36.6	45	0.8000	0.9000	88.89	
14:10:11	0	37.2	45	1.0000	0.8000	125.00	
14:10:12	0	37.4	45	1.1000	0.8000	137.50	
14:10:13	0	37.7	46	1.0000	0.9000	111.11	
14:10:14	0	38.5	46	0.6000	0.6000	100.00	
14:10:15	0	38.6	46	1.0000	0.8000	125.00	
14:10:16	0	38.8	46	1.1000	1.0000	110.00	
14:10:17	0	39.8	46	0.6000	0.6000	100.00	
14:10:18	0	39.9	47	1.0000	0.6000	166.67	
14:10:19	0	40.0	47	1.1000	0.9000	122.22	
14:10:20	0	41.0	47	0.6000	0.7000	85.71	
14:10:21	0	41.0	47	1.0000	0.8000	125.00	
14:10:22	0	41.5	48	0.9000	0.9000	100.00	
14:10:23	0	42.2	48	0.7000	0.7000	100.00	
14:10:24	0	42.1	48	1.1000	0.9000	122.22	
14:10:25	0	43.0	48	0.7000	0.8000	87.50	
14:10:26	0	43.4	48	0.8000	0.5000	160.00	
14:10:27	0	43.7	49	1.0000	0.7000	142.86	
14:10:28	0	44.2	49	0.6000	0.8000	75.00	
14:10:29	0	44.4	49	0.8000	0.8000	100.00	
14:10:30	0	45.2	49	0.6000	0.7000	85.71	
14:10:31	0	45.5	49	0.8000	0.7000	114.29	
14:10:32	0	45.8	50	1.0000	0.8000	125.00	
14:10:33	0	46.6	50	0.5000	0.6000	83.33	
14:10:34	0	46.8	50	0.8000	0.6000	133.33	
14:10:35	0	47.2	50	0.9000	0.8000	112.50	
14:10:36	0	48.0	50	0.6000	0.6000	100.00	
14:10:37	0	48.1	51	0.9000	0.7000	128.57	
14:10:38	0	48.6	51	0.9000	0.8000	112.50	
14:10:39	0	49.2	51	0.7000	0.7000	100.00	
14:10:40	0	49.4	51	0.9000	0.8000	112.50	
14:10:41	0	50.1	51	0.8000	0.8000	100.00	
14:10:42	0	50.3	52	0.8000	0.8000	100.00	
14:10:43	0	50.6	52	1.0000	0.8000	125.00	
14:10:44	0	51.3	52	0.7000	0.6000	116.67	
14:10:45	0	51.6	52	0.8000	0.7000	114.29	
14:10:46	0	52.0	52	0.9000	0.9000	100.00	
14:10:47	0	52.7	53	0.7000	0.8000	87.50	
14:10:48	0	53.0	53	1.0000	0.8000	125.00	
14:10:49	0	53.2	53	1.0000	0.9000	111.11	
14:10:50	0	53.9	53	0.7000	0.8000	87.50	
14:10:51	0	54.2	53	0.9000	0.9000	100.00	
14:10:52	0	54.4	54	1.0000	0.9000	111.11	
14:10:53	0	55.2	54	0.7000	0.8000	87.50	
14:10:54	0	55.3	54	1.0000	0.8000	125.00	
14:10:55	0	55.5	54	1.2000	0.9000	133.33	
14:10:56	0	56.2	55	0.8000	0.8000	100.00	
14:10:57	0	56.5	55	0.8000	0.9000	88.89	
14:10:58	0	57.0	55	1.0000	1.0000	100.00	
14:10:59	0	57.1	55	1.0000	1.0000	100.00	
14:11:00	0	57.7	55	0.9000	0.9000	100.00	
14:11:01	0	58.0	56	0.9000	0.8000	112.50	
14:11:02	0	58.3	56	1.0000	0.8000	125.00	
14:11:03	0	58.9	56	0.8000	0.9000	88.89	
14:11:04	0	59.1	56	0.9000	1.0000	90.00	
14:11:05	0	59.7	57	0.9000	0.9000	100.00	
14:11:06	0	60.0	57	0.9000	0.8000	112.50	
14:11:07	0	60.2	57	1.0000	0.8000	125.00	
14:11:08	0	60.8	57	0.9000	0.9000	100.00	
14:11:09	0	60.8	58	1.0000	1.0000	100.00	
14:11:10	0	61.2	58	1.0000	0.9000	111.11	
14:11:11	0	61.8	58	0.9000	0.9000	100.00	
14:11:12	0	61.9	58	1.1000	1.0000	110.00	
14:11:13	0	62.0	59	1.2000	0.9000	133.33	
14:11:14	0	62.6	59	0.9000	0.9000	100.00	
14:11:15	0	62.7	59	1.0000	1.0000	100.00	
14:11:16	0	63.0	59	1.0000	0.9000	111.11	
14:11:17	0	63.3	60	1.0000	0.9000	111.11	
14:11:18	0	63.5	60	1.0000	1.0000	100.00	
14:11:19	0	63.8	60	1.1000	1.0000	110.00	
14:11:20	0	64.0	60	1.2000	0.9000	133.33	
14:11:21	0	64.3	61	1.0000	0.9000	111.11	
14:11:22	0	64.7	61	1.0000	1.0000	100.00	
14:11:23	0	64.7	61	1.2000	1.0000	120.00	
14:11:24	0	65.2	61	1.0000	0.8000	125.00	
14:11:25	0	65.7	62	0.8000	0.7000	114.29	
14:11:26	0	65.6	62	1.2000	0.8000	150.00	
14:11:27	0	66.1	62	1.0000	0.9000	111.11	
14:11:28	0	66.6	62	0.8000	0.8000	100.00	
14:11:29	0	66.6	63	1.0000	0.9000	111.11	
14:11:30	0	67.0	63	0.9000	0.9000	100.00	
14:11:31	0	67.2	63	0.9000	0.8000	112.50	
14:11:32	0	67.7	63	0.9000	0.8000	112.50	
14:11:33	0	68.0	64	0.9000	0.8000	112.50	
14:11:34	0	68.0	64	1.1000	0.9000	122.22	
14:11:35	0	68.8	64	0.7000	0.8000	87.50	
14:11:36	0	68.9	64	0.9000	0.8000	112.50	
14:11:37	0	69.1	64	1.1000	0.8000	137.50	
14:11:38	0	69.7	65	0.6000	0.8000	75.00	
14:11:39	0	70.0	65	0.8000	0.9000	88.89	
14:11:40	0	70.3	65	1.0000	0.8000	125.00	
14:11:41	0	70.7	65	0.8000	0.8000	100.00	
14:11:42	0	71.1	65	0.9000	0.9000	100.00	
14:11:43	0	71.5	66	1.0000	0.9000	111.11	
14:11:44	0	71.5	66	1.1000	0.9000	122.22	
14:11:45	0	72.2	66	0.7000	0.7000	100.00	
14:11:46	0	72.6	66	0.8000	0.5000	160.00	
14:11:47	0	72.6	67	1.1000	0.8000	137.50	
14:11:48	0	73.3	67	0.6000	0.8000	75.00	
14:11:49	0	73.4	67	0.7000	0.6000	116.67	
14:11:50	0	73.7	67	0.9000	0.7000	128.57	
14:11:51	0	74.3	67	0.6000	0.5000	120.00	
14:11:52	0	74.4	68	0.8000	0.6000	133.33	
14:11:53	0	74.8	68	0.9000	0.8000	112.50	
14:11:54	0	75.2	68	0.8000	0.8000	100.00	
14:11:55	0	75.6	68	0.9000	0.8000	112.50	
14:11:56	0	75.9	68	1.1000	0.8000	137.50	
14:11:57	0	76.2	69	1.0000	0.8000	125.00	
14:11:58	0	76.7	69	0.8000	0.7000	114.29	
14:11:59	0	76.9	69	1.0000	0.8000	125.00	
14:12:00	0	77.1	69	1.0000	0.8000	125.00	
14:12:01	0	77.8	70	0.8000	0.7000	114.29	
14:12:02	0	77.8	70	0.9000	0.8000	112.50	
14:12:03	0	78.3	70	0.8000	0.8000	100.00	
14:12:04	0	78.5	70	0.8000	0.8000	100.00	
14:12:05	0	78.8	70	0.9000	0.8000	112.50	
14:12:06	0	79.2	71	0.9000	0.8000	112.50	
14:12:07	0	79.5	71	0.9000	0.8000	112.50	
14:12:08	0	79.9	71	0.8000	0.8000	100.00	
14:12:09	0	80.1	71	1.0000	0.8000	125.00	
14:12:10	0	80.5	72	1.0000	0.8000	125.00	
14:12:11	0	81.0	72	0.9000	0.8000	112.50	
14:12:12	0	81.1	72	1.0000	0.9000	111.11	
14:12:13	0	81.4	72	1.0000	0.9000	111.11	
14:12:14	0	81.8	73	0.9000	0.8000	112.50	
14:12:15	0	82.1	73	1.0000	0.8000	125.00	
14:12:16	0	82.4	73	1.0000	0.8000	125.00	
14:12:17	0	82.7	73	0.9000	0.9000	100.00	
14:12:18	0	82.9	73	1.0000	0.9000	111.11	
14:12:19	0	83.3	74	1.0000	0.8000	125.00	
14:12:20	0	83.6	74	1.0000	0.8000	125.00	
14:12:21	0	83.7	74	1.1000	0.9000	122.22	
14:12:22	0	84.3	74	0.9000	0.9000	100.00	
14:12:23	0	84.3	75	0.9000	0.9000	100.00	
14:12:24	0	84.8	75	0.8000	0.9000	88.89	
14:12:25	0	85.0	75	0.8000	0.8000	100.00	
14:12:26	0	85.4	75	0.9000	0.8000	112.50	
14:12:27	0	85.9	75	0.8000	0.8000	100.00	
14:12:28	0	86.0	76	1.0000	0.8000	125.00	
14:12:29	0	86.7	76	0.7000	0.7000	100.00	
14:12:30	0	86.8	76	0.9000	0.6000	150.00	
14:12:31	0	87.1	76	1.0000	0.8000	125.00	
14:12:32	0	87.9	76	0.5000	0.6000	83.33	
14:12:33	0	87.9	77	0.9000	0.7000	128.57	
14:12:34	0	88.7	77	0.7000	0.7000	100.00	
14:12:35	0	88.8	77	0.7000	0.6000	116.67	
14:12:36	0	89.1	77	1.0000	0.8000	125.00	
14:12:37	0	89.9	77	0.4000	0.5000	80.00	
14:12:38	0	90.2	78	0.8000	0.5000	160.00	
14:12:39	0	90.4	78	1.0000	0.8000	125.00	
14:12:40	0	91.3	78	0.5000	0.5000	100.00	
14:12:41	0	91.3	78	1.0000	0.7000	142.86	
14:12:42	0	91.8	78	1.0000	0.9000	111.11	
14:12:43	0	92.6	79	0.7000	0.5000	140.00	
14:12:44	0	92.7	79	1.1000	0.6000	183.33	
14:12:45	0	93.4	79	0.8000	0.8000	100.00	
14:12:46	0	93.7	79	0.7000	0.6000	116.67	
14:12:47	0	94.2	79	0.8000	0.7000	114.29	
14:12:48	0	94.8	80	0.5000	0.5000	100.00	
14:12:49	0	95.0	80	0.8000	0.7000	114.29	
14:12:50	0	95.7	80	0.6000	0.7000	85.71	
14:12:51	0	96.1	80	0.6000	0.5000	120.00	
14:12:52	0	96.2	80	1.0000	0.7000	142.86	
14:12:53	0	97.1	80	0.5000	0.6000	83.33	
14:12:54	0	97.4	81	0.8000	0.5000	160.00	
14:12:55	0	97.5	81	1.1000	0.8000	137.50	
14:12:56	0	98.5	81	0.5000	0.6000	83.33	
14:12:57	0	98.7	81	0.8000	0.5000	160.00	
14:12:58	0	99.0	82	1.1000	0.8000	137.50	
14:12:59	0	100.1	82	0.5000	0.6000	83.33	
14:13:00	0	100.1	82	0.9000	0.6000	150.00	
14:13:01	0	100.7	82	0.9000	0.8000	112.50	
14:13:02	0	101.3	82	0.4000	0.5000	80.00	
14:13:03	0	101.5	83	0.8000	0.5000	160.00	
14:13:04	0	101.9	83	0.8000	0.8000	100.00	
14:13:05	0	102.6	83	0.6000	0.7000	85.71	
14:13:06	0	102.7	83	0.8000	0.7000	114.29	
14:13:07	0	103.3	83	0.8000	0.7000	114.29	
14:13:08	0	103.7	83	0.6000	0.5000	120.00	
14:13:09	0	103.7	84	1.0000	0.7000	142.86	
14:13:10	0	104.5	84	0.6000	0.6000	100.00	
14:13:11	0	104.9	84	0.7000	0.4000	175.00	
14:13:12	0	105.0	84	1.0000	0.8000	125.00	
14:13:13	0	105.9	84	0.6000	0.7000	85.71	
14:13:14	0	106.2	85	0.9000	0.6000	150.00	
14:13:15	0	106.7	85	0.9000	0.8000	112.50	
14:13:16	0	107.1	85	0.5000	0.5000	100.00	
14:13:17	0	107.5	85	0.8000	0.6000	133.33	
14:13:18	0	108.1	85	0.7000	0.8000	87.50	
14:13:19	0	108.3	86	0.8000	0.8000	100.00	
14:13:20	0	108.7	86	0.8000	0.7000	114.29	
14:13:21	0	109.4	86	0.6000	0.3000	200.00	
14:13:22	0	109.5	86	0.9000	0.5000	180.00	
14:13:23	0	110.0	86	0.7000	0.8000	87.50	
14:13:24	0	110.7	86	0.4000	0.3000	133.33	
14:13:25	0	110.7	87	0.8000	0.4000	200.00	
14:13:26	0	111.3	87	0.8000	0.7000	114.29	
14:13:27	0	111.8	87	0.4000	0.5000	80.00	
14:13:28	0	112.1	87	0.7000	0.5000	140.00	
14:13:29	0	112.5	87	0.8000	0.7000	114.29	
14:13:30	0	113.0	87	0.6000	0.5000	120.00	
14:13:31	0	113.3	88	0.8000	0.5000	160.00	
14:13:32	0	113.5	88	0.9000	0.7000	128.57	
14:13:33	0	114.2	88	0.5000	0.4000	125.00	
14:13:34	0	114.2	88	0.7000	0.5000	140.00	
14:13:35	0	114.6	88	0.8000	0.8000	100.00	
14:13:36	0	115.1	88	0.5000	0.4000	125.00	
14:13:37	0	115.1	89	0.8000	0.5000	160.00	
14:13:38	0	115.7	89	0.6000	0.6000	100.00	
14:13:39	0	116.2	89	0.5000	0.5000	100.00	
14:13:40	0	116.2	89	0.8000	0.6000	133.33	
14:13:41	0	116.9	89	0.5000	0.5000	100.00	
14:13:42	0	117.1	89	0.7000	0.6000	116.67	
14:13:43	0	117.3	90	0.9000	0.8000	112.50	
14:13:44	0	118.2	90	0.5000	0.5000	100.00	
14:13:45	0	118.0	90	0.8000	0.6000	133.33	
14:13:46	0	118.6	90	0.8000	0.8000	100.00	
14:13:47	0	119.1	90	0.5000	0.5000	100.00	
14:13:48	0	119.2	90	0.8000	0.5000	160.00	
14:13:49	0	119.8	91	0.5000	0.8000	62.50	
14:13:50	0	120.1	91	0.6000	0.8000	75.00	
14:13:51	0	120.5	91	0.8000	0.8000	100.00	
14:13:52	0	121.0	91	0.8000	0.8000	100.00	
14:13:53	0	121.3	91	0.9000	0.8000	112.50	
14:13:54	0	121.7	92	1.0000	0.8000	125.00	
14:13:55	0	122.0	92	1.0000	0.8000	125.00	
14:13:56	0	122.4	92	0.9000	0.9000	100.00	
14:13:57	0	122.6	92	0.9000	0.9000	100.00	
14:13:58	0	123.1	93	0.9000	0.8000	112.50	
14:13:59	0	123.5	93	0.9000	0.8000	112.50	
14:14:00	0	123.5	93	1.1000	0.9000	122.22	
14:14:01	0	124.2	93	0.8000	0.8000	100.00	
14:14:02	0	124.2	93	0.8000	0.8000	100.00	
14:14:03	0	124.6	94	1.0000	0.9000	111.11	
14:14:04	0	125.2	94	0.6000	0.6000	100.00	
14:14:05	0	125.2	94	0.9000	0.7000	128.57	
14:14:06	0	125.9	94	0.8000	0.8000	100.00	
14:14:07	0	126.2	94	0.6000	0.7000	85.71	
14:14:08	0	126.4	95	1.0000	0.8000	125.00	
14:14:09	0	126.9	95	0.7000	0.9000	77.78	
14:14:10	0	127.0	95	0.8000	0.9000	88.89	
14:14:11	0	127.4	95	0.9000	0.9000	100.00	
14:14:12	0	127.9	95	0.7000	0.8000	87.50	
14:14:13	0	127.9	96	0.9000	0.9000	100.00	
14:14:14	0	128.4	96	0.8000	0.8000	100.00	
14:14:15	0	128.7	96	0.7000	0.6000	116.67	
14:14:16	0	128.9	96	0.9000	0.7000	128.57	
14:14:17	0	129.4	96	0.7000	0.8000	87.50	
14:14:18	0	129.6	97	0.8000	0.8000	100.00	
14:14:19	0	130.0	97	1.0000	0.8000	125.00	
14:14:20	0	130.1	97	1.0000	0.9000	111.11	
14:14:21	0	130.5	97	0.9000	0.9000	100.00	
14:14:22	0	130.8	97	0.8000	0.8000	100.00	
14:14:23	0	131.0	98	0.9000	0.8000	112.50	
14:14:24	0	131.4	98	0.9000	0.8000	112.50	
14:14:25	0	131.4	98	1.0000	0.9000	111.11	
14:14:26	0	131.6	98	1.0000	0.9000	111.11	
14:14:27	0	132.2	98	0.6000	0.7000	85.71	
14:14:28	0	132.3	99	0.9000	0.7000	128.57	
14:14:29	0	132.3	99	1.2000	0.9000	133.33	
14:14:30	0	133.2	99	0.7000	0.7000	100.00	
14:14:31	0	133.1	99	0.9000	0.7000	128.57	
14:14:32	0	133.1	100	1.2000	0.9000	133.33	
14:14:33	0	134.1	100	0.6000	0.5000	120.00	
14:14:34	0	133.8	100	1.0000	0.7000	142.86	
14:14:35	0	134.1	100	1.2000	1.0000	120.00	
14:14:36	0	134.9	101	0.6000	0.7000	85.71	
14:14:37	0	134.8	101	1.0000	0.8000	125.00	
14:14:38	0	134.7	101	1.1000	1.0000	110.00	
14:14:39	0	135.7	101	0.7000	0.7000	100.00	
14:14:40	0	135.7	102	1.1000	0.8000	137.50	
14:14:41	0	136.0	102	1.2000	1.0000	120.00	
14:14:42	0	136.7	102	0.6000	0.7000	85.71	
14:14:43	0	136.5	102	0.9000	0.8000	112.50	
14:14:44	0	136.5	102	1.1000	1.0000	110.00	
14:14:45	0	136.6	103	1.0000	1.0000	100.00	
14:14:46	0	136.4	103	1.1000	1.0000	110.00	
14:14:47	0	135.9	103	1.5000	1.2000	125.00	
14:14:48	0	135.6	104	1.6000	1.2000	133.33	
14:14:49	0	135.9	104	1.0000	1.0000	100.00	
14:14:50	0	135.2	104	1.2000	1.0000	120.00	
14:14:51	0	134.9	105	1.1000	0.8000	137.50	
14:14:52	0	135.2	105	0.8000	0.6000	133.33	
14:14:53	0	134.6	105	1.2000	1.1000	109.09	
14:14:54	0	134.3	105	1.4000	1.1000	127.27	
14:14:55	0	134.5	106	1.0000	0.9000	111.11	
14:14:56	0	134.0	106	1.2000	1.1000	109.09	
14:14:57	0	133.5	106	1.3000	0.8000	162.50	
14:14:58	0	133.8	106	0.9000	0.6000	150.00	
14:14:59	0	133.4	107	1.1000	1.0000	110.00	
14:15:00	0	132.7	107	1.1000	0.7000	157.14	
14:15:01	0	132.8	107	0.7000	0.5000	140.00	
14:15:02	0	132.6	107	1.0000	1.0000	100.00	
14:15:03	0	132.0	108	1.4000	1.2000	116.67	
14:15:04	0	131.9	108	1.4000	1.2000	116.67	
14:15:05	0	131.6	109	1.2000	1.2000	100.00	
14:15:06	0	131.1	109	1.5000	1.3000	115.38	
14:15:07	0	131.3	109	1.2000	1.2000	100.00	
14:15:08	0	130.8	110	1.2000	1.2000	100.00	
14:15:09	0	130.3	110	1.4000	1.2000	116.67	
14:15:10	0	130.7	110	1.0000	1.0000	100.00	
14:15:11	0	130.1	110	1.2000	1.2000	100.00	
14:15:12	0	129.8	111	1.4000	1.2000	116.67	
14:15:13	0	129.6	111	1.1000	1.1000	100.00	
14:15:14	0	129.3	111	1.2000	1.2000	100.00	
14:15:15	0	128.8	112	1.5000	1.3000	115.38	
14:15:16	0	128.8	112	1.4000	1.3000	107.69	
14:15:17	0	128.7	112	1.4000	1.2000	116.67	
14:15:18	0	128.1	113	1.6000	1.4000	114.29	
14:15:19	0	128.0	113	1.6000	1.4000	114.29	
14:15:20	0	128.3	113	1.2000	1.2000	100.00	
14:15:21	0	127.5	114	1.4000	1.3000	107.69	
14:15:22	0	127.6	114	1.2000	1.2000	100.00	
14:15:23	0	127.5	114	1.1000	1.1000	100.00	
14:15:24	0	126.9	115	1.2000	1.1000	109.09	
14:15:25	0	127.1	115	0.8000	0.9000	88.89	
14:15:26	0	126.7	115	1.0000	1.0000	100.00	
14:15:27	0	126.3	116	1.4000	1.2000	116.67	
14:15:28	0	126.4	116	1.2000	1.2000	100.00	
14:15:29	0	126.1	116	1.3000	1.2000	108.33	
14:15:30	0	125.7	117	1.5000	1.2000	125.00	
14:15:31	0	125.8	117	1.2000	1.1000	109.09	
14:15:32	0	125.4	117	1.3000	1.1000	118.18	
14:15:33	0	125.1	118	1.5000	1.2000	125.00	
14:15:34	0	125.4	118	1.2000	1.1000	109.09	
14:15:35	0	124.7	118	1.4000	1.2000	116.67	
14:15:36	0	124.5	118	1.4000	1.2000	116.67	
14:15:37	0	124.5	119	1.2000	1.0000	120.00	
14:15:38	0	124.2	119	1.4000	1.1000	127.27	
14:15:39	0	123.9	120	1.5000	1.2000	125.00	
14:15:40	0	123.7	120	1.4000	1.2000	116.67	
14:15:41	1	123.3	0	1.5000	1.2000	125.00	
14:15:42	1	123.3	0	1.5000	1.2000	125.00	
14:15:43	1	123.0	1	1.3000	1.1000	118.18	
14:15:44	1	122.4	1	1.5000	1.1000	136.36	
14:15:45	1	122.3	1	1.3000	1.0000	130.00	
14:15:46	1	122.2	2	1.0000	1.0000	100.00	
14:15:47	1	121.4	2	1.2000	1.0000	120.00	
14:15:48	1	121.4	2	0.9000	1.0000	90.00	
14:15:49	1	121.2	2	0.8000	0.9000	88.89	
14:15:50	1	120.5	3	1.3000	1.1000	118.18	
14:15:51	1	120.3	3	1.3000	1.1000	118.18	
14:15:52	1	120.4	3	0.9000	0.9000	100.00	
14:15:53	1	119.8	3	1.1000	1.0000	110.00	
14:15:54	1	119.5	4	1.2000	1.1000	109.09	
14:15:55	1	119.2	4	0.9000	1.0000	90.00	
14:15:56	1	118.8	4	1.1000	1.1000	100.00	
14:15:57	1	118.5	4	1.2000	1.1000	109.09	
14:15:58	1	118.1	5	1.2000	1.1000	109.09	
14:15:59	1	117.7	5	1.2000	1.2000	100.00	
14:16:00	1	117.5	5	1.1000	1.0000	110.00	
14:16:01	1	116.9	6	1.2000	1.2000	100.00	
14:16:02	1	116.6	6	1.2000	1.2000	100.00	
14:16:03	1	116.4	6	0.9000	1.0000	90.00	
14:16:04	1	115.6	7	1.1000	1.1000	100.00	
14:16:05	1	115.6	7	0.9000	1.0000	90.00	
14:16:06	1	115.5	7	0.7000	0.9000	77.78	
14:16:07	1	114.7	7	0.8000	0.9000	88.89	
14:16:08	1	115.1	7	0.6000	0.7000	85.71	
14:16:09	1	114.3	7	0.9000	1.0000	90.00	
14:16:10	1	114.1	8	0.8000	1.0000	80.00	
14:16:11	1	114.0	8	0.5000	0.8000	62.50	
14:16:12	1	113.4	8	1.0000	1.0000	100.00	
14:16:13	1	113.4	8	1.0000	1.0000	100.00	
14:16:14	1	113.0	9	1.0000	1.0000	100.00	
14:16:15	1	112.3	9	1.1000	1.0000	110.00	
14:16:16	1	112.3	9	0.8000	0.8000	100.00	
14:16:17	1	111.8	9	0.9000	1.0000	90.00	
14:16:18	1	111.6	9	1.0000	1.1000	90.91	
14:16:19	1	111.2	10	1.0000	1.0000	100.00	
14:16:20	1	111.0	10	1.2000	1.0000	120.00	
14:16:21	1	110.8	10	1.1000	1.0000	110.00	
14:16:22	1	110.4	11	1.2000	1.1000	109.09	
14:16:23	1	109.9	11	1.3000	1.1000	118.18	
14:16:24	1	109.8	11	1.0000	0.9000	111.11	
14:16:25	1	109.0	11	1.0000	1.0000	100.00	
14:16:26	1	108.8	12	1.1000	1.1000	100.00	
14:16:27	1	108.6	12	1.0000	1.0000	100.00	
14:16:28	1	108.0	12	1.2000	1.2000	100.00	
14:16:29	1	107.5	13	1.3000	1.2000	108.33	
14:16:30	1	107.5	13	0.9000	1.1000	81.82	
14:16:31	1	107.0	13	1.0000	1.2000	83.33	
14:16:32	1	106.4	13	1.3000	1.2000	108.33	
14:16:33	1	106.3	14	1.1000	1.1000	100.00	
14:16:34	1	106.0	14	1.2000	1.1000	109.09	
14:16:35	1	105.7	14	1.4000	1.2000	116.67	
14:16:36	1	105.2	15	1.4000	1.2000	116.67	
14:16:37	1	104.9	15	1.2000	1.2000	100.00	
14:16:38	1	104.3	15	1.3000	1.3000	100.00	
14:16:39	1	104.0	16	1.4000	1.3000	107.69	
14:16:40	1	103.4	16	1.4000	1.2000	116.67	
14:16:41	1	103.1	16	1.3000	1.2000	108.33	
14:16:42	1	102.4	17	1.4000	1.3000	107.69	
14:16:43	1	102.0	17	1.4000	1.3000	107.69	
14:16:44	1	101.7	17	1.1000	1.2000	91.67	
14:16:45	1	101.2	18	1.3000	1.2000	108.33	
14:16:46	1	100.3	18	1.1000	0.8000	137.50	
14:16:47	1	100.9	18	0.6000	0.5000	120.00	
14:16:48	1	100.2	18	0.9000	1.0000	90.00	
14:16:49	1	99.4	18	0.9000	0.8000	112.50	
14:16:50	1	99.9	18	0.5000	0.5000	100.00	
14:16:51	1	99.4	19	0.8000	1.0000	80.00	
14:16:52	1	98.7	19	1.1000	1.0000	110.00	
14:16:53	1	98.6	19	0.7000	1.0000	70.00	
14:16:54	2	98.4	0	0.7000	1.0000	70.00	
14:16:55	2	97.7	0	1.3000	1.2000	108.33	
14:16:56	2	97.5	0	1.3000	1.1000	118.18	
14:16:57	2	97.3	1	0.9000	1.0000	90.00	
14:16:58	2	96.8	1	1.0000	1.1000	90.91	
14:16:59	2	96.6	1	1.1000	1.1000	100.00	
14:17:00	2	96.2	1	1.2000	1.2000	100.00	
14:17:01	2	96.0	2	1.2000	1.2000	100.00	
14:17:02	2	95.5	2	1.2000	1.2000	100.00	
14:17:03	2	95.3	2	1.2000	1.2000	100.00	
14:17:04	2	94.7	3	1.1000	1.1000	100.00	
14:17:05	2	94.2	3	1.2000	1.1000	109.09	
14:17:06	2	93.9	3	1.1000	1.1000	100.00	
14:17:07	2	93.3	3	1.2000	1.2000	100.00	
14:17:08	2	92.9	4	1.2000	1.2000	100.00	
14:17:09	2	92.4	4	1.1000	1.2000	91.67	
14:17:10	2	92.0	4	1.0000	1.2000	83.33	
14:17:11	2	91.4	5	1.1000	1.2000	91.67	
14:17:12	2	90.8	5	1.1000	0.8000	137.50	
14:17:13	2	90.6	5	0.8000	0.8000	100.00	
14:17:14	2	90.0	5	1.0000	1.1000	90.91	
14:17:15	2	89.0	6	1.2000	0.8000	150.00	
14:17:16	2	89.0	6	0.6000	0.5000	120.00	
14:17:17	2	88.1	6	0.8000	0.9000	88.89	
14:17:18	2	87.5	6	0.8000	0.7000	114.29	
14:17:19	2	87.4	6	0.5000	0.7000	71.43	
14:17:20	2	86.5	7	1.0000	1.2000	83.33	
14:17:21	2	86.1	7	1.0000	1.2000	83.33	
14:17:22	2	85.8	7	0.9000	1.2000	75.00	
14:17:23	2	85.1	7	1.4000	1.4000	100.00	
14:17:24	2	84.7	8	1.4000	1.4000	100.00	
14:17:25	2	84.1	8	1.2000	1.4000	85.71	
14:17:26	2	83.7	8	1.3000	1.4000	92.86	
14:17:27	2	83.0	9	1.4000	1.4000	100.00	
14:17:28	2	82.5	9	1.3000	1.4000	92.86	
14:17:29	2	82.0	9	1.2000	1.4000	85.71	
14:17:30	2	81.5	10	1.4000	1.5000	93.33	
14:17:31	2	80.9	10	1.4000	1.6000	87.50	
14:17:32	2	80.8	10	1.0000	1.4000	71.43	
14:17:33	2	79.8	11	1.3000	1.2000	108.33	
14:17:34	2	79.7	11	1.2000	1.2000	100.00	
14:17:35	2	79.2	11	1.0000	1.2000	83.33	
14:17:36	2	78.6	12	1.4000	1.4000	100.00	
14:17:37	2	78.2	12	1.3000	1.4000	92.86	
14:17:38	2	77.8	12	1.4000	1.4000	100.00	
14:17:39	2	77.3	13	1.5000	1.4000	107.14	
14:17:40	2	76.8	13	1.6000	1.5000	106.67	
14:17:41	2	76.4	13	1.5000	1.6000	93.75	
14:17:42	2	76.2	14	1.2000	1.4000	85.71	
14:17:43	2	75.5	14	1.4000	1.3000	107.69	
14:17:44	2	75.2	14	1.5000	1.2000	125.00	
14:17:45	2	74.6	15	1.2000	1.3000	92.31	
14:17:46	2	74.1	15	1.4000	1.4000	100.00	
14:17:47	2	73.8	15	1.4000	1.4000	100.00	
14:17:48	2	73.1	16	1.4000	1.4000	100.00	
14:17:49	3	72.8	0	1.2000	1.4000	85.71	
14:17:50	3	72.0	0	1.4000	1.5000	93.33	
14:17:51	3	71.8	0	1.5000	1.5000	100.00	
14:17:52	3	71.3	1	1.4000	1.4000	100.00	
14:17:53	3	70.9	1	1.5000	1.6000	93.75	
14:17:54	3	70.3	2	1.4000	1.6000	87.50	
14:17:55	3	70.2	2	1.2000	1.5000	80.00	
14:17:56	3	69.4	2	1.4000	1.5000	93.33	
14:17:57	3	68.9	3	1.6000	1.6000	100.00	
14:17:58	3	68.8	3	1.1000	1.4000	78.57	
14:17:59	3	68.1	3	1.4000	1.4000	100.00	
14:18:00	3	67.5	4	1.6000	1.3000	123.08	
14:18:01	3	67.3	4	1.2000	1.2000	100.00	
14:18:02	3	66.7	4	1.3000	1.4000	92.86	
14:18:03	3	66.2	5	1.5000	1.2000	125.00	
14:18:04	3	65.8	5	1.3000	1.2000	108.33	
14:18:05	3	65.4	5	1.4000	1.5000	93.33	
14:18:06	3	64.7	6	1.4000	1.4000	100.00	
14:18:07	3	64.3	6	1.2000	1.3000	92.31	
14:18:08	3	64.0	6	1.3000	1.5000	86.67	
14:18:09	3	63.3	7	1.4000	1.4000	100.00	
14:18:10	3	63.1	7	1.2000	1.4000	85.71	
14:18:11	3	62.6	7	1.3000	1.5000	86.67	
14:18:12	3	62.1	8	1.6000	1.6000	100.00	
14:18:13	3	61.8	8	1.4000	1.5000	93.33	
14:18:14	3	61.1	9	1.6000	1.5000	106.67	
14:18:15	3	61.1	9	1.6000	1.5000	106.67	
14:18:16	3	60.6	9	1.4000	1.5000	93.33	
14:18:17	3	59.9	10	1.7000	1.6000	106.25	
14:18:18	3	59.7	10	1.4000	1.6000	87.50	
14:18:19	3	59.4	10	1.3000	1.5000	86.67	
14:18:20	3	58.8	11	1.7000	1.6000	106.25	
14:18:21	3	58.4	11	1.6000	1.7000	94.12	
14:18:22	3	58.1	11	1.3000	1.5000	86.67	
14:18:23	3	57.6	12	1.6000	1.5000	106.67	
14:18:24	3	57.1	12	1.8000	1.6000	112.50	
14:18:25	3	56.7	13	1.5000	1.6000	93.75	
14:18:26	3	56.3	13	1.4000	1.6000	87.50	
14:18:27	3	55.7	13	1.6000	1.6000	100.00	
14:18:28	3	55.5	14	1.4000	1.6000	87.50	
14:18:29	3	54.9	14	1.4000	1.5000	93.33	
14:18:30	3	54.4	15	1.7000	1.6000	106.25	
14:18:31	3	54.0	15	1.4000	1.6000	87.50	
14:18:32	3	53.6	15	1.4000	1.5000	93.33	
14:18:33	3	52.9	16	1.7000	1.6000	106.25	
14:18:34	3	52.3	16	1.5000	1.7000	88.24	
14:18:35	3	52.1	16	1.1000	1.5000	73.33	
14:18:36	3	51.5	17	1.4000	1.6000	87.50	
14:18:37	3	50.9	17	1.6000	1.7000	94.12	
14:18:38	3	50.7	17	1.4000	1.5000	93.33	
14:18:39	3	50.1	18	1.6000	1.6000	100.00	
14:18:40	3	49.7	18	1.3000	1.6000	81.25	
14:18:41	3	49.4	18	1.1000	1.5000	73.33	
14:18:42	3	48.7	19	1.6000	1.6000	100.00	
14:18:43	3	48.7	19	1.2000	1.5000	80.00	
14:18:44	4	48.1	0	1.2000	1.4000	85.71	
14:18:45	4	47.6	0	1.6000	1.6000	100.00	
14:18:46	4	47.4	1	1.2000	1.4000	85.71	
14:18:47	4	47.0	1	1.4000	1.4000	100.00	
14:18:48	4	46.4	1	1.6000	1.6000	100.00	
14:18:49	4	46.3	2	1.1000	1.4000	78.57	
14:18:50	4	45.9	2	1.1000	1.3000	84.62	
14:18:51	4	45.2	2	1.4000	1.6000	87.50	
14:18:52	4	45.5	2	1.0000	1.2000	83.33	
14:18:53	4	44.9	3	1.1000	1.2000	91.67	
14:18:54	4	44.5	3	1.5000	1.6000	93.75	
14:18:55	4	44.5	3	1.0000	1.2000	83.33	
14:18:56	4	43.9	4	1.3000	1.4000	92.86	
14:18:57	4	43.9	4	1.4000	1.4000	100.00	
14:18:58	4	43.4	4	1.3000	1.3000	100.00	
14:18:59	4	43.3	5	1.4000	1.4000	100.00	
14:19:00	4	43.0	5	1.4000	1.3000	107.69	
14:19:01	4	42.3	5	1.5000	1.4000	107.14	
14:19:02	4	42.6	6	1.2000	1.3000	92.31	
14:19:03	4	42.0	6	1.2000	1.2000	100.00	
14:19:04	4	41.4	6	1.4000	1.6000	87.50	
14:19:05	4	41.5	7	0.9000	1.3000	69.23	
14:19:06	4	41.2	7	0.8000	1.1000	72.73	
14:19:07	4	40.3	7	1.4000	1.4000	100.00	
14:19:08	4	40.1	7	1.2000	1.4000	85.71	
14:19:09	4	40.3	8	0.6000	1.1000	54.55	
14:19:10	4	39.4	8	1.1000	1.2000	91.67	
14:19:11	4	38.6	8	1.3000	1.4000	92.86	
14:19:12	4	39.2	8	0.8000	1.0000	80.00	
14:19:13	4	38.4	9	0.8000	0.7000	114.29	
14:19:14	4	37.6	9	0.6000	0.5000	120.00	
14:19:15	4	38.2	9	0.3000	0.3000	100.00	
14:19:16	4	37.4	9	0.8000	0.3000	266.67	
14:19:17	4	36.8	9	0.9000	0.6000	150.00	
14:19:18	4	36.8	9	0.5000	0.9000	55.56	
14:19:19	4	36.4	10	1.0000	1.2000	83.33	
14:19:20	4	35.9	10	1.4000	1.3000	107.69	
14:19:21	4	35.3	10	1.3000	1.4000	92.86	
14:19:22	4	35.1	11	1.1000	1.4000	78.57	
14:19:23	4	35.1	11	0.9000	1.2000	75.00	
14:19:24	4	34.0	11	1.0000	1.1000	90.91	
14:19:25	4	33.8	11	0.8000	0.8000	100.00	
14:19:26	4	33.8	11	0.4000	0.9000	44.44	
14:19:27	4	32.8	12	0.8000	1.0000	80.00	
14:19:28	4	32.4	12	0.6000	0.6000	100.00	
14:19:29	4	32.5	12	0.3000	0.6000	50.00	
14:19:30	4	31.6	12	0.9000	1.1000	81.82	
14:19:31	4	31.2	12	0.8000	1.1000	72.73	
14:19:32	4	30.9	12	0.5000	1.0000	50.00	
14:19:33	4	30.2	13	1.1000	1.2000	91.67	
14:19:34	4	29.9	13	1.2000	1.2000	100.00	
14:19:35	4	29.4	13	1.2000	1.2000	100.00	
14:19:36	4	28.7	14	1.2000	1.4000	85.71	
14:19:37	4	28.3	14	1.0000	1.2000	83.33	
14:19:38	4	27.8	14	1.2000	1.2000	100.00	
14:19:39	4	27.2	14	1.4000	1.3000	107.69	
14:19:40	4	26.8	15	1.2000	1.2000	100.00	
14:19:41	4	26.3	15	1.2000	1.3000	92.31	
14:19:42	4	25.7	15	1.4000	1.4000	100.00	
14:19:43	4	25.1	16	1.2000	1.3000	92.31	
14:19:44	4	24.8	16	1.2000	1.2000	100.00	
14:19:45	4	24.1	16	1.6000	1.4000	114.29	
14:19:46	4	23.6	17	1.5000	1.4000	107.14	
14:19:47	4	23.2	17	1.2000	1.2000	100.00	
14:19:48	5	22.5	0	1.4000	1.4000	100.00	
14:19:49	5	21.9	0	1.4000	1.4000	100.00	
14:19:50	5	21.7	0	1.0000	1.2000	83.33	
14:19:51	5	20.8	1	1.2000	1.2000	100.00	
14:19:52	5	20.5	1	1.2000	1.2000	100.00	
14:19:53	5	20.2	1	1.0000	1.0000	100.00	
14:19:54	5	19.1	2	1.2000	1.2000	100.00	
14:19:55	5	19.2	2	1.0000	1.1000	90.91	
14:19:56	5	18.9	2	0.8000	1.1000	72.73	
14:19:57	5	17.9	2	0.9000	1.0000	90.00	
14:19:58	5	17.9	2	0.5000	0.7000	71.43	
14:19:59	5	17.4	3	0.8000	1.0000	80.00	
14:20:00	5	16.8	3	1.3000	1.3000	100.00	
14:20:01	5	16.5	3	1.3000	1.4000	92.86	
14:20:02	5	16.2	3	1.2000	1.3000	92.31	
14:20:03	5	15.4	4	1.5000	1.4000	107.14	
14:20:04	5	15.1	4	1.4000	1.3000	107.69	
14:20:05	5	14.7	4	1.1000	1.2000	91.67	
14:20:06	5	14.0	5	1.5000	1.4000	107.14	
14:20:07	5	13.7	5	1.3000	1.3000	100.00	
14:20:08	5	13.3	5	1.1000	1.3000	84.62	
14:20:09	5	12.6	6	1.5000	1.4000	107.14	
14:20:10	5	12.0	6	1.4000	1.5000	93.33	
14:20:11	5	11.8	6	1.2000	1.4000	85.71	
14:20:12	5	11.0	7	1.4000	1.4000	100.00	
14:20:13	5	10.5	7	1.5000	1.4000	107.14	
14:20:14	5	10.0	8	1.3000	1.4000	92.86	
14:20:15	5	9.5	8	1.4000	1.4000	100.00	
14:20:16	5	8.7	8	1.4000	1.4000	100.00	
14:20:17	5	8.5	8	1.2000	1.4000	85.71	
14:20:18	5	7.9	9	1.2000	1.3000	92.31	
14:20:19	5	7.0	9	1.4000	0.8000	175.00	
14:20:20	5	6.6	9	1.0000	0.5000	200.00	
14:20:21	5	6.2	10	1.0000	0.8000	125.00	
14:20:22	5	5.2	10	1.3000	0.7000	185.71	
14:20:23	5	5.0	10	0.9000	0.3000	300.00	
14:20:24	5	4.4	10	0.9000	0.4000	225.00	
14:20:25	5	3.7	11	1.0000	0.4000	250.00	
14:20:26	5	3.5	11	0.8000	0.1000	800.00	
14:20:27	5	3.1	11	1.0000	0.5000	200.00	
14:20:28	5	2.6	11	1.2000	1.1000	109.09	
14:20:29	5	2.3	12	1.0000	1.0000	100.00	
14:20:30	5	1.9	12	1.0000	1.1000	90.91	
14:20:31	5	1.5	12	1.4000	1.0000	140.00	
14:20:32	5	1.4	13	1.4000	1.0000	140.00	
14:20:33	5	1.2	13	1.3000	1.4000	92.86	
14:20:34	5	0.8	13	1.6000	1.1000	145.45	
14:20:35	5	0.6	14	1.5000	0.8000	187.50	
14:20:36	5	0.5	14	1.3000	1.1000	118.18	
14:20:37	5	0.3	15	1.6000	0.9000	177.78	
14:20:38	5	0.3	15	1.2000	0.3000	400.00	
14:20:39	5	0.3	15	1.1000	0.5000	220.00	
14:20:40	5	0.3	15	1.0000	0.5000	200.00	
14:20:41	5	0.3	15	0.6000	0.1000	600.00	
14:20:42	5	0.3	16	0.9000	0.2000	450.00	
14:20:43	5	0.3	16	0.9000	0.1000	900.00	
14:20:44	5	0.3	16	0.3000	0.0000	0.00	
14:20:45	5	0.3	16	0.3000	0.0000	0.00	
14:20:46	5	0.3	16	0.4000	0.0000	0.00	
14:20:47	5	0.3	16	0.1000	0.0000	0.00	
14:20:48	5	0.3	16	0.1000	0.0000	0.00	
14:20:49	5	0.3	16	0.1000	0.0000	0.00	
14:20:50	5	0.3	16	0.0000	0.0000	0.00	
14:20:51	5	0.3	16	0.0000	0.0000	0.00	
14:20:52	5	0.3	16	0.0000	0.0000	0.00	
14:20:53	5	0.4	16	0.0000	0.1000	0.00	
14:20:54	5	0.3	16	0.0000	0.1000	0.00	
14:20:55	5	0.4	16	0.0000	0.0000	0.00	
14:20:56	5	0.3	16	0.0000	0.0000	0.00	
14:20:57	5	0.4	16	0.0000	0.3000	0.00	
14:20:58	5	0.3	16	0.0000	1.1000	0.00	
14:20:59	5	0.3	16	0.0000	1.0000	0.00	
14:21:00	5	0.3	16	0.0000	0.2000	0.00	
14:21:01	5	0.3	16	0.0000	0.0000	0.00	
14:21:02	5	0.3	16	0.0000	0.2000	0.00	
14:21:03	5	0.3	16	0.0000	0.3000	0.00	
14:21:04	5	0.3	16	0.0000	0.1000	0.00	
14:21:05	5	0.3	16	0.0000	0.3000	0.00	
14:21:06	5	0.3	16	0.0000	1.4000	0.00	
14:21:07	5	0.3	16	0.0000	1.5000	0.00	
14:21:08	5	0.3	16	0.0000	0.5000	0.00	
14:21:09	5	0.3	16	0.0000	0.1000	0.00	
14:21:10	5	0.3	16	0.0000	0.3000	0.00	
14:21:11	5	0.3	16	0.0000	0.5000	0.00	
14:21:12	5	0.3	16	0.0000	0.3000	0.00	
14:21:13	5	0.3	16	0.0000	0.8000	0.00	
14:21:14	5	0.3	16	0.0000	1.6000	0.00	
14:21:15	5	0.3	16	0.0000	1.2000	0.00	
14:21:16	5	0.3	16	0.0000	0.8000	0.00	
14:21:17	5	0.3	16	0.0000	1.4000	0.00	
14:21:18	5	0.3	16	0.0000	1.2000	0.00	
14:21:19	5	0.3	16	0.0000	0.8000	0.00	
14:21:20	5	0.3	16	0.0000	1.0000	0.00	
14:21:21	5	0.3	16	0.0000	0.5000	0.00	
14:21:22	5	0.3	16	0.0000	0.0000	0.00	
14:21:23	5	0.3	16	0.0000	0.1000	0.00	
14:21:24	5	0.3	16	0.0000	0.1000	0.00	
14:21:25	5	0.3	16	0.0000	0.0000	0.00	
14:21:26	5	0.3	16	0.0000	0.0000	0.00	
14:21:27	5	0.3	16	0.0000	0.0000	0.00	
14:21:28	5	0.3	16	0.0000	0.0000	0.00	
14:21:29	5	0.3	16	0.0000	0.0000	0.00	
14:21:30	5	0.3	16	0.0000	0.0000	0.00	
14:21:31	5	0.3	16	0.0000	0.0000	0.00	
14:21:32	5	0.3	16	0.0000	0.0000	0.00	
14:21:33	5	0.3	16	0.0000	0.0000	0.00	
14:21:34	5	0.3	16	0.0000	0.0000	0.00	
14:21:35	5	0.3	16	0.0000	0.0000	0.00	
14:21:36	5	0.3	16	0.0000	0.0000	0.00	
14:21:37	5	0.3	16	0.0000	0.0000	0.00	
14:21:38	5	0.3	16	0.0000	0.0000	0.00	
14:21:39	5	0.3	16	0.0000	0.0000	0.00	
14:21:40	5	0.4	16	0.0000	0.0000	0.00	
14:21:41	5	0.3	16	0.0000	0.0000	0.00	
14:21:42	5	0.3	16	0.0000	0.0000	0.00	
14:21:43	5	0.3	16	0.0000	0.0000	0.00	
14:21:44	5	0.3	16	0.0000	0.0000	0.00	
14:21:45	5	0.3	16	0.0000	0.0000	0.00	
14:21:46	5	0.3	16	0.0000	0.0000	0.00	
14:21:47	5	0.3	16	0.0000	0.0000	0.00	
14:21:48	5	0.3	16	0.0000	0.0000	0.00	
14:21:49	5	0.3	16	0.0000	0.0000	0.00	
14:21:50	5	0.3	16	0.0000	0.0000	0.00	
14:21:51	5	0.3	16	0.0000	0.0000	0.00	
14:21:52	5	0.3	16	0.0000	0.0000	0.00	
14:21:53	5	0.3	16	0.0000	0.0000	0.00	
14:21:54	5	0.3	16	0.0000	0.0000	0.00	
14:21:55	5	0.3	16	0.0000	0.0000	0.00	
14:21:56	5	0.3	16	0.0000	0.0000	0.00	
14:21:57	5	0.3	16	0.0000	0.0000	0.00	
14:21:58	5	0.3	16	0.0000	0.0000	0.00	
14:21:59	5	0.3	16	0.0000	0.0000	0.00	
14:22:00	5	0.3	16	0.0000	0.0000	0.00	
14:22:01	5	0.3	16	0.0000	0.0000	0.00	
14:22:02	5	0.3	16	0.0000	0.0000	0.00	
14:22:03	5	0.3	16	0.0000	0.0000	0.00	
14:22:04	5	0.3	16	0.0000	0.0000	0.00	
14:22:05	5	0.3	16	0.0000	0.0000	0.00	
14:22:06	5	0.3	16	0.0000	0.0000	0.00	
14:22:07	5	0.3	16	0.0000	0.0000	0.00	
14:22:08	5	0.3	16	0.0000	0.0000	0.00	
14:22:09	5	0.3	16	0.0000	0.0000	0.00	
14:22:10	5	0.3	16	0.0000	0.0000	0.00	
14:22:11	5	0.3	16	0.0000	0.0000	0.00	
14:22:12	5	0.3	16	0.0000	0.0000	0.00	
14:22:13	5	0.3	16	0.0000	0.0000	0.00	
14:22:14	5	0.3	16	0.0000	0.0000	0.00	
14:22:15	5	0.3	16	0.0000	0.0000	0.00	
14:22:16	5	0.3	16	0.0000	0.0000	0.00	
14:22:17	5	0.3	16	0.0000	0.0000	0.00	
14:22:18	5	0.3	16	0.0000	0.0000	0.00	
14:22:19	5	0.3	16	0.0000	0.0000	0.00	
14:22:20	5	0.3	16	0.0000	0.0000	0.00	
14:22:21	5	0.3	16	0.0000	0.0000	0.00	
14:22:22	5	0.3	16	0.0000	0.0000	0.00	
14:22:23	5	0.3	16	0.0000	0.0000	0.00	
14:22:24	5	0.3	16	0.0000	0.0000	0.00	
14:22:25	5	0.3	16	0.0000	0.0000	0.00	
14:22:26	5	0.3	16	0.0000	0.0000	0.00	
14:22:27	5	0.3	16	0.0000	0.0000	0.00	
14:22:28	5	0.3	16	0.0000	0.0000	0.00	
14:22:29	5	0.3	16	0.0000	0.0000	0.00	
14:22:30	5	0.3	16	0.0000	0.0000	0.00	
14:22:31	5	0.3	16	0.0000	0.0000	0.00	
14:22:32	5	0.3	16	0.0000	0.0000	0.00	
14:22:33	5	0.3	16	0.0000	0.0000	0.00	
14:22:34	5	0.3	16	0.0000	0.1000	0.00	
14:22:35	5	0.3	16	0.0000	0.1000	0.00	
14:22:36	5	0.3	16	0.0000	0.1000	0.00	
14:22:37	5	0.3	16	0.0000	0.0000	0.00	
14:22:38	5	0.3	16	0.0000	0.0000	0.00	
14:22:39	5	0.3	16	0.0000	0.2000	0.00	
14:22:40	5	0.3	16	0.0000	0.3000	0.00	
14:22:41	5	0.3	16	0.0000	0.4000	0.00	
14:22:42	5	0.3	16	0.0000	1.0000	0.00	
14:22:43	5	0.3	16	0.0000	1.1000	0.00	
14:22:44	5	0.3	16	0.0000	0.4000	0.00	
14:22:45	5	0.3	16	0.0000	0.5000	0.00	
14:22:46	5	0.3	16	0.0000	0.6000	0.00	
14:22:47	5	0.3	16	0.0000	0.1000	0.00	
14:22:48	5	0.3	16	0.0000	0.1000	0.00	
14:22:49	5	0.3	16	0.0000	0.0000	0.00	
14:22:50	5	0.3	16	0.0000	0.1000	0.00	
14:22:51	5	0.3	16	0.0000	0.1000	0.00	
14:22:52	5	0.3	16	0.0000	0.0000	0.00	
14:22:53	5	0.3	16	0.0000	0.0000	0.00	
14:22:54	5	0.3	16	0.0000	0.0000	0.00	
14:22:55	5	0.3	16	0.0000	0.0000	0.00	
14:22:56	5	0.3	16	0.0000	0.0000	0.00	
14:22:57	5	0.3	16	0.0000	0.0000	0.00	
14:22:58	5	0.3	16	0.0000	0.0000	0.00	
14:22:59	5	0.3	16	0.0000	0.0000	0.00	
14:23:00	5	0.3	16	0.0000	0.0000	0.00	
14:23:01	5	0.3	16	0.0000	0.0000	0.00	
14:23:02	5	0.3	16	0.0000	0.0000	0.00	
14:23:03	5	0.3	16	0.0000	0.0000	0.00	
14:23:04	5	0.3	16	0.0000	0.0000	0.00	
14:23:05	5	0.3	16	0.0000	0.0000	0.00	
14:23:06	5	0.3	16	0.0000	0.0000	0.00	
14:23:07	5	0.3	16	0.0000	0.0000	0.00	
14:23:08	5	0.3	16	0.0000	0.0000	0.00	
14:23:09	5	0.3	16	0.0000	0.0000	0.00	
14:23:10	5	0.3	16	0.0000	0.0000	0.00	
14:23:11	5	0.3	16	0.0000	0.0000	0.00	
14:23:12	5	0.3	16	0.0000	0.0000	0.00	
14:23:13	5	0.3	16	0.0000	0.0000	0.00	
14:23:14	5	0.3	16	0.0000	0.0000	0.00	
14:23:15	5	0.3	16	0.0000	0.0000	0.00	
14:23:16	5	0.3	16	0.0000	0.0000	0.00	
14:23:17	5	0.3	16	0.0000	0.0000	0.00	
14:23:18	5	0.3	16	0.0000	0.0000	0.00	
14:23:19	5	0.3	16	0.0000	0.0000	0.00	
14:23:20	5	0.3	16	0.0000	0.0000	0.00	
14:23:21	5	0.3	16	0.0000	0.0000	0.00	
14:23:22	5	0.3	16	0.0000	0.0000	0.00	
14:23:23	5	0.3	16	0.0000	0.0000	0.00	
14:23:24	5	0.3	16	0.0000	0.0000	0.00	
14:23:25	5	0.3	16	0.0000	0.0000	0.00	
14:23:26	5	0.3	16	0.0000	0.0000	0.00	
14:23:27	5	0.3	16	0.0000	0.0000	0.00	
14:23:28	5	0.3	16	0.0000	0.0000	0.00	
14:23:29	5	0.3	16	0.0000	0.0000	0.00	
14:23:30	5	0.3	16	0.0000	0.0000	0.00	
14:23:31	5	0.3	16	0.0000	0.0000	0.00	
14:23:32	5	0.3	16	0.0000	0.0000	0.00	
14:23:33	5	0.3	16	0.0000	0.0000	0.00	
14:23:34	5	0.3	16	0.0000	0.0000	0.00	
14:23:35	5	0.3	16	0.0000	0.0000	0.00	
14:23:36	5	0.3	16	0.0000	0.0000	0.00	
14:23:37	5	0.3	16	0.0000	0.0000	0.00	
14:23:38	5	0.3	16	0.0000	0.0000	0.00	
14:23:39	5	0.3	16	0.0000	0.0000	0.00	
14:23:40	5	0.3	16	0.0000	0.0000	0.00	
14:23:41	5	0.3	16	0.0000	0.4000	0.00	
14:23:42	5	0.3	16	0.0000	1.3000	0.00	
14:23:43	5	0.3	16	0.0000	1.8000	0.00	
14:23:44	5	0.3	16	0.0000	2.0000	0.00	
14:23:45	5	0.3	16	0.0000	2.0000	0.00	
14:23:46	5	0.3	16	0.0000	2.1000	0.00	
14:23:47	5	0.3	16	0.0000	2.4000	0.00	
14:23:48	5	0.3	16	0.0000	2.5000	0.00	
14:23:49	5	0.3	16	0.0000	2.7000	0.00	
14:23:50	5	0.3	16	0.0000	3.0000	0.00	
14:23:51	5	0.3	16	0.0000	2.8000	0.00	
14:23:52	5	0.3	16	0.0000	2.7000	0.00	
14:23:53	5	0.3	16	0.0000	3.0000	0.00	
14:23:54	5	0.3	16	0.0000	3.2000	0.00	
14:23:55	5	0.3	16	0.0000	3.1000	0.00	
14:23:56	5	0.3	16	0.0000	3.4000	0.00	
14:23:57	5	0.3	16	0.0000	3.4000	0.00	
14:23:58	5	0.3	16	0.0000	2.9000	0.00	
14:23:59	5	0.3	16	0.0000	2.7000	0.00	
14:24:00	5	0.3	16	0.0000	2.6000	0.00	
14:24:01	5	0.3	16	0.0000	2.7000	0.00	
14:24:02	5	0.3	16	0.0000	3.3000	0.00	
14:24:03	5	0.3	16	0.0000	4.2000	0.00	
14:24:04	5	0.3	16	0.0000	4.6000	0.00	
14:24:05	5	0.3	16	0.0000	4.4000	0.00	
14:24:06	5	0.3	16	0.0000	4.4000	0.00	
14:24:07	5	0.3	16	0.0000	4.6000	0.00	
14:24:08	5	0.3	16	0.0000	5.0000	0.00	
14:24:09	5	0.3	16	0.0000	4.9000	0.00	
14:24:10	5	0.3	16	0.0000	4.0000	0.00	
14:24:11	5	0.2	16	0.0000	3.1000	0.00	
14:24:12	5	0.3	16	0.0000	2.8000	0.00	
14:24:13	5	0.3	16	0.0000	2.5000	0.00	
14:24:14	5	0.3	16	0.0000	1.2000	0.00	
14:24:15	5	0.2	16	0.0000	0.2000	0.00	
14:24:16	5	0.2	16	0.0000	0.0000	0.00	
14:24:17	5	0.2	16	0.0000	0.0000	0.00	
14:24:18	5	0.2	16	0.0000	0.0000	0.00	
14:24:19	5	0.2	16	0.0000	0.0000	0.00	
14:24:20	5	0.2	16	0.0000	0.0000	0.00	
14:24:21	5	0.2	16	0.0000	0.0000	0.00	
14:24:22	5	0.3	16	0.0000	0.9000	0.00	
14:24:23	5	0.3	16	0.0000	1.6000	0.00	
14:24:24	5	0.3	16	0.0000	0.9000	0.00	
14:24:25	5	0.2	16	0.0000	0.2000	0.00	
14:24:26	5	0.3	16	0.0000	0.0000	0.00	
14:24:27	5	0.2	16	0.0000	0.0000	0.00	
14:24:28	5	0.3	16	0.0000	0.0000	0.00	
14:24:29	5	0.3	16	0.0000	0.0000	0.00	
14:24:30	5	0.3	16	0.0000	0.0000	0.00	
14:24:31	5	0.2	16	0.0000	0.0000	0.00	
14:24:32	5	0.2	16	0.0000	0.0000	0.00	
14:24:33	5	0.3	16	0.0000	0.0000	0.00	
14:24:34	5	0.2	16	0.0000	0.0000	0.00	
14:24:35	5	0.2	16	0.0000	0.0000	0.00	
14:24:36	5	0.2	16	0.0000	0.0000	0.00	
14:24:37	5	0.2	16	0.0000	0.0000	0.00	
14:24:38	5	0.3	16	0.0000	0.0000	0.00	
14:24:39	5	0.2	16	0.0000	0.0000	0.00	
14:24:40	5	0.3	16	0.0000	0.0000	0.00	
14:24:41	5	0.3	16	0.0000	0.0000	0.00	
14:24:42	5	0.2	16	0.0000	0.0000	0.00	
14:24:43	5	0.3	16	0.0000	0.0000	0.00	
14:24:44	5	0.2	16	0.0000	0.0000	0.00	
14:24:45	5	0.2	16	0.0000	0.0000	0.00	
14:24:46	5	0.2	16	0.0000	0.0000	0.00	
14:24:47	5	0.2	16	0.0000	0.0000	0.00	
14:24:48	5	0.2	16	0.0000	0.0000	0.00	
14:24:49	5	0.2	16	0.0000	0.0000	0.00	
14:24:50	5	0.2	16	0.0000	0.0000	0.00	
14:24:51	5	0.2	16	0.0000	0.0000	0.00	
14:24:52	5	0.2	16	0.0000	0.0000	0.00	
14:24:53	5	0.2	16	0.0000	0.0000	0.00	
14:24:54	5	0.2	16	0.0000	0.0000	0.00	
14:24:55	5	0.2	16	0.0000	0.0000	0.00	
14:24:56	5	0.2	16	0.0000	0.0000	0.00	
14:24:57	5	0.2	16	0.0000	0.0000	0.00	
14:24:58	5	0.2	16	0.0000	0.0000	0.00	
14:24:59	5	0.2	16	0.0000	0.0000	0.00	
14:25:00	5	0.2	16	0.0000	0.0000	0.00	
14:25:01	5	0.2	16	0.0000	0.0000	0.00	
14:25:02	5	0.2	16	0.0000	0.0000	0.00	
14:25:03	5	0.2	16	0.0000	0.0000	0.00	
14:25:04	5	0.2	16	0.0000	0.0000	0.00	
14:25:05	5	0.2	16	0.0000	0.0000	0.00	
14:25:06	5	0.2	16	0.0000	0.0000	0.00	
14:25:07	5	0.2	16	0.0000	0.0000	0.00	
14:25:08	5	0.1	16	0.0000	0.0000	0.00	
14:25:09	5	0.1	16	0.0000	0.0000	0.00	
14:25:10	5	0.1	16	0.0000	0.0000	0.00	
14:25:11	5	0.1	16	0.0000	0.0000	0.00	
14:25:12	5	0.1	16	0.0000	0.0000	0.00	
14:25:13	5	0.1	16	0.0000	0.0000	0.00	
14:25:14	5	0.1	16	0.0000	0.0000	0.00	
14:25:15	5	0.1	16	0.0000	0.0000	0.00	
14:25:16	5	0.1	16	0.0000	0.0000	0.00	
14:25:17	5	0.1	16	0.0000	0.0000	0.00	
14:25:18	5	0.1	16	0.0000	0.0000	0.00	
14:25:19	5	0.1	16	0.0000	0.0000	0.00	
14:25:20	5	0.1	16	0.0000	0.0000	0.00	
14:25:21	5	0.2	16	0.0000	0.0000	0.00	
14:25:22	5	0.2	16	0.0000	0.0000	0.00	
14:25:23	5	0.1	16	0.0000	0.0000	0.00	
14:25:24	5	0.1	16	0.0000	0.0000	0.00	
14:25:25	5	0.1	16	0.0000	0.0000	0.00	
14:25:26	5	0.1	16	0.0000	0.0000	0.00	
14:25:27	5	0.1	16	0.0000	0.0000	0.00	
14:25:28	5	0.1	16	0.0000	0.0000	0.00	
14:25:29	5	0.1	16	0.0000	0.0000	0.00	
14:25:30	5	0.1	16	0.0000	0.0000	0.00	
14:25:31	5	0.1	16	0.0000	0.0000	0.00	
14:25:32	5	0.1	16	0.0000	0.0000	0.00	
14:25:33	5	0.1	16	0.0000	0.0000	0.00	
14:25:34	5	0.2	16	0.0000	0.0000	0.00	
14:25:35	5	0.1	16	0.0000	0.0000	0.00	
14:25:36	5	0.1	16	0.0000	0.0000	0.00	
14:25:37	5	0.1	16	0.0000	0.0000	0.00	
14:25:38	5	0.1	16	0.0000	0.0000	0.00	
14:25:39	5	0.1	16	0.0000	0.0000	0.00	
14:25:40	5	0.1	16	0.0000	0.0000	0.00	
14:25:41	5	0.1	16	0.0000	0.0000	0.00	
14:25:42	5	0.1	16	0.0000	0.0000	0.00	
