Data Start: 2020-09-25 17:50:25
Data End: 2020-09-25 18:12:38
Devicename: Multi Plankton Sampler MPS
IdentNo.: 1020

Net []
Range1: 0 to 5

Pressure [dbar]
Range1: 0.0 to 3000.0  Cal0: -8.585877E+2  Cal1: 1.175972E-1  Cal2: -1.044298E-6  Cal3: -1.441992E+0  Cal4: 9.253807E-5  Cal5: -8.766143E-10  Cal6: 7.97392E-2  Cal7: 7.856609E-2  Cal8: -1.359118E-8

Volume [m³]
Range1: 0 to 65000  Cal0: 2.5E-1

Flow in [m/s]
Range1: 0.0000 to 9.9000

Flow out [m/s]
Range1: 0.0000 to 9.9000

Flow ratio [%]
Range1: 0.00 to 200.00

Header Comment

Ship:		
Cruise:		
Station:		
Cast:		
Position:		
Operator:		


Time [hh:mm:ss]	Net []	Pressure [dbar]	Volume [m³]	Flow in [m/s]	Flow out [m/s]	Flow ratio [%]	Comments  [Index]
17:50:25	0	0.0	0	0.0000	0.0000	0.00	
17:50:26	0	0.0	0	0.0000	0.0000	0.00	
17:50:27	0	0.0	0	0.0000	0.0000	0.00	
17:50:28	0	0.0	0	0.0000	0.0000	0.00	
17:50:29	0	0.0	0	0.0000	0.0000	0.00	
17:50:30	0	0.0	0	0.0000	0.0000	0.00	
17:50:31	0	0.0	0	0.0000	0.0000	0.00	
17:50:32	0	0.0	0	0.0000	0.0000	0.00	
17:50:33	0	0.0	0	0.0000	0.0000	0.00	
17:50:34	0	0.0	0	0.0000	0.0000	0.00	
17:50:35	0	0.0	0	0.0000	0.0000	0.00	
17:50:36	0	0.0	0	0.0000	0.0000	0.00	
17:50:37	0	0.0	0	0.0000	0.0000	0.00	
17:50:38	0	0.0	0	0.0000	0.0000	0.00	
17:50:39	0	0.0	0	0.0000	0.0000	0.00	
17:50:40	0	0.0	0	0.0000	0.0000	0.00	
17:50:41	0	0.0	0	0.0000	0.0000	0.00	
17:50:42	0	0.0	0	0.0000	0.0000	0.00	
17:50:43	0	0.0	0	0.0000	0.0000	0.00	
17:50:44	0	0.0	0	0.0000	0.0000	0.00	
17:50:45	0	0.0	0	0.0000	0.0000	0.00	
17:50:46	0	0.0	0	0.0000	0.0000	0.00	
17:50:47	0	0.0	0	0.0000	0.0000	0.00	
17:50:48	0	0.0	0	0.0000	0.0000	0.00	
17:50:49	0	0.0	0	0.0000	0.0000	0.00	
17:50:50	0	0.0	0	0.0000	0.0000	0.00	
17:50:51	0	0.0	0	0.0000	0.0000	0.00	
17:50:52	0	0.0	0	0.0000	0.0000	0.00	
17:50:53	0	0.0	0	0.0000	0.0000	0.00	
17:50:54	0	0.0	0	0.0000	0.0000	0.00	
17:50:55	0	0.0	0	0.0000	0.0000	0.00	
17:50:56	0	0.0	0	0.0000	0.0000	0.00	
17:50:57	0	0.0	0	0.0000	0.0000	0.00	
17:50:58	0	0.0	0	0.0000	0.0000	0.00	
17:50:59	0	0.0	0	0.0000	0.0000	0.00	
17:51:00	0	0.0	0	0.0000	0.0000	0.00	
17:51:01	0	0.0	0	0.0000	0.0000	0.00	
17:51:02	0	0.0	0	0.0000	0.0000	0.00	
17:51:03	0	0.0	0	0.0000	0.0000	0.00	
17:51:04	0	0.0	0	0.0000	0.0000	0.00	
17:51:05	0	0.0	0	0.0000	0.0000	0.00	
17:51:06	0	0.0	0	0.0000	0.0000	0.00	
17:51:07	0	0.0	0	0.0000	0.0000	0.00	
17:51:08	0	0.0	0	0.0000	0.0000	0.00	
17:51:09	0	0.0	0	0.0000	0.0000	0.00	
17:51:10	0	0.0	0	0.0000	0.0000	0.00	
17:51:11	0	0.0	0	0.0000	0.0000	0.00	
17:51:12	0	0.0	0	0.0000	0.0000	0.00	
17:51:13	0	0.0	0	0.0000	0.0000	0.00	
17:51:14	0	0.0	0	0.0000	0.0000	0.00	
17:51:15	0	0.0	0	0.0000	0.0000	0.00	
17:51:16	0	0.0	0	0.0000	0.0000	0.00	
17:51:17	0	0.0	0	0.0000	0.0000	0.00	
17:51:18	0	0.0	0	0.0000	0.0000	0.00	
17:51:19	0	0.0	0	0.0000	0.0000	0.00	
17:51:20	0	0.0	0	0.0000	0.0000	0.00	
17:51:21	0	0.0	0	0.0000	0.0000	0.00	
17:51:22	0	0.0	0	0.0000	0.0000	0.00	
17:51:23	0	0.0	0	0.0000	0.0000	0.00	
17:51:24	0	0.0	0	0.0000	0.0000	0.00	
17:51:25	0	0.0	0	0.0000	0.0000	0.00	
17:51:26	0	0.0	0	0.0000	0.0000	0.00	
17:51:27	0	0.0	0	0.0000	0.0000	0.00	
17:51:28	0	0.0	0	0.0000	0.0000	0.00	
17:51:29	0	0.0	0	0.0000	0.0000	0.00	
17:51:30	0	0.0	0	0.0000	0.0000	0.00	
17:51:31	0	0.0	0	0.0000	0.0000	0.00	
17:51:32	0	0.0	0	0.0000	0.0000	0.00	
17:51:33	0	0.0	0	0.0000	0.0000	0.00	
17:51:34	0	0.0	0	0.0000	0.0000	0.00	
17:51:35	0	0.0	0	0.0000	0.0000	0.00	
17:51:36	0	0.0	0	0.0000	0.0000	0.00	
17:51:37	0	0.0	0	0.0000	0.0000	0.00	
17:51:38	0	0.0	0	0.0000	0.0000	0.00	
17:51:39	0	0.0	0	0.0000	0.0000	0.00	
17:51:40	0	0.0	0	0.0000	0.0000	0.00	
17:51:41	0	0.0	0	0.0000	0.0000	0.00	
17:51:42	0	0.0	0	0.0000	0.0000	0.00	
17:51:43	0	0.0	0	0.0000	0.0000	0.00	
17:51:44	0	0.0	0	0.0000	0.0000	0.00	
17:51:45	0	0.0	0	0.3000	0.3000	100.00	
17:51:46	0	0.2	0	0.9000	0.8000	112.50	
17:51:47	0	0.5	0	1.4000	1.0000	140.00	
17:51:48	0	0.9	1	1.6000	1.0000	160.00	
17:51:49	0	1.5	1	1.5000	1.1000	136.36	
17:51:50	0	2.0	1	1.5000	1.3000	115.38	
17:51:51	0	2.7	2	1.6000	1.4000	114.29	
17:51:52	0	3.0	2	1.7000	1.4000	121.43	
17:51:53	0	3.6	3	1.5000	1.2000	125.00	
17:51:54	0	4.1	3	1.4000	1.2000	116.67	
17:51:55	0	4.7	3	1.4000	1.2000	116.67	
17:51:56	0	5.2	4	1.5000	1.2000	125.00	
17:51:57	0	5.6	4	1.4000	1.2000	116.67	
17:51:58	0	6.2	4	1.4000	1.2000	116.67	
17:51:59	0	6.8	5	1.4000	1.2000	116.67	
17:52:00	0	7.4	5	1.4000	1.2000	116.67	
17:52:01	0	8.0	6	1.5000	1.3000	115.38	
17:52:02	0	8.5	6	1.5000	1.3000	115.38	
17:52:03	0	9.0	6	1.4000	1.2000	116.67	
17:52:04	0	9.6	7	1.4000	1.2000	116.67	
17:52:05	0	10.1	7	1.4000	1.2000	116.67	
17:52:06	0	10.7	7	1.4000	1.2000	116.67	
17:52:07	0	11.2	8	1.4000	1.3000	107.69	
17:52:08	0	11.7	8	1.4000	1.3000	107.69	
17:52:09	0	12.4	8	1.3000	1.2000	108.33	
17:52:10	0	12.8	9	1.4000	1.2000	116.67	
17:52:11	0	13.3	9	1.4000	1.2000	116.67	
17:52:12	0	13.7	9	1.3000	1.2000	108.33	
17:52:13	0	14.2	10	1.3000	1.2000	108.33	
17:52:14	0	14.8	10	1.4000	1.2000	116.67	
17:52:15	0	15.4	10	1.4000	1.2000	116.67	
17:52:16	0	15.9	11	1.4000	1.2000	116.67	
17:52:17	0	16.4	11	1.4000	1.2000	116.67	
17:52:18	0	16.7	11	1.4000	1.3000	107.69	
17:52:19	0	17.2	12	1.4000	1.3000	107.69	
17:52:20	0	17.8	12	1.4000	1.2000	116.67	
17:52:21	0	18.4	13	1.4000	1.2000	116.67	
17:52:22	0	18.9	13	1.4000	1.2000	116.67	
17:52:23	0	19.3	13	1.4000	1.2000	116.67	
17:52:24	0	19.8	14	1.4000	1.2000	116.67	
17:52:25	0	20.3	14	1.4000	1.2000	116.67	
17:52:26	0	20.6	14	1.4000	1.2000	116.67	
17:52:27	0	21.1	15	1.4000	1.2000	116.67	
17:52:28	0	21.5	15	1.4000	1.2000	116.67	
17:52:29	0	22.1	15	1.4000	1.2000	116.67	
17:52:30	0	22.5	16	1.4000	1.2000	116.67	
17:52:31	0	23.0	16	1.4000	1.2000	116.67	
17:52:32	0	23.5	16	1.4000	1.2000	116.67	
17:52:33	0	24.0	17	1.5000	1.2000	125.00	
17:52:34	0	24.4	17	1.4000	1.2000	116.67	
17:52:35	0	24.9	17	1.4000	1.2000	116.67	
17:52:36	0	25.3	18	1.4000	1.2000	116.67	
17:52:37	0	25.7	18	1.4000	1.2000	116.67	
17:52:38	0	26.2	18	1.4000	1.2000	116.67	
17:52:39	0	26.6	19	1.4000	1.2000	116.67	
17:52:40	0	27.1	19	1.3000	1.2000	108.33	
17:52:41	0	27.5	19	1.3000	1.1000	118.18	
17:52:42	0	27.9	20	1.4000	1.2000	116.67	
17:52:43	0	28.3	20	1.4000	1.2000	116.67	
17:52:44	0	28.8	20	1.4000	1.1000	127.27	
17:52:45	0	29.2	21	1.4000	1.1000	127.27	
17:52:46	0	29.7	21	1.3000	1.1000	118.18	
17:52:47	0	30.0	21	1.3000	1.2000	108.33	
17:52:48	0	30.5	22	1.3000	1.2000	108.33	
17:52:49	0	30.8	22	1.3000	1.1000	118.18	
17:52:50	0	31.3	22	1.3000	1.0000	130.00	
17:52:51	0	31.6	23	1.3000	1.1000	118.18	
17:52:52	0	32.0	23	1.3000	1.1000	118.18	
17:52:53	0	32.6	23	1.3000	1.0000	130.00	
17:52:54	0	33.0	24	1.4000	1.2000	116.67	
17:52:55	0	33.4	24	1.3000	1.2000	108.33	
17:52:56	0	33.8	24	1.3000	1.0000	130.00	
17:52:57	0	34.2	25	1.3000	1.0000	130.00	
17:52:58	0	34.6	25	1.3000	1.1000	118.18	
17:52:59	0	35.1	25	1.3000	1.1000	118.18	
17:53:00	0	35.4	26	1.2000	1.1000	109.09	
17:53:01	0	35.8	26	1.3000	1.1000	118.18	
17:53:02	0	36.2	26	1.3000	1.1000	118.18	
17:53:03	0	36.6	27	1.2000	1.1000	109.09	
17:53:04	0	37.0	27	1.3000	1.1000	118.18	
17:53:05	0	37.5	27	1.3000	1.1000	118.18	
17:53:06	0	37.8	28	1.2000	1.1000	109.09	
17:53:07	0	38.2	28	1.2000	1.0000	120.00	
17:53:08	0	38.6	28	1.3000	1.0000	130.00	
17:53:09	0	39.0	29	1.3000	1.1000	118.18	
17:53:10	0	39.4	29	1.3000	1.1000	118.18	
17:53:11	0	39.9	29	1.3000	1.1000	118.18	
17:53:12	0	40.3	30	1.3000	1.2000	108.33	
17:53:13	0	40.8	30	1.4000	1.2000	116.67	
17:53:14	0	41.1	30	1.3000	1.1000	118.18	
17:53:15	0	41.6	30	1.2000	1.1000	109.09	
17:53:16	0	42.1	31	1.3000	1.1000	118.18	
17:53:17	0	42.6	31	1.3000	1.0000	130.00	
17:53:18	0	43.0	31	1.3000	1.0000	130.00	
17:53:19	0	43.4	32	1.4000	1.2000	116.67	
17:53:20	0	43.8	32	1.3000	1.2000	108.33	
17:53:21	0	44.3	32	1.2000	1.0000	120.00	
17:53:22	0	44.7	33	1.2000	1.0000	120.00	
17:53:23	0	45.1	33	1.2000	1.1000	109.09	
17:53:24	0	45.5	33	1.2000	1.0000	120.00	
17:53:25	0	46.0	34	1.2000	1.0000	120.00	
17:53:26	0	46.3	34	1.2000	1.1000	109.09	
17:53:27	0	46.7	34	1.2000	1.0000	120.00	
17:53:28	0	47.2	35	1.2000	1.0000	120.00	
17:53:29	0	47.6	35	1.2000	1.0000	120.00	
17:53:30	0	48.1	35	1.2000	1.1000	109.09	
17:53:31	0	48.4	35	1.2000	1.0000	120.00	
17:53:32	0	48.8	36	1.1000	1.0000	110.00	
17:53:33	0	49.2	36	1.2000	1.0000	120.00	
17:53:34	0	49.7	36	1.2000	1.0000	120.00	
17:53:35	0	50.2	37	1.2000	1.0000	120.00	
17:53:36	0	50.6	37	1.2000	1.0000	120.00	
17:53:37	0	51.0	37	1.2000	1.0000	120.00	
17:53:38	0	51.4	38	1.2000	1.0000	120.00	
17:53:39	0	51.8	38	1.2000	1.0000	120.00	
17:53:40	0	52.2	38	1.2000	1.0000	120.00	
17:53:41	0	52.7	38	1.2000	1.0000	120.00	
17:53:42	0	53.1	39	1.2000	1.0000	120.00	
17:53:43	0	53.5	39	1.2000	1.0000	120.00	
17:53:44	0	54.0	39	1.2000	1.0000	120.00	
17:53:45	0	54.4	40	1.2000	1.0000	120.00	
17:53:46	0	54.8	40	1.3000	1.1000	118.18	
17:53:47	0	55.2	40	1.3000	1.1000	118.18	
17:53:48	0	55.7	41	1.3000	1.1000	118.18	
17:53:49	0	56.2	41	1.3000	1.1000	118.18	
17:53:50	0	56.6	41	1.3000	1.1000	118.18	
17:53:51	0	57.0	42	1.3000	1.1000	118.18	
17:53:52	0	57.4	42	1.3000	1.1000	118.18	
17:53:53	0	57.9	42	1.2000	1.1000	109.09	
17:53:54	0	58.3	42	1.2000	1.1000	109.09	
17:53:55	0	58.7	43	1.2000	1.1000	109.09	
17:53:56	0	59.2	43	1.2000	1.0000	120.00	
17:53:57	0	59.6	43	1.3000	1.1000	118.18	
17:53:58	0	60.0	44	1.3000	1.1000	118.18	
17:53:59	0	60.4	44	1.2000	1.0000	120.00	
17:54:00	0	60.9	44	1.2000	1.1000	109.09	
17:54:01	0	61.3	45	1.2000	1.1000	109.09	
17:54:02	0	61.8	45	1.2000	1.0000	120.00	
17:54:03	0	62.1	45	1.2000	1.0000	120.00	
17:54:04	0	62.7	46	1.2000	1.0000	120.00	
17:54:05	0	63.0	46	1.2000	1.0000	120.00	
17:54:06	0	63.4	46	1.2000	1.1000	109.09	
17:54:07	0	63.8	46	1.2000	1.0000	120.00	
17:54:08	0	64.1	47	1.2000	1.0000	120.00	
17:54:09	0	64.5	47	1.2000	1.0000	120.00	
17:54:10	0	64.9	47	1.2000	1.0000	120.00	
17:54:11	0	65.3	48	1.2000	1.0000	120.00	
17:54:12	0	65.7	48	1.2000	1.0000	120.00	
17:54:13	0	66.2	48	1.2000	1.0000	120.00	
17:54:14	0	66.6	49	1.2000	1.0000	120.00	
17:54:15	0	66.9	49	1.2000	1.0000	120.00	
17:54:16	0	67.3	49	1.2000	1.0000	120.00	
17:54:17	0	67.7	49	1.2000	1.0000	120.00	
17:54:18	0	68.2	50	1.1000	1.0000	110.00	
17:54:19	0	68.5	50	1.1000	1.0000	110.00	
17:54:20	0	68.8	50	1.1000	1.0000	110.00	
17:54:21	0	69.2	50	1.1000	1.0000	110.00	
17:54:22	0	69.6	51	1.1000	1.0000	110.00	
17:54:23	0	70.1	51	1.1000	1.0000	110.00	
17:54:24	0	70.4	51	1.2000	1.0000	120.00	
17:54:25	0	70.8	52	1.2000	1.0000	120.00	
17:54:26	0	71.1	52	1.2000	1.0000	120.00	
17:54:27	0	71.6	52	1.1000	1.0000	110.00	
17:54:28	0	71.9	53	1.2000	1.0000	120.00	
17:54:29	0	72.3	53	1.2000	1.0000	120.00	
17:54:30	0	72.7	53	1.2000	1.0000	120.00	
17:54:31	0	73.0	53	1.2000	1.0000	120.00	
17:54:32	0	73.5	54	1.1000	1.0000	110.00	
17:54:33	0	73.9	54	1.2000	1.0000	120.00	
17:54:34	0	74.2	54	1.2000	1.0000	120.00	
17:54:35	0	74.5	55	1.2000	1.0000	120.00	
17:54:36	0	74.9	55	1.1000	1.0000	110.00	
17:54:37	0	75.3	55	1.2000	1.0000	120.00	
17:54:38	0	75.6	55	1.2000	1.0000	120.00	
17:54:39	0	76.0	56	1.2000	1.0000	120.00	
17:54:40	0	76.4	56	1.2000	1.0000	120.00	
17:54:41	0	76.6	56	1.2000	1.0000	120.00	
17:54:42	0	77.1	57	1.2000	1.0000	120.00	
17:54:43	0	77.5	57	1.1000	1.0000	110.00	
17:54:44	0	77.8	57	1.2000	1.0000	120.00	
17:54:45	0	78.2	57	1.2000	1.0000	120.00	
17:54:46	0	78.5	58	1.3000	1.0000	130.00	
17:54:47	0	78.9	58	1.2000	1.0000	120.00	
17:54:48	0	79.3	58	1.2000	1.0000	120.00	
17:54:49	0	79.7	59	1.2000	1.0000	120.00	
17:54:50	0	80.1	59	1.2000	1.1000	109.09	
17:54:51	0	80.4	59	1.2000	1.0000	120.00	
17:54:52	0	80.8	60	1.2000	1.0000	120.00	
17:54:53	0	81.1	60	1.3000	1.1000	118.18	
17:54:54	0	81.4	60	1.2000	1.0000	120.00	
17:54:55	0	81.8	60	1.1000	1.0000	110.00	
17:54:56	0	82.1	61	1.2000	1.1000	109.09	
17:54:57	0	82.5	61	1.2000	1.0000	120.00	
17:54:58	0	83.0	61	1.2000	1.0000	120.00	
17:54:59	0	83.2	62	1.2000	1.0000	120.00	
17:55:00	0	83.5	62	1.1000	1.0000	110.00	
17:55:01	0	83.9	62	1.2000	1.0000	120.00	
17:55:02	0	84.3	63	1.2000	1.0000	120.00	
17:55:03	0	84.6	63	1.2000	1.1000	109.09	
17:55:04	0	84.9	63	1.2000	1.1000	109.09	
17:55:05	0	85.3	64	1.2000	1.0000	120.00	
17:55:06	0	85.7	64	1.2000	1.0000	120.00	
17:55:07	0	86.0	64	1.2000	1.0000	120.00	
17:55:08	0	86.3	64	1.2000	1.0000	120.00	
17:55:09	0	86.6	65	1.2000	1.0000	120.00	
17:55:10	0	87.0	65	1.2000	1.0000	120.00	
17:55:11	0	87.3	65	1.1000	1.0000	110.00	
17:55:12	0	87.6	65	1.1000	1.0000	110.00	
17:55:13	0	88.0	66	1.2000	1.0000	120.00	
17:55:14	0	88.3	66	1.2000	1.0000	120.00	
17:55:15	0	88.7	66	1.2000	1.0000	120.00	
17:55:16	0	88.9	67	1.2000	1.0000	120.00	
17:55:17	0	89.3	67	1.2000	1.0000	120.00	
17:55:18	0	89.6	67	1.2000	1.0000	120.00	
17:55:19	0	90.0	68	1.2000	1.0000	120.00	
17:55:20	0	90.4	68	1.2000	1.0000	120.00	
17:55:21	0	90.6	68	1.2000	1.1000	109.09	
17:55:22	0	90.9	68	1.2000	1.0000	120.00	
17:55:23	0	91.3	69	1.2000	1.0000	120.00	
17:55:24	0	91.6	69	1.2000	1.0000	120.00	
17:55:25	0	92.0	69	1.3000	1.0000	130.00	
17:55:26	0	92.2	70	1.3000	1.1000	118.18	
17:55:27	0	92.4	70	1.2000	1.1000	109.09	
17:55:28	0	92.8	70	1.2000	1.1000	109.09	
17:55:29	0	93.2	71	1.2000	1.0000	120.00	
17:55:30	0	93.4	71	1.2000	1.0000	120.00	
17:55:31	0	93.8	71	1.3000	1.1000	118.18	
17:55:32	0	94.0	72	1.2000	1.0000	120.00	
17:55:33	0	94.3	72	1.2000	1.0000	120.00	
17:55:34	0	94.6	72	1.2000	1.0000	120.00	
17:55:35	0	94.9	72	1.2000	1.0000	120.00	
17:55:36	0	95.3	73	1.2000	1.1000	109.09	
17:55:37	0	95.6	73	1.2000	1.0000	120.00	
17:55:38	0	95.9	73	1.2000	1.0000	120.00	
17:55:39	0	96.2	74	1.2000	1.0000	120.00	
17:55:40	0	96.5	74	1.2000	1.1000	109.09	
17:55:41	0	96.7	74	1.2000	1.0000	120.00	
17:55:42	0	97.0	75	1.2000	1.0000	120.00	
17:55:43	0	97.3	75	1.2000	1.0000	120.00	
17:55:44	0	97.6	75	1.2000	1.0000	120.00	
17:55:45	0	97.9	75	1.2000	1.0000	120.00	
17:55:46	0	98.2	76	1.2000	1.1000	109.09	
17:55:47	0	98.4	76	1.2000	1.0000	120.00	
17:55:48	0	98.8	76	1.1000	1.0000	110.00	
17:55:49	0	99.1	77	1.2000	1.0000	120.00	
17:55:50	0	99.3	77	1.2000	1.0000	120.00	
17:55:51	0	99.7	77	1.2000	1.0000	120.00	
17:55:52	0	99.8	77	1.2000	1.0000	120.00	
17:55:53	0	100.2	78	1.1000	1.0000	110.00	
17:55:54	0	100.5	78	1.2000	1.0000	120.00	
17:55:55	0	100.7	78	1.2000	1.0000	120.00	
17:55:56	0	101.1	79	1.1000	1.0000	110.00	
17:55:57	0	101.3	79	1.2000	1.0000	120.00	
17:55:58	0	101.6	79	1.2000	1.1000	109.09	
17:55:59	0	102.0	79	1.1000	1.0000	110.00	
17:56:00	0	102.3	80	1.2000	1.0000	120.00	
17:56:01	0	102.6	80	1.2000	1.0000	120.00	
17:56:02	0	102.9	80	1.1000	1.0000	110.00	
17:56:03	0	103.3	81	1.1000	1.0000	110.00	
17:56:04	0	103.5	81	1.1000	1.0000	110.00	
17:56:05	0	103.8	81	1.1000	1.0000	110.00	
17:56:06	0	104.1	81	1.2000	1.0000	120.00	
17:56:07	0	104.4	82	1.2000	1.0000	120.00	
17:56:08	0	104.7	82	1.1000	1.0000	110.00	
17:56:09	0	105.0	82	1.2000	1.0000	120.00	
17:56:10	0	105.3	83	1.2000	1.0000	120.00	
17:56:11	0	105.6	83	1.1000	1.0000	110.00	
17:56:12	0	105.9	83	1.2000	1.0000	120.00	
17:56:13	0	106.2	83	1.2000	1.0000	120.00	
17:56:14	0	106.4	84	1.2000	1.0000	120.00	
17:56:15	0	106.8	84	1.2000	1.1000	109.09	
17:56:16	0	107.1	84	1.2000	1.0000	120.00	
17:56:17	0	107.4	85	1.2000	1.0000	120.00	
17:56:18	0	107.8	85	1.2000	1.0000	120.00	
17:56:19	0	108.0	85	1.2000	1.0000	120.00	
17:56:20	0	108.3	85	1.2000	1.1000	109.09	
17:56:21	0	108.7	86	1.2000	1.0000	120.00	
17:56:22	0	108.9	86	1.2000	1.0000	120.00	
17:56:23	0	109.2	86	1.2000	1.0000	120.00	
17:56:24	0	109.4	87	1.2000	1.0000	120.00	
17:56:25	0	109.8	87	1.1000	1.0000	110.00	
17:56:26	0	110.2	87	1.2000	1.0000	120.00	
17:56:27	0	110.5	88	1.2000	1.0000	120.00	
17:56:28	0	110.7	88	1.2000	1.0000	120.00	
17:56:29	0	111.0	88	1.1000	1.0000	110.00	
17:56:30	0	111.5	88	1.2000	1.0000	120.00	
17:56:31	0	111.7	89	1.2000	1.0000	120.00	
17:56:32	0	112.0	89	1.2000	1.0000	120.00	
17:56:33	0	112.3	89	1.2000	1.0000	120.00	
17:56:34	0	112.6	90	1.1000	1.0000	110.00	
17:56:35	0	113.0	90	1.1000	1.0000	110.00	
17:56:36	0	113.3	90	1.2000	1.0000	120.00	
17:56:37	0	113.6	90	1.2000	1.0000	120.00	
17:56:38	0	113.8	91	1.1000	1.0000	110.00	
17:56:39	0	114.2	91	1.1000	0.9000	122.22	
17:56:40	0	114.5	91	1.2000	1.0000	120.00	
17:56:41	0	114.8	92	1.2000	1.0000	120.00	
17:56:42	0	115.0	92	1.1000	0.9000	122.22	
17:56:43	0	115.3	92	1.0000	1.0000	100.00	
17:56:44	0	115.7	92	1.0000	1.0000	100.00	
17:56:45	0	116.0	93	1.2000	1.0000	120.00	
17:56:46	0	116.3	93	1.1000	1.0000	110.00	
17:56:47	0	116.6	93	1.1000	1.0000	110.00	
17:56:48	0	117.0	93	1.2000	1.0000	120.00	
17:56:49	0	117.2	94	1.1000	1.0000	110.00	
17:56:50	0	117.5	94	1.1000	1.0000	110.00	
17:56:51	0	117.9	94	1.1000	1.0000	110.00	
17:56:52	0	118.2	95	1.2000	1.0000	120.00	
17:56:53	0	118.6	95	1.1000	1.0000	110.00	
17:56:54	0	118.9	95	1.1000	1.0000	110.00	
17:56:55	0	119.0	95	1.2000	1.0000	120.00	
17:56:56	0	119.3	96	1.1000	1.0000	110.00	
17:56:57	0	119.7	96	1.1000	1.0000	110.00	
17:56:58	0	120.1	96	1.1000	1.0000	110.00	
17:56:59	0	120.3	97	1.2000	0.9000	133.33	
17:57:00	0	120.5	97	1.2000	1.0000	120.00	
17:57:01	0	120.7	97	1.2000	1.0000	120.00	
17:57:02	0	121.0	97	1.2000	1.0000	120.00	
17:57:03	0	121.3	98	1.1000	1.0000	110.00	
17:57:04	0	121.6	98	1.2000	1.0000	120.00	
17:57:05	0	121.9	98	1.2000	1.0000	120.00	
17:57:06	0	122.3	98	1.1000	1.0000	110.00	
17:57:07	0	122.5	99	1.2000	1.0000	120.00	
17:57:08	0	122.7	99	1.2000	1.0000	120.00	
17:57:09	0	123.1	99	1.2000	1.0000	120.00	
17:57:10	0	123.4	100	1.2000	1.0000	120.00	
17:57:11	0	123.7	100	1.1000	1.0000	110.00	
17:57:12	0	124.0	100	1.1000	1.0000	110.00	
17:57:13	0	124.3	101	1.2000	1.0000	120.00	
17:57:14	0	124.5	101	1.2000	1.0000	120.00	
17:57:15	0	124.8	101	1.2000	1.0000	120.00	
17:57:16	0	125.1	101	1.2000	1.0000	120.00	
17:57:17	0	125.5	102	1.1000	1.0000	110.00	
17:57:18	0	125.7	102	1.2000	1.0000	120.00	
17:57:19	0	126.0	102	1.2000	1.0000	120.00	
17:57:20	0	126.3	103	1.2000	1.0000	120.00	
17:57:21	0	126.6	103	1.2000	1.0000	120.00	
17:57:22	0	126.9	103	1.2000	1.0000	120.00	
17:57:23	0	127.2	103	1.2000	1.0000	120.00	
17:57:24	0	127.5	104	1.2000	1.0000	120.00	
17:57:25	0	127.7	104	1.2000	1.0000	120.00	
17:57:26	0	128.1	104	1.2000	1.0000	120.00	
17:57:27	0	128.4	105	1.2000	1.0000	120.00	
17:57:28	0	128.6	105	1.2000	1.0000	120.00	
17:57:29	0	128.9	105	1.2000	1.0000	120.00	
17:57:30	0	129.2	105	1.2000	1.0000	120.00	
17:57:31	0	129.5	106	1.2000	1.0000	120.00	
17:57:32	0	129.7	106	1.2000	1.0000	120.00	
17:57:33	0	130.0	106	1.2000	1.0000	120.00	
17:57:34	0	130.4	107	1.2000	1.0000	120.00	
17:57:35	0	130.7	107	1.2000	1.0000	120.00	
17:57:36	0	130.8	107	1.2000	1.0000	120.00	
17:57:37	0	131.1	108	1.2000	1.0000	120.00	
17:57:38	0	131.5	108	1.2000	1.0000	120.00	
17:57:39	0	131.7	108	1.2000	1.0000	120.00	
17:57:40	0	132.0	108	1.2000	1.0000	120.00	
17:57:41	0	132.2	109	1.2000	1.0000	120.00	
17:57:42	0	132.6	109	1.2000	1.0000	120.00	
17:57:43	0	132.9	109	1.1000	1.0000	110.00	
17:57:44	0	133.2	110	1.2000	1.0000	120.00	
17:57:45	0	133.4	110	1.2000	1.0000	120.00	
17:57:46	0	133.7	110	1.2000	1.0000	120.00	
17:57:47	0	134.0	110	1.2000	1.0000	120.00	
17:57:48	0	134.2	111	1.2000	1.0000	120.00	
17:57:49	0	134.4	111	1.2000	1.1000	109.09	
17:57:50	0	134.8	111	1.2000	1.1000	109.09	
17:57:51	0	134.9	112	1.3000	1.1000	118.18	
17:57:52	0	135.2	112	1.2000	1.0000	120.00	
17:57:53	0	135.5	112	1.2000	1.0000	120.00	
17:57:54	0	135.8	113	1.2000	1.0000	120.00	
17:57:55	0	136.0	113	1.2000	1.0000	120.00	
17:57:56	0	136.2	113	1.2000	1.0000	120.00	
17:57:57	0	136.6	113	1.2000	1.0000	120.00	
17:57:58	0	136.8	114	1.2000	1.0000	120.00	
17:57:59	0	137.1	114	1.2000	1.0000	120.00	
17:58:00	0	137.4	114	1.2000	1.0000	120.00	
17:58:01	0	137.7	115	1.2000	1.1000	109.09	
17:58:02	0	138.0	115	1.2000	1.0000	120.00	
17:58:03	0	138.1	115	1.2000	1.0000	120.00	
17:58:04	0	138.4	116	1.3000	1.1000	118.18	
17:58:05	0	138.8	116	1.2000	1.0000	120.00	
17:58:06	0	138.9	116	1.2000	1.0000	120.00	
17:58:07	0	139.2	117	1.2000	1.0000	120.00	
17:58:08	0	139.4	117	1.2000	1.0000	120.00	
17:58:09	0	139.7	117	1.2000	1.1000	109.09	
17:58:10	0	140.0	117	1.2000	1.0000	120.00	
17:58:11	0	140.3	118	1.2000	1.0000	120.00	
17:58:12	0	140.5	118	1.2000	1.0000	120.00	
17:58:13	0	140.8	118	1.2000	1.0000	120.00	
17:58:14	0	141.2	119	1.2000	1.0000	120.00	
17:58:15	0	141.4	119	1.2000	1.0000	120.00	
17:58:16	0	141.5	119	1.3000	1.0000	130.00	
17:58:17	0	141.7	120	1.2000	1.0000	120.00	
17:58:18	0	141.9	120	1.2000	1.0000	120.00	
17:58:19	0	142.2	120	1.2000	1.0000	120.00	
17:58:20	0	142.5	121	1.2000	1.0000	120.00	
17:58:21	0	142.8	121	1.2000	1.0000	120.00	
17:58:22	0	142.9	121	1.2000	1.0000	120.00	
17:58:23	0	143.2	121	1.2000	1.0000	120.00	
17:58:24	0	143.6	122	1.2000	1.0000	120.00	
17:58:25	0	143.8	122	1.2000	1.0000	120.00	
17:58:26	0	144.0	122	1.2000	1.0000	120.00	
17:58:27	0	144.3	123	1.2000	1.0000	120.00	
17:58:28	0	144.4	123	1.2000	1.0000	120.00	
17:58:29	0	144.7	123	1.2000	1.0000	120.00	
17:58:30	0	144.9	124	1.2000	1.0000	120.00	
17:58:31	0	145.1	124	1.2000	1.0000	120.00	
17:58:32	0	145.4	124	1.2000	1.0000	120.00	
17:58:33	0	145.7	124	1.2000	1.0000	120.00	
17:58:34	0	146.0	125	1.2000	1.0000	120.00	
17:58:35	0	146.1	125	1.2000	1.0000	120.00	
17:58:36	0	146.4	125	1.2000	1.0000	120.00	
17:58:37	0	146.7	126	1.2000	1.0000	120.00	
17:58:38	0	146.8	126	1.2000	1.0000	120.00	
17:58:39	0	147.0	126	1.2000	1.0000	120.00	
17:58:40	0	147.1	127	1.2000	1.0000	120.00	
17:58:41	0	147.4	127	1.2000	1.0000	120.00	
17:58:42	0	147.6	127	1.2000	1.0000	120.00	
17:58:43	0	147.9	127	1.2000	1.0000	120.00	
17:58:44	0	148.1	128	1.2000	1.0000	120.00	
17:58:45	0	148.3	128	1.2000	1.0000	120.00	
17:58:46	0	148.5	128	1.2000	1.0000	120.00	
17:58:47	0	148.8	129	1.2000	1.0000	120.00	
17:58:48	0	149.0	129	1.2000	1.0000	120.00	
17:58:49	0	149.1	129	1.3000	1.0000	130.00	
17:58:50	0	149.4	130	1.2000	1.0000	120.00	
17:58:51	0	149.7	130	1.2000	1.0000	120.00	
17:58:52	0	149.9	130	1.2000	1.0000	120.00	
17:58:53	0	150.1	130	1.2000	1.1000	109.09	
17:58:54	0	150.3	131	1.2000	1.0000	120.00	
17:58:55	0	150.6	131	1.2000	1.0000	120.00	
17:58:56	0	150.9	131	1.2000	1.0000	120.00	
17:58:57	0	151.0	132	1.2000	1.0000	120.00	
17:58:58	0	151.3	132	1.2000	1.0000	120.00	
17:58:59	0	151.4	132	1.3000	1.0000	130.00	
17:59:00	0	151.9	133	1.2000	1.0000	120.00	
17:59:01	0	152.0	133	1.2000	1.0000	120.00	
17:59:02	0	152.3	133	1.2000	1.0000	120.00	
17:59:03	0	152.4	134	1.2000	1.0000	120.00	
17:59:04	0	152.7	134	1.2000	1.0000	120.00	
17:59:05	0	153.0	134	1.2000	1.0000	120.00	
17:59:06	0	153.3	134	1.2000	1.0000	120.00	
17:59:07	0	153.6	135	1.2000	1.0000	120.00	
17:59:08	0	153.8	135	1.2000	1.0000	120.00	
17:59:09	0	154.2	135	1.3000	1.0000	130.00	
17:59:10	0	154.5	136	1.2000	1.0000	120.00	
17:59:11	0	154.6	136	1.2000	1.0000	120.00	
17:59:12	0	154.9	136	1.2000	1.0000	120.00	
17:59:13	0	155.1	137	1.2000	1.0000	120.00	
17:59:14	0	155.5	137	1.2000	1.0000	120.00	
17:59:15	0	155.6	137	1.2000	1.0000	120.00	
17:59:16	0	155.9	137	1.2000	1.0000	120.00	
17:59:17	0	156.2	138	1.2000	1.0000	120.00	
17:59:18	0	156.5	138	1.3000	1.1000	118.18	
17:59:19	0	156.7	138	1.3000	1.1000	118.18	
17:59:20	0	157.1	139	1.2000	1.0000	120.00	
17:59:21	0	157.4	139	1.2000	1.0000	120.00	
17:59:22	0	157.6	139	1.3000	1.1000	118.18	
17:59:23	0	157.8	140	1.3000	1.1000	118.18	
17:59:24	0	158.1	140	1.2000	1.0000	120.00	
17:59:25	0	158.3	140	1.2000	1.0000	120.00	
17:59:26	0	158.5	141	1.3000	1.0000	130.00	
17:59:27	0	158.6	141	1.2000	1.0000	120.00	
17:59:28	0	158.9	141	1.3000	1.1000	118.18	
17:59:29	0	159.1	142	1.3000	1.1000	118.18	
17:59:30	0	159.5	142	1.2000	1.0000	120.00	
17:59:31	0	159.7	142	1.2000	1.0000	120.00	
17:59:32	0	160.0	143	1.3000	1.1000	118.18	
17:59:33	0	160.1	143	1.3000	1.1000	118.18	
17:59:34	0	160.4	143	1.2000	1.1000	109.09	
17:59:35	0	160.6	144	1.3000	1.0000	130.00	
17:59:36	0	160.8	144	1.3000	1.0000	130.00	
17:59:37	0	161.0	144	1.3000	1.1000	118.18	
17:59:38	0	161.3	144	1.4000	1.1000	127.27	
17:59:39	0	161.6	145	1.3000	1.1000	118.18	
17:59:40	0	161.9	145	1.3000	1.1000	118.18	
17:59:41	0	162.2	145	1.3000	1.1000	118.18	
17:59:42	0	162.5	146	1.3000	1.1000	118.18	
17:59:43	0	162.7	146	1.3000	1.1000	118.18	
17:59:44	0	163.0	146	1.3000	1.1000	118.18	
17:59:45	0	163.3	147	1.2000	1.0000	120.00	
17:59:46	0	163.5	147	1.2000	1.0000	120.00	
17:59:47	0	163.7	147	1.2000	1.1000	109.09	
17:59:48	0	164.0	148	1.2000	1.0000	120.00	
17:59:49	0	164.2	148	1.2000	1.0000	120.00	
17:59:50	0	164.4	148	1.2000	1.1000	109.09	
17:59:51	0	164.6	149	1.3000	1.1000	118.18	
17:59:52	0	164.8	149	1.3000	1.0000	130.00	
17:59:53	0	165.2	149	1.2000	1.0000	120.00	
17:59:54	0	165.3	150	1.3000	1.1000	118.18	
17:59:55	0	165.7	150	1.2000	1.1000	109.09	
17:59:56	0	165.9	150	1.2000	1.1000	109.09	
17:59:57	0	166.1	150	1.3000	1.1000	118.18	
17:59:58	0	166.4	151	1.2000	1.0000	120.00	
17:59:59	0	166.6	151	1.3000	1.0000	130.00	
18:00:00	0	166.8	151	1.3000	1.1000	118.18	
18:00:01	0	167.0	152	1.2000	1.1000	109.09	
18:00:02	0	167.4	152	1.2000	1.0000	120.00	
18:00:03	0	167.7	152	1.2000	1.0000	120.00	
18:00:04	0	168.0	153	1.2000	1.1000	109.09	
18:00:05	0	168.1	153	1.4000	1.1000	127.27	
18:00:06	0	168.5	153	1.4000	1.1000	127.27	
18:00:07	0	168.6	154	1.3000	1.1000	118.18	
18:00:08	0	168.8	154	1.3000	1.1000	118.18	
18:00:09	0	169.1	154	1.2000	1.1000	109.09	
18:00:10	0	169.4	155	1.2000	1.0000	120.00	
18:00:11	0	169.6	155	1.2000	1.0000	120.00	
18:00:12	0	169.8	155	1.2000	1.1000	109.09	
18:00:13	0	170.1	156	1.2000	1.0000	120.00	
18:00:14	0	170.3	156	1.2000	1.0000	120.00	
18:00:15	0	170.6	156	1.2000	1.0000	120.00	
18:00:16	0	170.8	156	1.3000	1.0000	130.00	
18:00:17	0	171.0	157	1.3000	1.1000	118.18	
18:00:18	0	171.3	157	1.3000	1.1000	118.18	
18:00:19	0	171.5	157	1.4000	1.1000	127.27	
18:00:20	0	171.7	158	1.3000	1.1000	118.18	
18:00:21	0	172.0	158	1.3000	1.2000	108.33	
18:00:22	0	172.3	158	1.2000	1.1000	109.09	
18:00:23	0	172.4	159	1.2000	1.0000	120.00	
18:00:24	0	172.3	159	1.6000	1.2000	133.33	
18:00:25	0	172.1	160	1.8000	1.4000	128.57	
18:00:26	0	171.8	160	1.9000	1.5000	126.67	
18:00:27	0	171.7	161	1.8000	1.7000	105.88	
18:00:28	0	171.4	161	1.8000	1.7000	105.88	
18:00:29	0	171.1	161	1.8000	1.7000	105.88	
18:00:30	0	170.9	162	1.7000	1.6000	106.25	
18:00:31	0	170.7	162	1.7000	1.6000	106.25	
18:00:32	0	170.4	163	1.8000	1.7000	105.88	
18:00:33	0	170.3	163	1.9000	1.7000	111.76	
18:00:34	0	170.3	164	1.9000	1.6000	118.75	
18:00:35	0	170.2	164	1.9000	1.6000	118.75	
18:00:36	0	169.9	165	2.1000	1.7000	123.53	
18:00:37	0	169.7	165	1.9000	1.7000	111.76	
18:00:38	0	169.5	166	1.9000	1.7000	111.76	
18:00:39	0	169.4	166	2.0000	1.7000	117.65	
18:00:40	0	169.3	167	1.9000	1.6000	118.75	
18:00:41	0	169.2	167	2.0000	1.6000	125.00	
18:00:42	0	169.0	168	2.0000	1.7000	117.65	
18:00:43	0	169.0	168	2.0000	1.8000	111.11	
18:00:44	0	169.0	169	1.8000	1.6000	112.50	
18:00:45	0	168.8	169	2.1000	1.6000	131.25	
18:00:46	0	168.6	170	2.2000	1.8000	122.22	
18:00:47	0	168.6	170	1.9000	1.7000	111.76	
18:00:48	0	168.5	171	1.9000	1.6000	118.75	
18:00:49	0	168.4	171	2.0000	1.6000	125.00	
18:00:50	0	168.2	172	2.1000	1.7000	123.53	
18:00:51	0	168.1	172	2.1000	1.8000	116.67	
18:00:52	0	168.1	173	2.0000	1.8000	111.11	
18:00:53	0	168.0	173	2.1000	1.7000	123.53	
18:00:54	0	168.0	174	2.1000	1.6000	131.25	
18:00:55	0	167.9	174	2.0000	1.6000	125.00	
18:00:56	0	167.8	175	1.9000	1.6000	118.75	
18:00:57	0	167.7	175	2.0000	1.6000	125.00	
18:00:58	0	167.7	176	2.0000	1.6000	125.00	
18:00:59	0	167.7	176	2.1000	1.7000	123.53	
18:01:00	0	167.5	177	2.1000	1.7000	123.53	
18:01:01	0	167.4	177	1.9000	1.7000	111.76	
18:01:02	0	167.4	178	1.9000	1.7000	111.76	
18:01:03	0	167.2	178	2.1000	1.7000	123.53	
18:01:04	0	167.0	179	2.0000	1.8000	111.11	
18:01:05	0	167.0	179	1.9000	1.7000	111.76	
18:01:06	0	166.8	180	1.9000	1.6000	118.75	
18:01:07	0	166.8	180	1.8000	1.6000	112.50	
18:01:08	0	166.7	181	2.0000	1.6000	125.00	
18:01:09	0	166.7	181	2.1000	1.6000	131.25	
18:01:10	0	166.7	182	1.9000	1.6000	118.75	
18:01:11	0	166.4	182	2.1000	1.7000	123.53	
18:01:12	0	166.4	183	2.1000	1.7000	123.53	
18:01:13	0	166.3	183	2.1000	1.7000	123.53	
18:01:14	0	166.2	184	2.0000	1.7000	117.65	
18:01:15	0	166.2	184	1.8000	1.6000	112.50	
18:01:16	0	165.9	185	1.9000	1.6000	118.75	
18:01:17	0	165.9	185	1.9000	1.6000	118.75	
18:01:18	0	165.8	186	2.0000	1.6000	125.00	
18:01:19	0	165.6	186	2.1000	1.7000	123.53	
18:01:20	0	165.5	186	1.9000	1.7000	111.76	
18:01:21	0	165.5	187	1.8000	1.7000	105.88	
18:01:22	0	165.3	187	2.0000	1.6000	125.00	
18:01:23	0	165.2	188	2.1000	1.7000	123.53	
18:01:24	0	165.3	188	1.9000	1.7000	111.76	
18:01:25	0	165.2	189	2.0000	1.6000	125.00	
18:01:26	0	165.1	189	2.1000	1.6000	131.25	
18:01:27	0	164.9	190	2.0000	1.7000	117.65	
18:01:28	0	164.8	190	1.9000	1.7000	111.76	
18:01:29	0	164.7	191	2.0000	1.6000	125.00	
18:01:30	0	164.6	191	1.9000	1.6000	118.75	
18:01:31	0	164.4	192	2.1000	1.6000	131.25	
18:01:32	0	164.3	192	2.1000	1.7000	123.53	
18:01:33	0	164.1	193	1.8000	1.7000	105.88	
18:01:34	0	164.2	193	1.8000	1.6000	112.50	
18:01:35	0	164.0	194	2.1000	1.6000	131.25	
18:01:36	0	163.8	194	2.2000	1.8000	122.22	
18:01:37	0	163.8	195	2.0000	1.8000	111.11	
18:01:38	0	163.7	195	1.9000	1.7000	111.76	
18:01:39	0	163.7	196	2.0000	1.6000	125.00	
18:01:40	0	163.4	196	2.1000	1.7000	123.53	
18:01:41	0	163.4	197	2.1000	1.8000	116.67	
18:01:42	0	163.4	197	1.8000	1.7000	105.88	
18:01:43	0	163.3	198	2.0000	1.6000	125.00	
18:01:44	0	163.1	198	2.1000	1.7000	123.53	
18:01:45	0	163.0	199	1.9000	1.6000	118.75	
18:01:46	0	162.7	199	1.9000	1.7000	111.76	
18:01:47	0	162.6	200	1.9000	1.6000	118.75	
18:01:48	0	162.5	200	1.8000	1.6000	112.50	
18:01:49	0	162.3	201	1.8000	1.6000	112.50	
18:01:50	0	162.1	201	1.9000	1.6000	118.75	
18:01:51	0	161.9	202	2.0000	1.6000	125.00	
18:01:52	0	161.7	202	1.9000	1.7000	111.76	
18:01:53	0	161.6	203	1.8000	1.6000	112.50	
18:01:54	0	161.5	203	1.8000	1.6000	112.50	
18:01:55	0	161.3	204	1.8000	1.6000	112.50	
18:01:56	0	161.2	204	2.0000	1.6000	125.00	
18:01:57	0	161.1	205	2.1000	1.8000	116.67	
18:01:58	0	161.0	205	2.0000	1.8000	111.11	
18:01:59	0	160.8	206	2.1000	1.8000	116.67	
18:02:00	0	160.8	206	2.1000	1.7000	123.53	
18:02:01	1	160.6	0	1.9000	1.6000	118.75	
18:02:02	1	160.5	1	2.1000	1.6000	131.25	
18:02:03	1	160.3	1	2.0000	1.6000	125.00	
18:02:04	1	160.3	1	1.8000	1.6000	112.50	
18:02:05	1	160.1	2	1.8000	1.5000	120.00	
18:02:06	1	159.7	2	1.8000	1.5000	120.00	
18:02:07	1	159.4	3	1.6000	1.5000	106.67	
18:02:08	1	159.1	3	1.5000	1.6000	93.75	
18:02:09	1	159.0	3	1.4000	1.4000	100.00	
18:02:10	1	158.8	4	1.6000	1.4000	114.29	
18:02:11	1	158.5	4	1.8000	1.6000	112.50	
18:02:12	1	158.3	5	1.6000	1.5000	106.67	
18:02:13	1	157.9	5	1.6000	1.5000	106.67	
18:02:14	1	157.6	6	1.6000	1.6000	100.00	
18:02:15	1	157.4	6	1.5000	1.7000	88.24	
18:02:16	1	157.2	6	1.4000	1.6000	87.50	
18:02:17	1	157.0	7	1.6000	1.6000	100.00	
18:02:18	1	156.8	7	1.6000	1.6000	100.00	
18:02:19	1	156.5	7	1.6000	1.6000	100.00	
18:02:20	1	156.3	8	1.6000	1.6000	100.00	
18:02:21	1	156.1	8	1.7000	1.7000	100.00	
18:02:22	1	155.8	9	1.8000	1.7000	105.88	
18:02:23	1	155.7	9	1.7000	1.7000	100.00	
18:02:24	1	155.5	10	1.6000	1.7000	94.12	
18:02:25	1	155.4	10	1.7000	1.6000	106.25	
18:02:26	1	155.1	10	1.7000	1.6000	106.25	
18:02:27	1	154.9	11	1.6000	1.6000	100.00	
18:02:28	1	154.6	11	1.6000	1.6000	100.00	
18:02:29	1	154.6	12	1.5000	1.6000	93.75	
18:02:30	1	154.3	12	1.7000	1.6000	106.25	
18:02:31	1	153.9	12	1.7000	1.6000	106.25	
18:02:32	1	153.8	13	1.6000	1.6000	100.00	
18:02:33	1	153.6	13	1.6000	1.6000	100.00	
18:02:34	1	153.4	14	1.6000	1.6000	100.00	
18:02:35	1	153.0	14	1.7000	1.6000	106.25	
18:02:36	1	152.8	15	1.6000	1.7000	94.12	
18:02:37	1	152.6	15	1.5000	1.6000	93.75	
18:02:38	1	152.4	15	1.6000	1.6000	100.00	
18:02:39	1	152.1	16	1.8000	1.7000	105.88	
18:02:40	1	152.0	16	1.8000	1.7000	105.88	
18:02:41	1	151.8	17	1.8000	1.6000	112.50	
18:02:42	1	151.7	17	1.8000	1.6000	112.50	
18:02:43	1	151.6	18	1.8000	1.6000	112.50	
18:02:44	1	151.4	18	1.7000	1.6000	106.25	
18:02:45	1	151.3	18	1.6000	1.6000	100.00	
18:02:46	1	150.9	19	1.8000	1.7000	105.88	
18:02:47	1	150.8	19	1.6000	1.7000	94.12	
18:02:48	1	150.6	20	1.6000	1.7000	94.12	
18:02:49	1	150.4	20	1.7000	1.6000	106.25	
18:02:50	1	150.2	20	1.6000	1.5000	106.67	
18:02:51	1	150.0	21	1.7000	1.6000	106.25	
18:02:52	1	149.8	21	1.7000	1.7000	100.00	
18:02:53	1	149.5	22	1.6000	1.7000	94.12	
18:02:54	1	149.3	22	1.5000	1.7000	88.24	
18:02:55	1	149.1	22	1.6000	1.7000	94.12	
18:02:56	1	148.8	23	1.8000	1.7000	105.88	
18:02:57	1	148.8	23	1.7000	1.6000	106.25	
18:02:58	1	148.7	24	1.6000	1.6000	100.00	
18:02:59	1	148.4	24	1.8000	1.6000	112.50	
18:03:00	1	148.3	25	1.8000	1.6000	112.50	
18:03:01	1	147.9	25	1.7000	1.7000	100.00	
18:03:02	1	147.7	25	1.6000	1.6000	100.00	
18:03:03	1	147.6	26	1.6000	1.6000	100.00	
18:03:04	1	147.3	26	1.6000	1.6000	100.00	
18:03:05	1	147.1	27	1.6000	1.6000	100.00	
18:03:06	1	146.8	27	1.6000	1.6000	100.00	
18:03:07	1	146.6	27	1.6000	1.6000	100.00	
18:03:08	1	146.2	28	1.6000	1.6000	100.00	
18:03:09	1	145.9	28	1.5000	1.6000	93.75	
18:03:10	1	145.8	29	1.5000	1.6000	93.75	
18:03:11	1	145.5	29	1.6000	1.6000	100.00	
18:03:12	1	145.1	29	1.7000	1.6000	106.25	
18:03:13	1	144.8	30	1.6000	1.7000	94.12	
18:03:14	1	144.7	30	1.6000	1.7000	94.12	
18:03:15	1	144.6	31	1.6000	1.6000	100.00	
18:03:16	1	144.3	31	1.7000	1.6000	106.25	
18:03:17	1	144.0	32	1.7000	1.6000	106.25	
18:03:18	1	143.7	32	1.6000	1.6000	100.00	
18:03:19	1	143.5	32	1.5000	1.6000	93.75	
18:03:20	1	143.3	33	1.6000	1.6000	100.00	
18:03:21	1	142.9	33	1.7000	1.6000	106.25	
18:03:22	1	142.7	34	1.6000	1.6000	100.00	
18:03:23	1	142.3	34	1.6000	1.7000	94.12	
18:03:24	1	142.2	34	1.5000	1.6000	93.75	
18:03:25	1	142.1	35	1.6000	1.6000	100.00	
18:03:26	1	141.7	35	1.8000	1.7000	105.88	
18:03:27	1	141.4	36	1.6000	1.7000	94.12	
18:03:28	1	141.2	36	1.5000	1.6000	93.75	
18:03:29	1	141.1	36	1.8000	1.6000	112.50	
18:03:30	1	140.8	37	1.8000	1.6000	112.50	
18:03:31	1	140.6	37	1.6000	1.5000	106.67	
18:03:32	1	140.3	38	1.6000	1.5000	106.67	
18:03:33	1	140.0	38	1.6000	1.6000	100.00	
18:03:34	1	139.7	38	1.6000	1.6000	100.00	
18:03:35	1	139.5	39	1.5000	1.5000	100.00	
18:03:36	1	139.2	39	1.6000	1.5000	106.67	
18:03:37	1	138.9	40	1.6000	1.5000	106.67	
18:03:38	1	138.6	40	1.6000	1.5000	106.67	
18:03:39	1	138.5	40	1.6000	1.5000	106.67	
18:03:40	1	138.2	41	1.6000	1.5000	106.67	
18:03:41	1	137.8	41	1.8000	1.6000	112.50	
18:03:42	1	137.6	42	1.6000	1.6000	100.00	
18:03:43	1	137.5	42	1.6000	1.5000	106.67	
18:03:44	1	137.2	43	1.6000	1.6000	100.00	
18:03:45	1	137.0	43	1.6000	1.6000	100.00	
18:03:46	1	136.5	43	1.8000	1.6000	112.50	
18:03:47	1	136.4	44	1.8000	1.6000	112.50	
18:03:48	1	136.2	44	1.6000	1.4000	114.29	
18:03:49	1	136.0	45	1.6000	1.4000	114.29	
18:03:50	1	135.6	45	1.7000	1.5000	113.33	
18:03:51	1	135.3	45	1.6000	1.5000	106.67	
18:03:52	1	135.0	46	1.6000	1.4000	114.29	
18:03:53	1	134.7	46	1.6000	1.6000	100.00	
18:03:54	1	134.5	47	1.6000	1.6000	100.00	
18:03:55	1	134.3	47	1.7000	1.6000	106.25	
18:03:56	1	134.0	48	1.7000	1.6000	106.25	
18:03:57	1	133.8	48	1.6000	1.6000	100.00	
18:03:58	1	133.5	48	1.5000	1.5000	100.00	
18:03:59	1	133.3	49	1.6000	1.5000	106.67	
18:04:00	1	132.8	49	1.8000	1.6000	112.50	
18:04:01	1	132.5	50	1.6000	1.6000	100.00	
18:04:02	1	132.3	50	1.5000	1.5000	100.00	
18:04:03	1	132.0	50	1.7000	1.6000	106.25	
18:04:04	1	131.9	51	1.7000	1.6000	106.25	
18:04:05	1	131.6	51	1.6000	1.6000	100.00	
18:04:06	1	131.4	52	1.7000	1.6000	106.25	
18:04:07	1	131.1	52	1.7000	1.6000	106.25	
18:04:08	1	130.8	53	1.7000	1.6000	106.25	
18:04:09	1	130.5	53	1.6000	1.6000	100.00	
18:04:10	1	130.2	53	1.6000	1.5000	106.67	
18:04:11	1	129.8	54	1.6000	1.5000	106.67	
18:04:12	1	129.4	54	1.7000	1.6000	106.25	
18:04:13	2	129.1	0	1.6000	1.6000	100.00	
18:04:14	2	128.9	0	1.4000	1.5000	93.33	
18:04:15	2	128.6	1	1.6000	1.5000	106.67	
18:04:16	2	128.2	1	1.8000	1.6000	112.50	
18:04:17	2	128.0	1	1.5000	1.6000	93.75	
18:04:18	2	127.7	2	1.6000	1.6000	100.00	
18:04:19	2	127.4	2	1.7000	1.6000	106.25	
18:04:20	2	127.2	3	1.4000	1.6000	87.50	
18:04:21	2	126.9	3	1.5000	1.6000	93.75	
18:04:22	2	126.5	3	1.7000	1.6000	106.25	
18:04:23	2	126.4	4	1.5000	1.6000	93.75	
18:04:24	2	125.9	4	1.6000	1.6000	100.00	
18:04:25	2	125.6	5	1.8000	1.7000	105.88	
18:04:26	2	125.3	5	1.6000	1.6000	100.00	
18:04:27	2	125.0	5	1.5000	1.6000	93.75	
18:04:28	2	124.7	6	1.5000	1.6000	93.75	
18:04:29	2	124.5	6	1.5000	1.6000	93.75	
18:04:30	2	123.9	7	1.5000	1.6000	93.75	
18:04:31	2	123.6	7	1.4000	1.6000	87.50	
18:04:32	2	123.3	7	1.4000	1.6000	87.50	
18:04:33	2	123.1	8	1.4000	1.5000	93.33	
18:04:34	2	122.6	8	1.6000	1.5000	106.67	
18:04:35	2	122.3	8	1.5000	1.6000	93.75	
18:04:36	2	122.1	9	1.4000	1.5000	93.33	
18:04:37	2	121.8	9	1.6000	1.6000	100.00	
18:04:38	2	121.4	10	1.6000	1.6000	100.00	
18:04:39	2	121.1	10	1.6000	1.6000	100.00	
18:04:40	2	120.9	10	1.6000	1.7000	94.12	
18:04:41	2	120.7	11	1.5000	1.6000	93.75	
18:04:42	2	120.2	11	1.6000	1.6000	100.00	
18:04:43	2	119.9	11	1.4000	1.6000	87.50	
18:04:44	2	119.6	12	1.4000	1.5000	93.33	
18:04:45	2	119.2	12	1.6000	1.6000	100.00	
18:04:46	2	118.8	13	1.5000	1.6000	93.75	
18:04:47	2	118.5	13	1.4000	1.5000	93.33	
18:04:48	2	118.1	13	1.6000	1.5000	106.67	
18:04:49	2	117.7	14	1.5000	1.5000	100.00	
18:04:50	2	117.4	14	1.4000	1.5000	93.33	
18:04:51	2	117.0	15	1.6000	1.6000	100.00	
18:04:52	2	116.6	15	1.6000	1.6000	100.00	
18:04:53	2	116.3	15	1.4000	1.6000	87.50	
18:04:54	2	115.9	16	1.5000	1.6000	93.75	
18:04:55	2	115.5	16	1.6000	1.6000	100.00	
18:04:56	2	115.2	16	1.5000	1.6000	93.75	
18:04:57	2	115.1	17	1.4000	1.6000	87.50	
18:04:58	2	114.8	17	1.6000	1.5000	106.67	
18:04:59	2	114.3	18	1.7000	1.6000	106.25	
18:05:00	2	114.0	18	1.5000	1.6000	93.75	
18:05:01	2	113.6	18	1.5000	1.6000	93.75	
18:05:02	2	113.2	19	1.5000	1.6000	93.75	
18:05:03	2	112.9	19	1.4000	1.6000	87.50	
18:05:04	2	112.4	19	1.5000	1.6000	93.75	
18:05:05	2	112.2	20	1.6000	1.6000	100.00	
18:05:06	2	111.7	20	1.6000	1.6000	100.00	
18:05:07	2	111.3	21	1.6000	1.6000	100.00	
18:05:08	2	111.0	21	1.6000	1.6000	100.00	
18:05:09	2	110.8	21	1.5000	1.4000	107.14	
18:05:10	2	110.4	22	1.6000	1.4000	114.29	
18:05:11	2	110.0	22	1.7000	1.5000	113.33	
18:05:12	2	109.6	23	1.6000	1.5000	106.67	
18:05:13	3	109.2	0	1.5000	1.6000	93.75	
18:05:14	3	108.9	0	1.5000	1.6000	93.75	
18:05:15	3	108.5	1	1.6000	1.5000	106.67	
18:05:16	3	108.1	1	1.6000	1.6000	100.00	
18:05:17	3	107.9	1	1.4000	1.6000	87.50	
18:05:18	3	107.6	2	1.4000	1.4000	100.00	
18:05:19	3	107.1	2	1.6000	1.5000	106.67	
18:05:20	3	106.8	3	1.7000	1.6000	106.25	
18:05:21	3	106.5	3	1.6000	1.6000	100.00	
18:05:22	3	106.0	3	1.5000	1.6000	93.75	
18:05:23	3	105.7	4	1.5000	1.6000	93.75	
18:05:24	3	105.3	4	1.4000	1.5000	93.33	
18:05:25	3	104.9	4	1.5000	1.5000	100.00	
18:05:26	3	104.6	5	1.5000	1.4000	107.14	
18:05:27	3	104.2	5	1.5000	1.4000	107.14	
18:05:28	3	103.8	6	1.6000	1.4000	114.29	
18:05:29	3	103.4	6	1.5000	1.5000	100.00	
18:05:30	3	103.0	6	1.6000	1.6000	100.00	
18:05:31	3	102.6	7	1.5000	1.6000	93.75	
18:05:32	3	102.2	7	1.4000	1.6000	87.50	
18:05:33	3	101.9	7	1.4000	1.6000	87.50	
18:05:34	3	101.5	8	1.5000	1.5000	100.00	
18:05:35	3	101.2	8	1.6000	1.5000	106.67	
18:05:36	3	100.6	9	1.5000	1.5000	100.00	
18:05:37	3	100.2	9	1.4000	1.6000	87.50	
18:05:38	3	99.8	9	1.3000	1.6000	81.25	
18:05:39	3	99.5	10	1.6000	1.6000	100.00	
18:05:40	3	99.2	10	1.6000	1.6000	100.00	
18:05:41	3	98.7	11	1.6000	1.6000	100.00	
18:05:42	3	98.4	11	1.6000	1.6000	100.00	
18:05:43	3	97.8	11	1.6000	1.7000	94.12	
18:05:44	3	97.6	12	1.5000	1.7000	88.24	
18:05:45	3	97.3	12	1.4000	1.6000	87.50	
18:05:46	3	96.8	13	1.7000	1.6000	106.25	
18:05:47	3	96.3	13	1.8000	1.8000	100.00	
18:05:48	3	96.0	13	1.6000	1.8000	88.89	
18:05:49	3	95.8	14	1.4000	1.6000	87.50	
18:05:50	3	95.4	14	1.6000	1.6000	100.00	
18:05:51	3	95.0	15	1.8000	1.6000	112.50	
18:05:52	3	94.4	15	1.6000	1.6000	100.00	
18:05:53	3	94.0	15	1.5000	1.7000	88.24	
18:05:54	3	93.8	16	1.6000	1.6000	100.00	
18:05:55	3	93.4	16	1.6000	1.6000	100.00	
18:05:56	3	93.0	16	1.6000	1.7000	94.12	
18:05:57	3	92.5	17	1.4000	1.8000	77.78	
18:05:58	3	92.2	17	1.5000	1.8000	83.33	
18:05:59	3	91.8	18	1.6000	1.6000	100.00	
18:06:00	3	91.4	18	1.6000	1.6000	100.00	
18:06:01	3	91.0	18	1.6000	1.7000	94.12	
18:06:02	3	90.7	19	1.6000	1.6000	100.00	
18:06:03	3	90.3	19	1.6000	1.6000	100.00	
18:06:04	3	90.0	20	1.6000	1.7000	94.12	
18:06:05	3	89.4	20	1.5000	1.7000	88.24	
18:06:06	4	88.9	0	1.4000	1.7000	82.35	
18:06:07	4	88.5	0	1.4000	1.7000	82.35	
18:06:08	4	88.2	1	1.6000	1.7000	94.12	
18:06:09	4	87.8	1	1.6000	1.7000	94.12	
18:06:10	4	87.1	1	1.6000	1.8000	88.89	
18:06:11	4	86.7	2	1.2000	1.7000	70.59	
18:06:12	4	86.4	2	1.2000	1.6000	75.00	
18:06:13	4	86.0	2	1.6000	1.6000	100.00	
18:06:14	4	85.7	3	1.6000	1.7000	94.12	
18:06:15	4	85.4	3	1.6000	1.7000	94.12	
18:06:16	4	84.8	4	1.6000	1.8000	88.89	
18:06:17	4	84.5	4	1.6000	1.8000	88.89	
18:06:18	4	83.9	4	1.6000	1.8000	88.89	
18:06:19	4	83.6	5	1.5000	1.8000	83.33	
18:06:20	4	83.1	5	1.6000	1.7000	94.12	
18:06:21	4	82.8	6	1.6000	1.7000	94.12	
18:06:22	4	82.4	6	1.7000	1.8000	94.44	
18:06:23	4	82.0	6	1.8000	1.8000	100.00	
18:06:24	4	81.6	7	1.6000	1.8000	88.89	
18:06:25	4	81.2	7	1.6000	1.7000	94.12	
18:06:26	4	80.8	8	1.6000	1.7000	94.12	
18:06:27	4	80.3	8	1.6000	1.8000	88.89	
18:06:28	4	79.9	8	1.5000	1.8000	83.33	
18:06:29	4	79.5	9	1.5000	1.7000	88.24	
18:06:30	4	79.0	9	1.6000	1.7000	94.12	
18:06:31	4	78.6	10	1.6000	1.8000	88.89	
18:06:32	4	78.2	10	1.4000	1.8000	77.78	
18:06:33	4	77.9	10	1.4000	1.6000	87.50	
18:06:34	4	77.2	11	1.7000	1.7000	100.00	
18:06:35	4	76.8	11	1.7000	1.8000	94.44	
18:06:36	4	76.4	12	1.6000	1.8000	88.89	
18:06:37	4	76.1	12	1.8000	1.8000	100.00	
18:06:38	4	75.6	12	1.8000	1.8000	100.00	
18:06:39	4	75.2	13	1.7000	1.8000	94.44	
18:06:40	4	74.7	13	1.7000	1.8000	94.44	
18:06:41	4	74.3	14	1.7000	1.8000	94.44	
18:06:42	4	73.9	14	1.7000	1.8000	94.44	
18:06:43	4	73.4	15	1.6000	1.8000	88.89	
18:06:44	4	73.0	15	1.5000	1.8000	83.33	
18:06:45	4	72.5	15	1.6000	1.8000	88.89	
18:06:46	4	72.0	16	1.6000	1.8000	88.89	
18:06:47	4	71.6	16	1.5000	1.7000	88.24	
18:06:48	4	71.2	17	1.6000	1.7000	94.12	
18:06:49	4	70.7	17	1.7000	1.8000	94.44	
18:06:50	4	70.4	17	1.7000	1.8000	94.44	
18:06:51	4	70.0	18	1.6000	1.7000	94.12	
18:06:52	4	69.5	18	1.6000	1.8000	88.89	
18:06:53	4	69.1	19	1.6000	1.7000	94.12	
18:06:54	4	68.7	19	1.6000	1.6000	100.00	
18:06:55	4	68.4	19	1.5000	1.6000	93.75	
18:06:56	4	67.9	20	1.8000	1.7000	105.88	
18:06:57	4	67.6	20	1.7000	1.6000	106.25	
18:06:58	4	67.2	21	1.5000	1.6000	93.75	
18:06:59	4	66.7	21	1.7000	1.7000	100.00	
18:07:00	4	66.2	21	1.6000	1.7000	94.12	
18:07:01	4	65.8	22	1.5000	1.6000	93.75	
18:07:02	4	65.4	22	1.6000	1.6000	100.00	
18:07:03	4	65.1	23	1.6000	1.6000	100.00	
18:07:04	4	64.7	23	1.6000	1.6000	100.00	
18:07:05	4	64.2	23	1.6000	1.7000	94.12	
18:07:06	4	63.7	24	1.6000	1.8000	88.89	
18:07:07	4	63.3	24	1.5000	1.7000	88.24	
18:07:08	4	63.0	25	1.4000	1.6000	87.50	
18:07:09	4	62.6	25	1.6000	1.6000	100.00	
18:07:10	4	62.1	25	1.6000	1.6000	100.00	
18:07:11	4	61.8	26	1.6000	1.6000	100.00	
18:07:12	4	61.3	26	1.6000	1.6000	100.00	
18:07:13	4	60.9	26	1.6000	1.6000	100.00	
18:07:14	4	60.3	27	1.6000	1.6000	100.00	
18:07:15	4	59.9	27	1.6000	1.6000	100.00	
18:07:16	4	59.6	28	1.4000	1.5000	93.33	
18:07:17	4	59.2	28	1.5000	1.6000	93.75	
18:07:18	4	58.8	28	1.6000	1.6000	100.00	
18:07:19	4	58.3	29	1.6000	1.7000	94.12	
18:07:20	4	57.9	29	1.5000	1.7000	88.24	
18:07:21	4	57.4	30	1.5000	1.6000	93.75	
18:07:22	4	56.9	30	1.6000	1.7000	94.12	
18:07:23	4	56.5	30	1.4000	1.6000	87.50	
18:07:24	4	56.1	31	1.4000	1.6000	87.50	
18:07:25	4	55.6	31	1.6000	1.6000	100.00	
18:07:26	4	55.2	32	1.6000	1.6000	100.00	
18:07:27	4	54.7	32	1.6000	1.6000	100.00	
18:07:28	4	54.2	32	1.5000	1.6000	93.75	
18:07:29	4	53.7	33	1.4000	1.6000	87.50	
18:07:30	4	53.3	33	1.4000	1.6000	87.50	
18:07:31	4	52.8	33	1.6000	1.7000	94.12	
18:07:32	4	52.2	34	1.6000	1.7000	94.12	
18:07:33	4	51.7	34	1.6000	1.7000	94.12	
18:07:34	4	51.3	35	1.6000	1.7000	94.12	
18:07:35	4	50.8	35	1.6000	1.7000	94.12	
18:07:36	4	50.4	35	1.6000	1.7000	94.12	
18:07:37	4	50.0	36	1.6000	1.7000	94.12	
18:07:38	4	49.6	36	1.5000	1.7000	88.24	
18:07:39	4	49.0	37	1.7000	1.8000	94.44	
18:07:40	4	48.6	37	1.8000	1.8000	100.00	
18:07:41	4	48.2	37	1.6000	1.8000	88.89	
18:07:42	4	47.8	38	1.6000	1.7000	94.12	
18:07:43	4	47.3	38	1.6000	1.7000	94.12	
18:07:44	4	46.8	39	1.5000	1.8000	83.33	
18:07:45	4	46.4	39	1.4000	1.8000	77.78	
18:07:46	4	45.9	39	1.5000	1.8000	83.33	
18:07:47	4	45.3	40	1.4000	1.8000	77.78	
18:07:48	4	44.9	40	1.4000	1.9000	73.68	
18:07:49	4	44.4	40	1.5000	1.8000	83.33	
18:07:50	4	43.8	41	1.5000	1.9000	78.95	
18:07:51	4	43.5	41	1.5000	1.9000	78.95	
18:07:52	4	43.1	42	1.6000	1.8000	88.89	
18:07:53	4	42.7	42	1.8000	1.8000	100.00	
18:07:54	4	42.1	42	1.8000	1.8000	100.00	
18:07:55	4	41.6	43	1.7000	1.9000	89.47	
18:07:56	4	41.1	43	1.7000	1.9000	89.47	
18:07:57	4	40.8	44	1.6000	1.8000	88.89	
18:07:58	4	40.2	44	1.7000	1.8000	94.44	
18:07:59	4	39.7	45	1.8000	1.9000	94.74	
18:08:00	4	39.1	45	1.6000	1.8000	88.89	
18:08:01	4	38.7	45	1.6000	1.8000	88.89	
18:08:02	4	38.2	46	1.7000	1.8000	94.44	
18:08:03	4	37.6	46	1.7000	1.9000	89.47	
18:08:04	4	37.2	47	1.7000	1.9000	89.47	
18:08:05	4	36.7	47	1.7000	1.9000	89.47	
18:08:06	4	36.3	48	1.8000	1.9000	94.74	
18:08:07	4	35.7	48	1.8000	1.8000	100.00	
18:08:08	4	35.3	49	1.8000	2.0000	90.00	
18:08:09	4	34.7	49	1.9000	2.0000	95.00	
18:08:10	4	34.3	49	1.7000	1.8000	94.44	
18:08:11	4	33.9	50	1.6000	1.8000	88.89	
18:08:12	4	33.4	50	1.7000	1.8000	94.44	
18:08:13	4	33.0	51	1.7000	1.9000	89.47	
18:08:14	4	32.4	51	1.6000	1.9000	84.21	
18:08:15	4	31.7	51	1.4000	1.8000	77.78	
18:08:16	4	31.3	52	1.3000	1.8000	72.22	
18:08:17	4	30.8	52	1.3000	1.9000	68.42	
18:08:18	4	30.3	52	1.4000	1.9000	73.68	
18:08:19	4	30.0	53	1.5000	1.8000	83.33	
18:08:20	4	29.4	53	1.6000	1.9000	84.21	
18:08:21	5	29.0	0	1.7000	2.1000	80.95	
18:08:22	5	28.6	0	1.6000	1.9000	84.21	
18:08:23	5	28.0	1	1.6000	1.8000	88.89	
18:08:24	5	27.6	1	1.6000	1.8000	88.89	
18:08:25	5	27.1	2	1.6000	1.8000	88.89	
18:08:26	5	26.5	2	1.8000	1.8000	100.00	
18:08:27	5	26.0	2	1.8000	2.0000	90.00	
18:08:28	5	25.7	3	1.9000	1.9000	100.00	
18:08:29	5	25.1	3	1.9000	1.8000	105.56	
18:08:30	5	24.6	4	1.9000	2.0000	95.00	
18:08:31	5	24.3	4	1.8000	2.0000	90.00	
18:08:32	5	23.9	5	1.8000	1.9000	94.74	
18:08:33	5	23.5	5	2.0000	1.9000	105.26	
18:08:34	5	23.0	6	2.1000	2.1000	100.00	
18:08:35	5	22.5	6	1.9000	2.1000	90.48	
18:08:36	5	22.0	7	1.8000	2.0000	90.00	
18:08:37	5	21.7	7	1.9000	2.0000	95.00	
18:08:38	5	21.3	8	1.9000	2.0000	95.00	
18:08:39	5	20.8	8	1.8000	2.0000	90.00	
18:08:40	5	20.3	9	1.9000	2.1000	90.48	
18:08:41	5	19.7	9	1.9000	2.1000	90.48	
18:08:42	5	19.2	10	2.0000	2.1000	95.24	
18:08:43	5	18.7	10	2.0000	2.1000	95.24	
18:08:44	5	18.3	11	1.9000	2.1000	90.48	
18:08:45	5	17.8	11	1.8000	2.1000	85.71	
18:08:46	5	17.4	12	1.8000	2.0000	90.00	
18:08:47	5	16.9	12	1.9000	1.9000	100.00	
18:08:48	5	16.3	12	1.9000	2.1000	90.48	
18:08:49	5	15.8	13	1.8000	2.1000	85.71	
18:08:50	5	15.1	13	1.6000	2.1000	76.19	
18:08:51	5	14.6	14	1.4000	2.1000	66.67	
18:08:52	5	14.0	14	1.4000	2.1000	66.67	
18:08:53	5	13.6	14	1.6000	2.1000	76.19	
18:08:54	5	13.2	15	1.6000	2.1000	76.19	
18:08:55	5	12.8	15	1.6000	2.1000	76.19	
18:08:56	5	12.3	16	1.7000	2.1000	80.95	
18:08:57	5	11.7	16	1.9000	2.2000	86.36	
18:08:58	5	11.3	17	1.7000	2.2000	77.27	
18:08:59	5	10.8	17	1.6000	2.0000	80.00	
18:09:00	5	10.2	18	2.0000	2.0000	100.00	
18:09:01	5	9.8	18	2.0000	2.1000	95.24	
18:09:02	5	9.1	18	1.7000	2.2000	77.27	
18:09:03	5	8.8	19	1.4000	2.1000	66.67	
18:09:04	5	8.2	19	1.5000	2.1000	71.43	
18:09:05	5	7.6	20	1.7000	2.1000	80.95	
18:09:06	5	7.0	20	1.6000	2.1000	76.19	
18:09:07	5	6.5	20	1.8000	2.1000	85.71	
18:09:08	5	6.2	21	1.9000	2.1000	90.48	
18:09:09	5	5.8	21	2.0000	2.1000	95.24	
18:09:10	5	5.4	22	2.1000	2.1000	100.00	
18:09:11	5	5.0	22	2.1000	2.1000	100.00	
18:09:12	5	4.3	23	1.9000	2.1000	90.48	
18:09:13	5	4.0	23	1.7000	2.0000	85.00	
18:09:14	5	3.6	24	1.9000	2.0000	95.00	
18:09:15	5	3.2	24	2.1000	2.0000	105.00	
18:09:16	5	3.0	25	1.8000	1.8000	100.00	
18:09:17	5	2.8	25	1.6000	1.7000	94.12	
18:09:18	5	2.6	26	1.7000	1.7000	100.00	
18:09:19	5	2.4	26	1.8000	1.7000	105.88	
18:09:20	5	2.0	26	1.7000	1.7000	100.00	
18:09:21	5	1.7	27	1.6000	1.7000	94.12	
18:09:22	5	1.3	27	1.8000	1.6000	112.50	
18:09:23	5	1.0	28	2.0000	1.7000	117.65	
18:09:24	5	0.9	28	2.0000	1.7000	117.65	
18:09:25	5	0.6	29	2.0000	1.7000	117.65	
18:09:26	5	0.6	29	1.8000	1.8000	100.00	
18:09:27	5	0.3	30	1.8000	1.8000	100.00	
18:09:28	5	0.1	30	2.1000	1.7000	123.53	
18:09:29	5	-0.1	31	2.3000	1.7000	135.29	
18:09:30	5	-0.3	31	2.5000	1.9000	131.58	
18:09:31	5	-0.3	32	2.3000	2.1000	109.52	
18:09:32	5	-0.3	33	2.1000	2.1000	100.00	
18:09:33	5	-0.4	33	2.0000	1.9000	105.26	
18:09:34	5	-0.4	33	1.5000	1.8000	83.33	
18:09:35	5	-0.4	33	0.6000	1.4000	42.86	
18:09:36	5	-0.4	33	0.1000	0.5000	20.00	
18:09:37	5	-0.4	33	0.0000	0.0000	0.00	
18:09:38	5	-0.4	33	0.0000	0.0000	0.00	
18:09:39	5	-0.3	33	0.0000	0.0000	0.00	
18:09:40	5	-0.3	33	0.0000	0.0000	0.00	
18:09:41	5	-0.3	33	0.0000	0.0000	0.00	
18:09:42	5	-0.3	33	0.0000	0.0000	0.00	
18:09:43	5	-0.3	33	0.0000	0.0000	0.00	
18:09:44	5	-0.3	33	0.0000	0.0000	0.00	
18:09:45	5	-0.3	33	0.0000	0.0000	0.00	
18:09:46	5	-0.3	33	0.0000	0.0000	0.00	
18:09:47	5	-0.3	33	0.0000	0.0000	0.00	
18:09:48	5	-0.3	33	0.0000	0.0000	0.00	
18:09:49	5	-0.3	33	0.0000	0.0000	0.00	
18:09:50	5	-0.3	33	0.0000	0.0000	0.00	
18:09:51	5	-0.3	33	0.0000	0.0000	0.00	
18:09:52	5	-0.3	33	0.0000	0.0000	0.00	
18:09:53	5	-0.3	33	0.0000	0.0000	0.00	
18:09:54	5	-0.3	33	0.0000	0.0000	0.00	
18:09:55	5	-0.3	33	0.0000	0.0000	0.00	
18:09:56	5	-0.3	33	0.0000	0.0000	0.00	
18:09:57	5	-0.2	33	0.0000	0.0000	0.00	
18:09:58	5	-0.3	33	0.0000	0.0000	0.00	
18:09:59	5	-0.3	33	0.0000	0.0000	0.00	
18:10:00	5	-0.3	33	0.0000	0.0000	0.00	
18:10:01	5	-0.3	33	0.0000	0.0000	0.00	
18:10:02	5	-0.3	33	0.0000	0.0000	0.00	
18:10:03	5	-0.3	33	0.0000	0.0000	0.00	
18:10:04	5	-0.3	33	0.0000	0.0000	0.00	
18:10:05	5	-0.2	33	0.0000	0.0000	0.00	
18:10:06	5	-0.2	33	0.0000	0.0000	0.00	
18:10:07	5	-0.2	33	0.0000	0.0000	0.00	
18:10:08	5	-0.2	33	0.0000	0.0000	0.00	
18:10:09	5	-0.2	33	0.0000	0.0000	0.00	
18:10:10	5	-0.2	33	0.0000	0.0000	0.00	
18:10:11	5	-0.3	33	0.0000	0.0000	0.00	
18:10:12	5	-0.3	33	0.0000	0.0000	0.00	
18:10:13	5	-0.3	33	0.0000	0.0000	0.00	
18:10:14	5	-0.3	33	0.0000	0.0000	0.00	
18:10:15	5	-0.3	33	0.0000	0.0000	0.00	
18:10:16	5	-0.3	33	0.0000	0.0000	0.00	
18:10:17	5	-0.3	33	0.0000	0.0000	0.00	
18:10:18	5	-0.3	33	0.0000	0.0000	0.00	
18:10:19	5	-0.3	33	0.0000	0.0000	0.00	
18:10:20	5	-0.3	33	0.0000	0.0000	0.00	
18:10:21	5	-0.3	33	0.0000	0.0000	0.00	
18:10:22	5	-0.3	33	0.0000	0.0000	0.00	
18:10:23	5	-0.3	33	0.0000	0.0000	0.00	
18:10:24	5	-0.3	33	0.0000	0.0000	0.00	
18:10:25	5	-0.3	33	0.0000	0.0000	0.00	
18:10:26	5	-0.3	33	0.0000	0.0000	0.00	
18:10:27	5	-0.3	33	0.0000	0.0000	0.00	
18:10:28	5	-0.3	33	0.0000	0.0000	0.00	
18:10:29	5	-0.3	33	0.0000	0.0000	0.00	
18:10:30	5	-0.3	33	0.0000	0.0000	0.00	
18:10:31	5	-0.3	33	0.0000	0.0000	0.00	
18:10:32	5	-0.3	33	0.0000	0.0000	0.00	
18:10:33	5	-0.3	33	0.0000	0.0000	0.00	
18:10:34	5	-0.3	33	0.0000	0.0000	0.00	
18:10:35	5	-0.3	33	0.0000	0.0000	0.00	
18:10:36	5	-0.3	33	0.0000	0.0000	0.00	
18:10:37	5	-0.3	33	0.0000	0.0000	0.00	
18:10:38	5	-0.3	33	0.0000	0.0000	0.00	
18:10:39	5	-0.3	33	0.0000	0.0000	0.00	
18:10:40	5	-0.3	33	0.0000	0.0000	0.00	
18:10:41	5	-0.3	33	0.0000	0.0000	0.00	
18:10:42	5	-0.3	33	0.0000	0.0000	0.00	
18:10:43	5	-0.3	33	0.0000	0.0000	0.00	
18:10:44	5	-0.3	33	0.0000	0.0000	0.00	
18:10:45	5	-0.3	33	0.0000	0.0000	0.00	
18:10:46	5	-0.3	33	0.0000	0.0000	0.00	
18:10:47	5	-0.3	33	0.0000	0.0000	0.00	
18:10:48	5	-0.3	33	0.0000	0.0000	0.00	
18:10:49	5	-0.3	33	0.0000	0.0000	0.00	
18:10:50	5	-0.3	33	0.0000	0.0000	0.00	
18:10:51	5	-0.3	33	0.0000	0.0000	0.00	
18:10:52	5	-0.3	33	0.0000	0.0000	0.00	
18:10:53	5	-0.3	33	0.0000	0.0000	0.00	
18:10:54	5	-0.3	33	0.0000	0.0000	0.00	
18:10:55	5	-0.3	33	0.0000	0.0000	0.00	
18:10:56	5	-0.3	33	0.0000	0.0000	0.00	
18:10:57	5	-0.3	33	0.0000	0.0000	0.00	
18:10:58	5	-0.3	33	0.0000	0.0000	0.00	
18:10:59	5	-0.3	33	0.0000	0.0000	0.00	
18:11:00	5	-0.3	33	0.0000	0.0000	0.00	
18:11:01	5	-0.3	33	0.0000	0.0000	0.00	
18:11:02	5	-0.3	33	0.0000	0.0000	0.00	
18:11:03	5	-0.3	33	0.0000	0.0000	0.00	
18:11:04	5	-0.3	33	0.0000	0.0000	0.00	
18:11:05	5	-0.3	33	0.0000	0.0000	0.00	
18:11:06	5	-0.3	33	0.0000	0.0000	0.00	
18:11:07	5	-0.3	33	0.0000	0.0000	0.00	
18:11:08	5	-0.3	33	0.0000	0.0000	0.00	
18:11:09	5	-0.3	33	0.0000	0.0000	0.00	
18:11:10	5	-0.3	33	0.0000	0.0000	0.00	
18:11:11	5	-0.3	33	0.0000	0.0000	0.00	
18:11:12	5	-0.3	33	0.0000	0.0000	0.00	
18:11:13	5	-0.3	33	0.0000	0.0000	0.00	
18:11:14	5	-0.3	33	0.0000	0.0000	0.00	
18:11:15	5	-0.3	33	0.0000	0.0000	0.00	
18:11:16	5	-0.3	33	0.0000	0.0000	0.00	
18:11:17	5	-0.3	33	0.0000	0.0000	0.00	
18:11:18	5	-0.3	33	0.0000	0.0000	0.00	
18:11:19	5	-0.3	33	0.0000	0.0000	0.00	
18:11:20	5	-0.3	33	0.0000	0.0000	0.00	
18:11:21	5	-0.3	33	0.0000	0.0000	0.00	
18:11:22	5	-0.3	33	0.0000	0.0000	0.00	
18:11:23	5	-0.3	33	0.0000	0.0000	0.00	
18:11:24	5	-0.3	33	0.0000	0.0000	0.00	
18:11:25	5	-0.3	33	0.0000	0.0000	0.00	
18:11:26	5	-0.3	33	0.0000	0.0000	0.00	
18:11:27	5	-0.3	33	0.0000	0.0000	0.00	
18:11:28	5	-0.3	33	0.0000	0.0000	0.00	
18:11:29	5	-0.3	33	0.0000	0.0000	0.00	
18:11:30	5	-0.3	33	0.0000	0.0000	0.00	
18:11:31	5	-0.3	33	0.0000	0.0000	0.00	
18:11:32	5	-0.3	33	0.0000	0.0000	0.00	
18:11:33	5	-0.3	33	0.0000	0.0000	0.00	
18:11:34	5	-0.3	33	0.0000	0.0000	0.00	
18:11:35	5	-0.2	33	0.0000	0.0000	0.00	
18:11:36	5	-0.3	33	0.0000	0.0000	0.00	
18:11:37	5	-0.3	33	0.0000	0.0000	0.00	
18:11:38	5	-0.2	33	0.0000	0.0000	0.00	
18:11:39	5	-0.2	33	0.0000	0.0000	0.00	
18:11:40	5	-0.2	33	0.0000	0.0000	0.00	
18:11:41	5	-0.2	33	0.0000	0.0000	0.00	
18:11:42	5	-0.2	33	0.0000	0.0000	0.00	
18:11:43	5	-0.2	33	0.0000	0.0000	0.00	
18:11:44	5	-0.2	33	0.0000	0.0000	0.00	
18:11:45	5	-0.3	33	0.0000	0.0000	0.00	
18:11:46	5	-0.2	33	0.0000	0.0000	0.00	
18:11:47	5	-0.3	33	0.0000	0.0000	0.00	
18:11:48	5	-0.3	33	0.0000	0.0000	0.00	
18:11:49	5	-0.2	33	0.0000	0.0000	0.00	
18:11:50	5	-0.2	33	0.0000	0.0000	0.00	
18:11:51	5	-0.2	33	0.0000	0.0000	0.00	
18:11:52	5	-0.2	33	0.0000	0.0000	0.00	
18:11:53	5	-0.2	33	0.0000	0.0000	0.00	
18:11:54	5	-0.2	33	0.0000	0.0000	0.00	
18:11:55	5	-0.2	33	0.0000	0.0000	0.00	
18:11:56	5	-0.2	33	0.0000	0.0000	0.00	
18:11:57	5	-0.2	33	0.0000	0.0000	0.00	
18:11:58	5	-0.2	33	0.0000	0.0000	0.00	
18:11:59	5	-0.2	33	0.0000	0.0000	0.00	
18:12:00	5	-0.2	33	0.0000	0.0000	0.00	
18:12:01	5	-0.2	33	0.0000	0.0000	0.00	
18:12:02	5	-0.2	33	0.0000	0.0000	0.00	
18:12:03	5	-0.2	33	0.0000	0.0000	0.00	
18:12:04	5	-0.2	33	0.0000	0.0000	0.00	
18:12:05	5	-0.2	33	0.0000	0.0000	0.00	
18:12:06	5	-0.2	33	0.0000	0.0000	0.00	
18:12:07	5	-0.2	33	0.0000	0.0000	0.00	
18:12:08	5	-0.2	33	0.0000	0.0000	0.00	
18:12:09	5	-0.2	33	0.0000	0.0000	0.00	
18:12:10	5	-0.2	33	0.0000	0.0000	0.00	
18:12:11	5	-0.2	33	0.0000	0.0000	0.00	
18:12:12	5	-0.2	33	0.0000	0.0000	0.00	
18:12:13	5	-0.2	33	0.0000	0.0000	0.00	
18:12:14	5	-0.3	33	0.0000	0.0000	0.00	
18:12:15	5	-0.2	33	0.0000	0.0000	0.00	
18:12:16	5	-0.2	33	0.0000	0.0000	0.00	
18:12:17	5	-0.2	33	0.0000	0.0000	0.00	
18:12:18	5	-0.3	33	0.0000	0.0000	0.00	
18:12:19	5	-0.2	33	0.0000	0.0000	0.00	
18:12:20	5	-0.3	33	0.0000	0.0000	0.00	
18:12:21	5	-0.3	33	0.0000	0.0000	0.00	
18:12:22	5	-0.2	33	0.0000	0.0000	0.00	
18:12:23	5	-0.2	33	0.0000	0.0000	0.00	
18:12:24	5	-0.2	33	0.0000	0.0000	0.00	
18:12:25	5	-0.2	33	0.0000	0.0000	0.00	
18:12:26	5	-0.3	33	0.0000	0.0000	0.00	
18:12:27	5	-0.3	33	0.0000	0.0000	0.00	
18:12:28	5	-0.3	33	0.0000	0.0000	0.00	
18:12:29	5	-0.2	33	0.0000	0.0000	0.00	
18:12:30	5	-0.2	33	0.0000	0.0000	0.00	
18:12:31	5	-0.2	33	0.0000	0.0000	0.00	
18:12:32	5	-0.2	33	0.0000	0.0000	0.00	
18:12:33	5	-0.2	33	0.0000	0.0000	0.00	
18:12:34	5	-0.2	33	0.0000	0.0000	0.00	
18:12:35	5	-0.2	33	0.0000	0.0000	0.00	
18:12:36	5	-0.2	33	0.0000	0.0000	0.00	
18:12:37	5	-0.2	33	0.0000	0.0000	0.00	
18:12:38	5	-0.2	33	0.0000	0.0000	0.00	
