Data Start: 2020-09-25 19:15:01
Data End: 2020-09-25 19:33:50
Devicename: Multi Plankton Sampler MPS
IdentNo.: 1020

Net []
Range1: 0 to 5

Pressure [dbar]
Range1: 0.0 to 3000.0  Cal0: -8.585877E+2  Cal1: 1.175972E-1  Cal2: -1.044298E-6  Cal3: -1.441992E+0  Cal4: 9.253807E-5  Cal5: -8.766143E-10  Cal6: 7.97392E-2  Cal7: 7.856609E-2  Cal8: -1.359118E-8

Volume [m³]
Range1: 0 to 65000  Cal0: 2.5E-1

Flow in [m/s]
Range1: 0.0000 to 9.9000

Flow out [m/s]
Range1: 0.0000 to 9.9000

Flow ratio [%]
Range1: 0.00 to 200.00

Header Comment

Ship:		
Cruise:		
Station:		
Cast:		
Position:		
Operator:		


Time [hh:mm:ss]	Net []	Pressure [dbar]	Volume [m³]	Flow in [m/s]	Flow out [m/s]	Flow ratio [%]	Comments  [Index]
19:15:01	0	-0.1	0	0.0000	0.0000	0.00	
19:15:02	0	-0.1	0	0.0000	0.0000	0.00	
19:15:03	0	-0.1	0	0.0000	0.0000	0.00	
19:15:04	0	-0.1	0	0.0000	0.0000	0.00	
19:15:05	0	-0.1	0	0.0000	0.0000	0.00	
19:15:06	0	-0.1	0	0.0000	0.0000	0.00	
19:15:07	0	-0.1	0	0.0000	0.0000	0.00	
19:15:08	0	-0.1	0	0.0000	0.0000	0.00	
19:15:09	0	-0.1	0	0.0000	0.0000	0.00	
19:15:10	0	-0.1	0	0.0000	0.0000	0.00	
19:15:11	0	-0.1	0	0.0000	0.0000	0.00	
19:15:12	0	-0.1	0	0.0000	0.0000	0.00	
19:15:13	0	-0.1	0	0.0000	0.0000	0.00	
19:15:14	0	-0.1	0	0.0000	0.0000	0.00	
19:15:15	0	-0.1	0	0.0000	0.0000	0.00	
19:15:16	0	-0.1	0	0.0000	0.0000	0.00	
19:15:17	0	0.0	0	0.0000	0.0000	0.00	
19:15:18	0	-0.1	0	0.0000	0.0000	0.00	
19:15:19	0	-0.1	0	0.0000	0.0000	0.00	
19:15:20	0	-0.1	0	0.0000	0.0000	0.00	
19:15:21	0	-0.1	0	0.0000	0.0000	0.00	
19:15:22	0	-0.1	0	0.0000	0.0000	0.00	
19:15:23	0	-0.1	0	0.0000	0.0000	0.00	
19:15:24	0	-0.1	0	0.0000	0.0000	0.00	
19:15:25	0	-0.1	0	0.0000	0.0000	0.00	
19:15:26	0	-0.1	0	0.0000	0.0000	0.00	
19:15:27	0	-0.1	0	0.0000	0.0000	0.00	
19:15:28	0	-0.1	0	0.0000	0.0000	0.00	
19:15:29	0	-0.1	0	0.0000	0.0000	0.00	
19:15:30	0	-0.1	0	0.0000	0.0000	0.00	
19:15:31	0	-0.1	0	0.0000	0.0000	0.00	
19:15:32	0	-0.1	0	0.0000	0.0000	0.00	
19:15:33	0	-0.1	0	0.0000	0.0000	0.00	
19:15:34	0	-0.1	0	0.0000	0.0000	0.00	
19:15:35	0	-0.1	0	0.0000	0.0000	0.00	
19:15:36	0	-0.1	0	0.0000	0.0000	0.00	
19:15:37	0	-0.1	0	0.0000	0.0000	0.00	
19:15:38	0	-0.1	0	0.0000	0.0000	0.00	
19:15:39	0	-0.1	0	0.0000	0.0000	0.00	
19:15:40	0	-0.1	0	0.0000	0.0000	0.00	
19:15:41	0	-0.1	0	0.0000	0.0000	0.00	
19:15:42	0	-0.1	0	0.0000	0.0000	0.00	
19:15:43	0	-0.1	0	0.0000	0.0000	0.00	
19:15:44	0	-0.1	0	0.0000	0.0000	0.00	
19:15:45	0	-0.1	0	0.0000	0.0000	0.00	
19:15:46	0	-0.1	0	0.0000	0.0000	0.00	
19:15:47	0	-0.1	0	0.0000	0.0000	0.00	
19:15:48	0	-0.1	0	0.0000	0.0000	0.00	
19:15:49	0	-0.1	0	0.0000	0.0000	0.00	
19:15:50	0	-0.1	0	0.0000	0.1000	0.00	
19:15:51	0	-0.1	0	0.0000	0.1000	0.00	
19:15:52	0	-0.1	0	0.0000	0.0000	0.00	
19:15:53	0	-0.1	0	0.1000	0.1000	100.00	
19:15:54	0	0.0	0	0.7000	0.7000	100.00	
19:15:55	0	0.2	0	1.3000	1.1000	118.18	
19:15:56	0	0.6	1	1.6000	1.1000	145.45	
19:15:57	0	1.0	1	1.8000	1.2000	150.00	
19:15:58	0	1.5	2	1.8000	1.2000	150.00	
19:15:59	0	1.9	2	1.6000	1.4000	114.29	
19:16:00	0	2.3	2	1.6000	1.4000	114.29	
19:16:01	0	2.7	3	1.6000	1.4000	114.29	
19:16:02	0	3.1	3	1.6000	1.4000	114.29	
19:16:03	0	3.6	4	1.6000	1.4000	114.29	
19:16:04	0	3.9	4	1.7000	1.4000	121.43	
19:16:05	0	4.2	4	1.7000	1.4000	121.43	
19:16:06	0	4.4	5	1.7000	1.4000	121.43	
19:16:07	0	4.7	5	1.8000	1.4000	128.57	
19:16:08	0	5.0	6	1.8000	1.4000	128.57	
19:16:09	0	5.2	6	1.8000	1.4000	128.57	
19:16:10	0	5.5	7	1.8000	1.5000	120.00	
19:16:11	0	5.8	7	1.8000	1.4000	128.57	
19:16:12	0	6.1	8	1.8000	1.4000	128.57	
19:16:13	0	6.3	8	1.9000	1.5000	126.67	
19:16:14	0	6.6	9	2.0000	1.5000	133.33	
19:16:15	0	6.9	9	2.0000	1.5000	133.33	
19:16:16	0	7.1	10	1.9000	1.5000	126.67	
19:16:17	0	7.5	10	1.8000	1.5000	120.00	
19:16:18	0	7.8	10	1.8000	1.5000	120.00	
19:16:19	0	8.2	11	1.8000	1.4000	128.57	
19:16:20	0	8.6	11	1.7000	1.4000	121.43	
19:16:21	0	9.0	12	1.7000	1.4000	121.43	
19:16:22	0	9.3	12	1.7000	1.4000	121.43	
19:16:23	0	9.7	13	1.7000	1.4000	121.43	
19:16:24	0	10.0	13	1.7000	1.4000	121.43	
19:16:25	0	10.4	13	1.6000	1.4000	114.29	
19:16:26	0	10.8	14	1.6000	1.3000	123.08	
19:16:27	0	11.1	14	1.5000	1.3000	115.38	
19:16:28	0	11.5	15	1.5000	1.3000	115.38	
19:16:29	0	11.9	15	1.5000	1.2000	125.00	
19:16:30	0	12.6	15	1.4000	1.2000	116.67	
19:16:31	0	13.0	16	1.4000	1.3000	107.69	
19:16:32	0	13.6	16	1.5000	1.3000	115.38	
19:16:33	0	14.1	16	1.4000	1.2000	116.67	
19:16:34	0	14.8	17	1.4000	1.2000	116.67	
19:16:35	0	15.3	17	1.4000	1.2000	116.67	
19:16:36	0	15.8	17	1.4000	1.2000	116.67	
19:16:37	0	16.3	18	1.5000	1.2000	125.00	
19:16:38	0	16.9	18	1.4000	1.2000	116.67	
19:16:39	0	17.5	19	1.4000	1.2000	116.67	
19:16:40	0	18.1	19	1.4000	1.2000	116.67	
19:16:41	0	18.6	19	1.5000	1.2000	125.00	
19:16:42	0	19.2	20	1.5000	1.2000	125.00	
19:16:43	0	19.7	20	1.4000	1.2000	116.67	
19:16:44	0	20.1	20	1.3000	1.2000	108.33	
19:16:45	0	20.4	21	1.3000	1.2000	108.33	
19:16:46	0	20.8	21	1.5000	1.2000	125.00	
19:16:47	0	21.2	21	1.6000	1.2000	133.33	
19:16:48	0	21.5	22	1.6000	1.3000	123.08	
19:16:49	0	21.8	22	1.6000	1.3000	123.08	
19:16:50	0	22.1	23	1.7000	1.3000	130.77	
19:16:51	0	22.5	23	1.7000	1.3000	130.77	
19:16:52	0	22.7	24	1.6000	1.3000	123.08	
19:16:53	0	23.1	24	1.7000	1.4000	121.43	
19:16:54	0	23.3	24	1.8000	1.3000	138.46	
19:16:55	0	23.6	25	1.6000	1.3000	123.08	
19:16:56	0	23.9	25	1.6000	1.4000	114.29	
19:16:57	0	24.2	26	1.7000	1.3000	130.77	
19:16:58	0	24.5	26	1.6000	1.3000	123.08	
19:16:59	0	24.9	26	1.6000	1.4000	114.29	
19:17:00	0	25.2	27	1.6000	1.3000	123.08	
19:17:01	0	25.5	27	1.6000	1.2000	133.33	
19:17:02	0	25.8	28	1.5000	1.2000	125.00	
19:17:03	0	26.2	28	1.5000	1.2000	125.00	
19:17:04	0	26.7	28	1.4000	1.2000	116.67	
19:17:05	0	27.1	29	1.4000	1.1000	127.27	
19:17:06	0	27.6	29	1.3000	1.1000	118.18	
19:17:07	0	28.1	29	1.3000	1.2000	108.33	
19:17:08	0	28.7	30	1.4000	1.2000	116.67	
19:17:09	0	29.2	30	1.4000	1.2000	116.67	
19:17:10	0	29.8	30	1.4000	1.2000	116.67	
19:17:11	0	30.4	31	1.4000	1.1000	127.27	
19:17:12	0	30.9	31	1.2000	1.1000	109.09	
19:17:13	0	31.4	31	1.2000	1.1000	109.09	
19:17:14	0	31.9	32	1.2000	1.1000	109.09	
19:17:15	0	32.5	32	1.2000	1.0000	120.00	
19:17:16	0	33.0	32	1.2000	1.0000	120.00	
19:17:17	0	33.5	33	1.2000	1.0000	120.00	
19:17:18	0	34.0	33	1.2000	1.0000	120.00	
19:17:19	0	34.4	33	1.2000	1.0000	120.00	
19:17:20	0	35.0	33	1.2000	1.0000	120.00	
19:17:21	0	35.6	34	1.2000	1.0000	120.00	
19:17:22	0	36.1	34	1.2000	1.0000	120.00	
19:17:23	0	36.8	34	1.2000	1.0000	120.00	
19:17:24	0	37.5	35	1.1000	1.0000	110.00	
19:17:25	0	38.1	35	1.0000	1.0000	100.00	
19:17:26	0	38.8	35	1.1000	1.0000	110.00	
19:17:27	0	39.4	35	1.0000	1.0000	100.00	
19:17:28	0	40.3	36	0.9000	1.0000	90.00	
19:17:29	0	41.0	36	0.9000	0.8000	112.50	
19:17:30	0	41.8	36	0.8000	0.7000	114.29	
19:17:31	0	42.6	36	0.7000	0.5000	140.00	
19:17:32	0	43.5	36	0.7000	0.3000	233.33	
19:17:33	0	44.3	36	0.7000	0.2000	350.00	
19:17:34	0	45.2	37	0.6000	0.3000	200.00	
19:17:35	0	46.1	37	0.6000	0.3000	200.00	
19:17:36	0	47.1	37	0.6000	0.3000	200.00	
19:17:37	0	47.9	37	0.6000	0.3000	200.00	
19:17:38	0	49.0	37	0.6000	0.1000	600.00	
19:17:39	0	50.1	37	0.6000	0.0000	0.00	
19:17:40	0	51.0	37	0.6000	0.2000	300.00	
19:17:41	0	51.9	38	0.6000	0.3000	200.00	
19:17:42	0	52.8	38	0.7000	0.3000	233.33	
19:17:43	0	53.8	38	0.7000	0.3000	233.33	
19:17:44	0	54.5	38	0.7000	0.3000	233.33	
19:17:45	0	55.3	38	0.8000	0.4000	200.00	
19:17:46	0	56.1	39	0.9000	0.5000	180.00	
19:17:47	0	56.8	39	0.8000	0.8000	100.00	
19:17:48	0	57.7	39	0.9000	0.7000	128.57	
19:17:49	0	58.3	39	0.9000	0.7000	128.57	
19:17:50	0	59.0	39	0.8000	0.8000	100.00	
19:17:51	0	59.7	40	0.9000	0.8000	112.50	
19:17:52	0	60.3	40	1.0000	0.9000	111.11	
19:17:53	0	61.0	40	0.9000	1.0000	90.00	
19:17:54	0	61.6	40	0.9000	1.0000	90.00	
19:17:55	0	62.2	41	1.0000	1.0000	100.00	
19:17:56	0	62.9	41	1.0000	1.0000	100.00	
19:17:57	0	63.5	41	1.0000	1.0000	100.00	
19:17:58	0	64.1	41	1.0000	1.0000	100.00	
19:17:59	0	64.5	42	1.0000	1.0000	100.00	
19:18:00	0	65.1	42	1.0000	1.0000	100.00	
19:18:01	0	65.6	42	1.2000	1.0000	120.00	
19:18:02	0	66.3	43	1.2000	1.1000	109.09	
19:18:03	0	66.7	43	1.2000	1.1000	109.09	
19:18:04	0	67.2	43	1.2000	1.1000	109.09	
19:18:05	0	67.8	43	1.2000	1.0000	120.00	
19:18:06	0	68.3	44	1.2000	1.0000	120.00	
19:18:07	0	68.9	44	1.2000	1.0000	120.00	
19:18:08	0	69.4	44	1.2000	1.0000	120.00	
19:18:09	0	69.9	45	1.2000	1.1000	109.09	
19:18:10	0	70.4	45	1.1000	1.0000	110.00	
19:18:11	0	70.8	45	1.1000	1.0000	110.00	
19:18:12	0	71.3	45	1.1000	1.0000	110.00	
19:18:13	0	71.8	46	1.2000	1.0000	120.00	
19:18:14	0	72.3	46	1.2000	1.0000	120.00	
19:18:15	0	72.7	46	1.1000	1.0000	110.00	
19:18:16	0	73.2	46	1.1000	1.0000	110.00	
19:18:17	0	73.6	47	1.1000	0.9000	122.22	
19:18:18	0	74.1	47	1.2000	0.9000	133.33	
19:18:19	0	74.6	47	1.2000	1.0000	120.00	
19:18:20	0	75.2	48	1.1000	1.0000	110.00	
19:18:21	0	75.6	48	1.1000	1.0000	110.00	
19:18:22	0	76.0	48	1.1000	1.0000	110.00	
19:18:23	0	76.4	48	1.1000	1.0000	110.00	
19:18:24	0	76.9	49	1.1000	1.0000	110.00	
19:18:25	0	77.3	49	1.1000	1.0000	110.00	
19:18:26	0	77.8	49	1.1000	1.0000	110.00	
19:18:27	0	78.2	50	1.1000	0.9000	122.22	
19:18:28	0	78.6	50	1.2000	1.0000	120.00	
19:18:29	0	78.9	50	1.2000	1.0000	120.00	
19:18:30	0	79.4	50	1.1000	1.0000	110.00	
19:18:31	0	79.7	51	1.2000	1.0000	120.00	
19:18:32	0	80.2	51	1.2000	1.0000	120.00	
19:18:33	0	80.6	51	1.1000	1.0000	110.00	
19:18:34	0	81.0	52	1.2000	1.0000	120.00	
19:18:35	0	81.4	52	1.2000	1.0000	120.00	
19:18:36	0	81.8	52	1.2000	1.0000	120.00	
19:18:37	0	82.3	52	1.2000	1.0000	120.00	
19:18:38	0	82.7	53	1.2000	1.0000	120.00	
19:18:39	0	83.0	53	1.1000	1.0000	110.00	
19:18:40	0	83.4	53	1.2000	1.0000	120.00	
19:18:41	0	83.8	54	1.2000	1.0000	120.00	
19:18:42	0	84.3	54	1.2000	1.0000	120.00	
19:18:43	0	84.7	54	1.2000	1.0000	120.00	
19:18:44	0	85.1	54	1.2000	1.0000	120.00	
19:18:45	0	85.5	55	1.2000	1.0000	120.00	
19:18:46	0	86.0	55	1.2000	1.0000	120.00	
19:18:47	0	86.4	55	1.2000	1.0000	120.00	
19:18:48	0	86.7	56	1.2000	1.0000	120.00	
19:18:49	0	87.1	56	1.1000	1.0000	110.00	
19:18:50	0	87.5	56	1.2000	1.0000	120.00	
19:18:51	0	87.9	56	1.2000	1.0000	120.00	
19:18:52	0	88.3	57	1.2000	1.0000	120.00	
19:18:53	0	88.6	57	1.3000	1.0000	130.00	
19:18:54	0	89.1	57	1.2000	1.0000	120.00	
19:18:55	0	89.4	58	1.2000	1.0000	120.00	
19:18:56	0	89.8	58	1.2000	1.0000	120.00	
19:18:57	0	90.3	58	1.2000	1.0000	120.00	
19:18:58	0	90.7	59	1.2000	1.0000	120.00	
19:18:59	0	91.1	59	1.2000	1.0000	120.00	
19:19:00	0	91.5	59	1.3000	1.1000	118.18	
19:19:01	0	91.9	60	1.2000	1.0000	120.00	
19:19:02	0	92.3	60	1.2000	1.0000	120.00	
19:19:03	0	92.5	60	1.2000	1.0000	120.00	
19:19:04	0	92.9	60	1.2000	1.0000	120.00	
19:19:05	0	93.3	61	1.2000	1.0000	120.00	
19:19:06	0	93.7	61	1.2000	1.0000	120.00	
19:19:07	0	94.0	61	1.2000	1.1000	109.09	
19:19:08	0	94.4	62	1.2000	1.0000	120.00	
19:19:09	0	94.7	62	1.2000	1.0000	120.00	
19:19:10	0	95.1	62	1.2000	1.0000	120.00	
19:19:11	0	95.5	63	1.2000	1.0000	120.00	
19:19:12	0	95.9	63	1.3000	1.0000	130.00	
19:19:13	0	96.2	63	1.2000	1.0000	120.00	
19:19:14	0	96.7	63	1.2000	1.0000	120.00	
19:19:15	0	97.1	64	1.3000	1.1000	118.18	
19:19:16	0	97.8	64	1.3000	1.1000	118.18	
19:19:17	0	98.2	64	1.2000	1.0000	120.00	
19:19:18	0	98.8	65	1.1000	1.0000	110.00	
19:19:19	0	99.4	65	1.0000	1.0000	100.00	
19:19:20	0	100.1	65	1.0000	1.0000	100.00	
19:19:21	0	100.7	65	0.8000	0.9000	88.89	
19:19:22	0	101.4	65	0.8000	0.9000	88.89	
19:19:23	0	102.0	66	0.6000	0.8000	75.00	
19:19:24	0	102.8	66	0.6000	0.7000	85.71	
19:19:25	0	103.5	66	0.7000	0.6000	116.67	
19:19:26	0	104.2	66	0.7000	0.7000	100.00	
19:19:27	0	104.9	66	0.6000	0.8000	75.00	
19:19:28	0	105.8	66	0.5000	0.6000	83.33	
19:19:29	0	106.6	67	0.5000	0.3000	166.67	
19:19:30	0	107.4	67	0.6000	0.3000	200.00	
19:19:31	0	108.2	67	0.5000	0.5000	100.00	
19:19:32	0	109.1	67	0.4000	0.3000	133.33	
19:19:33	0	109.9	67	0.5000	0.2000	250.00	
19:19:34	0	110.7	67	0.7000	0.5000	140.00	
19:19:35	0	111.5	67	0.7000	0.6000	116.67	
19:19:36	0	112.4	68	0.6000	0.3000	200.00	
19:19:37	0	113.3	68	0.6000	0.3000	200.00	
19:19:38	0	114.4	68	0.4000	0.4000	100.00	
19:19:39	0	115.3	68	0.3000	0.1000	300.00	
19:19:40	0	116.2	68	0.5000	0.2000	250.00	
19:19:41	0	117.1	68	0.5000	0.3000	166.67	
19:19:42	0	118.1	68	0.7000	0.3000	233.33	
19:19:43	0	118.7	68	0.7000	0.7000	100.00	
19:19:44	0	119.5	69	0.5000	0.6000	83.33	
19:19:45	0	120.3	69	0.6000	0.3000	200.00	
19:19:46	0	120.9	69	0.7000	0.5000	140.00	
19:19:47	0	121.5	69	0.8000	0.8000	100.00	
19:19:48	0	122.1	69	0.8000	0.9000	88.89	
19:19:49	0	122.9	70	0.8000	1.0000	80.00	
19:19:50	0	123.4	70	0.9000	1.0000	90.00	
19:19:51	0	124.0	70	0.8000	1.0000	80.00	
19:19:52	0	124.6	70	0.9000	1.0000	90.00	
19:19:53	0	125.1	70	1.0000	1.0000	100.00	
19:19:54	0	125.8	71	1.0000	1.0000	100.00	
19:19:55	0	126.2	71	1.0000	1.0000	100.00	
19:19:56	0	126.7	71	1.0000	1.0000	100.00	
19:19:57	0	127.2	72	1.1000	1.0000	110.00	
19:19:58	0	127.7	72	1.1000	1.0000	110.00	
19:19:59	0	128.2	72	1.1000	1.0000	110.00	
19:20:00	0	128.6	72	1.1000	1.0000	110.00	
19:20:01	0	129.1	73	1.0000	1.0000	100.00	
19:20:02	0	129.5	73	1.1000	1.0000	110.00	
19:20:03	0	130.0	73	1.2000	1.0000	120.00	
19:20:04	0	130.4	73	1.2000	1.0000	120.00	
19:20:05	0	130.9	74	1.2000	1.0000	120.00	
19:20:06	0	131.3	74	1.2000	1.0000	120.00	
19:20:07	0	131.6	74	1.1000	1.0000	110.00	
19:20:08	0	131.9	75	1.1000	1.0000	110.00	
19:20:09	0	132.3	75	1.1000	1.0000	110.00	
19:20:10	0	132.7	75	1.2000	1.0000	120.00	
19:20:11	0	133.1	75	1.2000	1.0000	120.00	
19:20:12	0	133.5	76	1.2000	1.0000	120.00	
19:20:13	0	133.8	76	1.2000	1.0000	120.00	
19:20:14	0	134.1	76	1.2000	1.0000	120.00	
19:20:15	0	134.5	77	1.2000	1.0000	120.00	
19:20:16	0	134.7	77	1.1000	1.0000	110.00	
19:20:17	0	135.1	77	1.2000	1.0000	120.00	
19:20:18	0	135.4	77	1.2000	1.0000	120.00	
19:20:19	0	135.7	78	1.1000	1.0000	110.00	
19:20:20	0	136.0	78	1.2000	1.0000	120.00	
19:20:21	0	136.3	78	1.2000	1.0000	120.00	
19:20:22	0	136.6	79	1.1000	1.0000	110.00	
19:20:23	0	136.9	79	1.2000	1.0000	120.00	
19:20:24	0	137.4	79	1.2000	1.0000	120.00	
19:20:25	0	137.6	79	1.1000	1.0000	110.00	
19:20:26	0	137.9	80	1.1000	1.0000	110.00	
19:20:27	0	138.3	80	1.1000	1.0000	110.00	
19:20:28	0	138.7	80	1.2000	1.0000	120.00	
19:20:29	0	139.0	81	1.2000	1.0000	120.00	
19:20:30	0	139.2	81	1.2000	1.0000	120.00	
19:20:31	0	139.5	81	1.1000	0.9000	122.22	
19:20:32	0	139.8	81	1.2000	1.0000	120.00	
19:20:33	0	140.0	82	1.2000	1.0000	120.00	
19:20:34	0	140.4	82	1.2000	1.0000	120.00	
19:20:35	0	140.7	82	1.2000	1.0000	120.00	
19:20:36	0	141.0	83	1.2000	1.0000	120.00	
19:20:37	0	141.3	83	1.1000	1.0000	110.00	
19:20:38	0	141.5	83	1.2000	1.0000	120.00	
19:20:39	0	141.8	83	1.2000	1.0000	120.00	
19:20:40	0	142.1	84	1.2000	1.0000	120.00	
19:20:41	0	142.4	84	1.2000	1.0000	120.00	
19:20:42	0	142.6	84	1.2000	1.0000	120.00	
19:20:43	0	142.9	85	1.2000	1.0000	120.00	
19:20:44	0	143.1	85	1.2000	1.0000	120.00	
19:20:45	0	143.5	85	1.2000	1.0000	120.00	
19:20:46	0	143.7	86	1.2000	1.0000	120.00	
19:20:47	0	143.8	86	1.2000	1.0000	120.00	
19:20:48	0	144.2	86	1.2000	1.0000	120.00	
19:20:49	0	144.4	86	1.2000	1.0000	120.00	
19:20:50	0	144.6	87	1.2000	1.0000	120.00	
19:20:51	0	144.9	87	1.2000	1.0000	120.00	
19:20:52	0	145.3	87	1.2000	1.0000	120.00	
19:20:53	0	145.4	88	1.2000	1.0000	120.00	
19:20:54	0	145.7	88	1.2000	1.0000	120.00	
19:20:55	0	146.0	88	1.2000	1.0000	120.00	
19:20:56	0	146.2	89	1.2000	1.0000	120.00	
19:20:57	0	146.4	89	1.2000	1.0000	120.00	
19:20:58	0	146.8	89	1.2000	1.0000	120.00	
19:20:59	0	146.9	89	1.2000	1.0000	120.00	
19:21:00	0	147.2	90	1.2000	1.0000	120.00	
19:21:01	0	147.4	90	1.3000	1.0000	130.00	
19:21:02	0	147.7	90	1.3000	1.0000	130.00	
19:21:03	0	148.1	91	1.2000	1.0000	120.00	
19:21:04	0	148.3	91	1.2000	1.0000	120.00	
19:21:05	0	148.5	91	1.2000	1.0000	120.00	
19:21:06	0	148.7	92	1.2000	1.0000	120.00	
19:21:07	0	149.0	92	1.2000	1.0000	120.00	
19:21:08	0	149.2	92	1.2000	1.0000	120.00	
19:21:09	0	149.6	93	1.2000	1.0000	120.00	
19:21:10	0	149.7	93	1.2000	1.0000	120.00	
19:21:11	0	150.0	93	1.2000	1.0000	120.00	
19:21:12	0	150.3	93	1.2000	1.0000	120.00	
19:21:13	0	150.5	94	1.2000	1.0000	120.00	
19:21:14	0	150.8	94	1.2000	1.0000	120.00	
19:21:15	0	150.9	94	1.2000	1.0000	120.00	
19:21:16	0	151.2	95	1.2000	1.1000	109.09	
19:21:17	0	151.4	95	1.2000	1.0000	120.00	
19:21:18	0	151.7	95	1.3000	1.0000	130.00	
19:21:19	0	151.9	96	1.3000	1.1000	118.18	
19:21:20	0	152.3	96	1.2000	1.1000	109.09	
19:21:21	0	152.5	96	1.2000	1.0000	120.00	
19:21:22	0	152.7	97	1.3000	1.0000	130.00	
19:21:23	0	152.8	97	1.3000	1.1000	118.18	
19:21:24	0	153.1	97	1.2000	1.0000	120.00	
19:21:25	0	153.3	98	1.2000	1.0000	120.00	
19:21:26	0	153.6	98	1.2000	1.0000	120.00	
19:21:27	0	153.8	98	1.3000	1.0000	130.00	
19:21:28	0	154.0	98	1.3000	1.1000	118.18	
19:21:29	0	154.1	99	1.3000	1.1000	118.18	
19:21:30	0	154.5	99	1.2000	1.0000	120.00	
19:21:31	0	154.8	99	1.2000	1.0000	120.00	
19:21:32	0	155.0	100	1.3000	1.0000	130.00	
19:21:33	0	155.2	100	1.3000	1.1000	118.18	
19:21:34	0	155.3	100	1.3000	1.1000	118.18	
19:21:35	0	155.5	101	1.3000	1.1000	118.18	
19:21:36	0	155.8	101	1.3000	1.0000	130.00	
19:21:37	0	156.1	101	1.3000	1.0000	130.00	
19:21:38	0	156.3	102	1.3000	1.2000	108.33	
19:21:39	0	156.5	102	1.3000	1.2000	108.33	
19:21:40	0	156.8	102	1.2000	1.0000	120.00	
19:21:41	0	157.0	103	1.2000	1.0000	120.00	
19:21:42	0	157.3	103	1.3000	1.1000	118.18	
19:21:43	0	157.5	103	1.3000	1.0000	130.00	
19:21:44	0	157.7	104	1.3000	1.0000	130.00	
19:21:45	0	157.8	104	1.3000	1.1000	118.18	
19:21:46	0	158.2	104	1.2000	1.1000	109.09	
19:21:47	0	158.4	105	1.3000	1.1000	118.18	
19:21:48	0	158.5	105	1.3000	1.1000	118.18	
19:21:49	0	158.9	105	1.2000	1.1000	109.09	
19:21:50	0	159.0	105	1.2000	1.1000	109.09	
19:21:51	0	159.2	106	1.3000	1.1000	118.18	
19:21:52	0	159.4	106	1.4000	1.1000	127.27	
19:21:53	0	159.6	106	1.4000	1.1000	127.27	
19:21:54	0	159.7	107	1.4000	1.2000	116.67	
19:21:55	0	160.0	107	1.3000	1.2000	108.33	
19:21:56	0	160.2	107	1.3000	1.1000	118.18	
19:21:57	0	160.4	108	1.4000	1.2000	116.67	
19:21:58	0	160.7	108	1.3000	1.2000	108.33	
19:21:59	0	160.9	108	1.3000	1.1000	118.18	
19:22:00	0	161.1	109	1.4000	1.1000	127.27	
19:22:01	0	161.4	109	1.4000	1.1000	127.27	
19:22:02	0	161.5	109	1.4000	1.1000	127.27	
19:22:03	0	161.7	110	1.3000	1.1000	118.18	
19:22:04	0	161.9	110	1.3000	1.1000	118.18	
19:22:05	0	162.2	110	1.4000	1.1000	127.27	
19:22:06	0	162.4	111	1.4000	1.1000	127.27	
19:22:07	0	162.6	111	1.3000	1.1000	118.18	
19:22:08	0	162.8	111	1.3000	1.1000	118.18	
19:22:09	0	162.9	112	1.4000	1.1000	127.27	
19:22:10	0	163.3	112	1.3000	1.1000	118.18	
19:22:11	0	163.5	112	1.2000	1.1000	109.09	
19:22:12	0	163.7	113	1.3000	1.2000	108.33	
19:22:13	0	163.3	113	1.8000	1.4000	128.57	
19:22:14	0	162.9	114	2.0000	1.6000	125.00	
19:22:15	0	162.6	114	1.7000	1.7000	100.00	
19:22:16	0	162.2	115	1.7000	1.8000	94.44	
19:22:17	0	161.8	115	1.8000	1.8000	100.00	
19:22:18	0	161.6	116	1.8000	1.8000	100.00	
19:22:19	0	161.3	116	1.8000	1.8000	100.00	
19:22:20	0	161.1	116	1.8000	1.8000	100.00	
19:22:21	0	160.9	117	1.9000	1.7000	111.76	
19:22:22	0	160.6	117	2.0000	1.8000	111.11	
19:22:23	0	160.4	118	1.9000	1.9000	100.00	
19:22:24	0	160.0	118	1.9000	1.9000	100.00	
19:22:25	0	160.0	119	2.0000	1.8000	111.11	
19:22:26	0	159.7	119	2.1000	1.8000	116.67	
19:22:27	0	159.6	120	2.1000	1.8000	116.67	
19:22:28	0	159.3	120	2.0000	1.8000	111.11	
19:22:29	0	159.0	121	1.9000	1.8000	105.56	
19:22:30	0	158.8	121	1.9000	1.7000	111.76	
19:22:31	0	158.7	122	2.0000	1.8000	111.11	
19:22:32	0	158.5	122	2.0000	1.8000	111.11	
19:22:33	0	158.2	123	2.1000	1.9000	110.53	
19:22:34	0	158.0	123	2.1000	2.0000	105.00	
19:22:35	0	157.9	124	1.9000	1.9000	100.00	
19:22:36	0	157.9	124	2.1000	1.8000	116.67	
19:22:37	0	157.8	125	2.2000	1.8000	122.22	
19:22:38	0	157.7	125	2.1000	1.9000	110.53	
19:22:39	0	157.6	126	2.1000	1.9000	110.53	
19:22:40	0	157.5	127	2.1000	1.8000	116.67	
19:22:41	0	157.3	127	2.1000	1.8000	116.67	
19:22:42	0	157.1	128	2.0000	1.9000	105.26	
19:22:43	0	157.0	128	1.9000	1.8000	105.56	
19:22:44	0	156.9	128	2.0000	1.8000	111.11	
19:22:45	0	156.7	129	2.1000	1.8000	116.67	
19:22:46	0	156.5	130	2.1000	2.0000	105.00	
19:22:47	0	156.4	130	2.1000	1.9000	110.53	
19:22:48	0	156.4	131	2.1000	1.8000	116.67	
19:22:49	0	156.4	131	2.2000	1.8000	122.22	
19:22:50	0	156.2	132	2.3000	1.9000	121.05	
19:22:51	0	156.2	132	2.0000	1.8000	111.11	
19:22:52	0	156.0	133	1.9000	1.8000	105.56	
19:22:53	0	155.9	133	2.0000	1.8000	111.11	
19:22:54	0	155.7	134	2.1000	1.8000	116.67	
19:22:55	0	155.4	134	2.2000	2.0000	110.00	
19:22:56	0	155.5	135	2.1000	2.0000	105.00	
19:22:57	0	155.3	135	2.0000	1.8000	111.11	
19:22:58	0	155.3	136	2.1000	1.8000	116.67	
19:22:59	0	155.2	136	2.1000	1.8000	116.67	
19:23:00	0	155.1	137	2.1000	1.8000	116.67	
19:23:01	0	155.0	137	2.2000	1.8000	122.22	
19:23:02	0	154.9	138	2.2000	1.9000	115.79	
19:23:03	0	154.7	138	2.2000	1.9000	115.79	
19:23:04	0	154.6	139	2.1000	1.9000	110.53	
19:23:05	0	154.6	139	2.0000	1.8000	111.11	
19:23:06	0	154.5	140	2.0000	1.8000	111.11	
19:23:07	0	154.3	140	2.1000	1.8000	116.67	
19:23:08	0	154.2	141	2.2000	1.8000	122.22	
19:23:09	0	154.1	142	2.1000	1.8000	116.67	
19:23:10	0	154.0	142	2.1000	1.8000	116.67	
19:23:11	0	153.9	143	2.1000	1.8000	116.67	
19:23:12	0	153.8	143	2.1000	1.8000	116.67	
19:23:13	0	153.7	144	2.1000	1.8000	116.67	
19:23:14	0	153.6	144	2.1000	1.8000	116.67	
19:23:15	0	153.5	145	2.1000	1.7000	123.53	
19:23:16	0	153.4	145	2.2000	1.8000	122.22	
19:23:17	0	153.2	146	2.2000	1.8000	122.22	
19:23:18	0	153.2	146	2.0000	1.7000	117.65	
19:23:19	0	153.0	147	2.1000	1.8000	116.67	
19:23:20	0	152.7	147	2.2000	1.9000	115.79	
19:23:21	1	152.7	0	2.1000	1.9000	110.53	
19:23:22	1	152.7	0	2.0000	1.8000	111.11	
19:23:23	1	152.5	1	2.1000	1.8000	116.67	
19:23:24	1	152.4	2	2.2000	1.8000	122.22	
19:23:25	1	152.2	2	2.1000	1.7000	123.53	
19:23:26	1	152.0	3	1.8000	1.6000	112.50	
19:23:27	1	151.7	3	1.8000	1.7000	105.88	
19:23:28	1	151.5	3	1.8000	1.7000	105.88	
19:23:29	1	151.3	4	1.8000	1.6000	112.50	
19:23:30	1	151.2	4	1.7000	1.6000	106.25	
19:23:31	1	150.9	5	1.7000	1.6000	106.25	
19:23:32	1	150.6	5	1.8000	1.6000	112.50	
19:23:33	1	150.5	6	1.6000	1.5000	106.67	
19:23:34	1	150.2	6	1.7000	1.6000	106.25	
19:23:35	1	149.9	6	1.7000	1.6000	106.25	
19:23:36	1	149.8	7	1.6000	1.6000	100.00	
19:23:37	1	149.6	7	1.8000	1.6000	112.50	
19:23:38	1	149.5	8	1.8000	1.7000	105.88	
19:23:39	1	149.3	8	1.8000	1.7000	105.88	
19:23:40	1	149.1	9	1.8000	1.8000	100.00	
19:23:41	1	149.0	9	1.7000	1.8000	94.44	
19:23:42	1	148.8	10	1.7000	1.7000	100.00	
19:23:43	1	148.7	10	1.7000	1.6000	106.25	
19:23:44	1	148.4	10	1.8000	1.6000	112.50	
19:23:45	1	148.3	11	1.8000	1.6000	112.50	
19:23:46	1	148.0	11	1.7000	1.6000	106.25	
19:23:47	1	147.8	12	1.6000	1.6000	100.00	
19:23:48	1	147.6	12	1.7000	1.6000	106.25	
19:23:49	1	147.3	13	1.7000	1.6000	106.25	
19:23:50	1	147.1	13	1.6000	1.6000	100.00	
19:23:51	1	146.9	13	1.7000	1.6000	106.25	
19:23:52	1	146.7	14	1.8000	1.6000	112.50	
19:23:53	1	146.6	14	1.8000	1.6000	112.50	
19:23:54	1	146.5	15	1.8000	1.6000	112.50	
19:23:55	1	146.3	15	1.9000	1.7000	111.76	
19:23:56	1	146.2	16	1.8000	1.8000	100.00	
19:23:57	1	146.1	16	1.8000	1.8000	100.00	
19:23:58	1	145.8	17	1.8000	1.8000	100.00	
19:23:59	1	145.5	17	1.6000	1.7000	94.12	
19:24:00	1	145.4	17	1.6000	1.7000	94.12	
19:24:01	1	145.1	18	1.8000	1.7000	105.88	
19:24:02	1	144.9	18	1.8000	1.6000	112.50	
19:24:03	1	144.7	19	1.7000	1.7000	100.00	
19:24:04	1	144.5	19	1.6000	1.7000	94.12	
19:24:05	1	144.3	20	1.7000	1.6000	106.25	
19:24:06	1	144.0	20	1.8000	1.7000	105.88	
19:24:07	1	143.8	20	1.6000	1.6000	100.00	
19:24:08	1	143.7	21	1.7000	1.6000	106.25	
19:24:09	1	143.6	21	1.8000	1.7000	105.88	
19:24:10	1	143.4	22	1.8000	1.7000	105.88	
19:24:11	1	143.3	22	1.8000	1.8000	100.00	
19:24:12	1	142.9	23	1.8000	1.8000	100.00	
19:24:13	1	142.7	23	1.8000	1.8000	100.00	
19:24:14	1	142.5	23	1.7000	1.8000	94.44	
19:24:15	1	142.3	24	1.6000	1.6000	100.00	
19:24:16	1	142.1	24	1.8000	1.6000	112.50	
19:24:17	1	141.9	25	1.8000	1.7000	105.88	
19:24:18	1	141.8	25	1.7000	1.7000	100.00	
19:24:19	1	141.7	26	1.7000	1.6000	106.25	
19:24:20	1	141.4	26	1.7000	1.6000	106.25	
19:24:21	1	141.1	26	1.8000	1.7000	105.88	
19:24:22	1	140.9	27	1.6000	1.7000	94.12	
19:24:23	1	140.7	27	1.6000	1.6000	100.00	
19:24:24	1	140.5	28	1.8000	1.6000	112.50	
19:24:25	1	140.3	28	1.8000	1.6000	112.50	
19:24:26	1	140.1	29	1.8000	1.7000	105.88	
19:24:27	1	140.0	29	1.7000	1.7000	100.00	
19:24:28	1	139.8	30	1.8000	1.6000	112.50	
19:24:29	1	139.6	30	1.8000	1.6000	112.50	
19:24:30	1	139.4	30	1.8000	1.6000	112.50	
19:24:31	1	139.2	31	1.9000	1.7000	111.76	
19:24:32	1	138.9	31	1.8000	1.8000	100.00	
19:24:33	1	138.7	32	1.7000	1.8000	94.44	
19:24:34	1	138.5	32	1.8000	1.8000	100.00	
19:24:35	1	138.2	33	1.9000	1.8000	105.56	
19:24:36	1	138.1	33	1.8000	1.8000	100.00	
19:24:37	1	138.0	34	1.7000	1.7000	100.00	
19:24:38	1	137.8	34	1.8000	1.7000	105.88	
19:24:39	1	137.5	35	1.9000	1.8000	105.56	
19:24:40	1	137.3	35	1.8000	1.8000	100.00	
19:24:41	1	137.1	35	1.8000	1.8000	100.00	
19:24:42	1	136.9	36	1.8000	1.8000	100.00	
19:24:43	1	136.7	36	1.8000	1.8000	100.00	
19:24:44	1	136.6	37	1.8000	1.8000	100.00	
19:24:45	1	136.3	37	1.8000	1.8000	100.00	
19:24:46	1	136.1	38	1.8000	1.9000	94.74	
19:24:47	1	136.0	38	1.8000	1.8000	100.00	
19:24:48	1	135.8	39	1.7000	1.8000	94.44	
19:24:49	1	135.6	39	1.9000	1.8000	105.56	
19:24:50	1	135.3	39	1.8000	1.8000	100.00	
19:24:51	1	134.9	40	1.8000	1.8000	100.00	
19:24:52	1	134.9	40	1.8000	1.8000	100.00	
19:24:53	1	134.7	41	1.7000	1.7000	100.00	
19:24:54	1	134.5	41	1.8000	1.7000	105.88	
19:24:55	1	134.2	42	1.9000	1.8000	105.56	
19:24:56	1	133.9	42	1.8000	1.8000	100.00	
19:24:57	1	133.7	43	1.8000	1.8000	100.00	
19:24:58	1	133.4	43	1.8000	1.8000	100.00	
19:24:59	1	133.3	43	1.6000	1.8000	88.89	
19:25:00	1	133.0	44	1.8000	1.7000	105.88	
19:25:01	1	132.7	44	1.8000	1.8000	100.00	
19:25:02	1	132.4	45	1.8000	1.8000	100.00	
19:25:03	1	132.2	45	1.8000	1.9000	94.74	
19:25:04	1	132.1	46	1.8000	1.8000	100.00	
19:25:05	1	131.9	46	1.8000	1.7000	105.88	
19:25:06	1	131.6	47	1.8000	1.8000	100.00	
19:25:07	1	131.3	47	1.8000	1.8000	100.00	
19:25:08	1	131.0	48	1.8000	1.8000	100.00	
19:25:09	1	130.9	48	1.7000	1.7000	100.00	
19:25:10	1	130.6	48	1.6000	1.7000	94.12	
19:25:11	1	130.4	49	1.8000	1.8000	100.00	
19:25:12	1	130.1	49	1.8000	1.7000	105.88	
19:25:13	1	129.8	50	1.8000	1.7000	105.88	
19:25:14	1	129.5	50	1.7000	1.8000	94.44	
19:25:15	1	129.2	51	1.8000	1.8000	100.00	
19:25:16	1	129.0	51	1.8000	1.7000	105.88	
19:25:17	1	128.8	52	1.8000	1.6000	112.50	
19:25:18	1	128.4	52	1.9000	1.7000	111.76	
19:25:19	1	128.3	52	1.8000	1.7000	105.88	
19:25:20	1	128.0	53	1.8000	1.6000	112.50	
19:25:21	1	127.6	53	2.0000	1.7000	117.65	
19:25:22	1	127.4	54	1.8000	1.8000	100.00	
19:25:23	1	127.3	54	1.7000	1.7000	100.00	
19:25:24	1	127.0	55	1.8000	1.7000	105.88	
19:25:25	1	126.7	55	1.8000	1.8000	100.00	
19:25:26	1	126.3	56	1.8000	1.8000	100.00	
19:25:27	1	126.1	56	1.7000	1.8000	94.44	
19:25:28	1	125.8	56	1.7000	1.8000	94.44	
19:25:29	1	125.5	57	1.8000	1.7000	105.88	
19:25:30	1	125.2	57	1.8000	1.8000	100.00	
19:25:31	1	125.0	58	1.8000	1.8000	100.00	
19:25:32	1	124.8	58	1.8000	1.7000	105.88	
19:25:33	1	124.5	59	1.9000	1.8000	105.56	
19:25:34	1	124.2	59	1.8000	1.8000	100.00	
19:25:35	1	124.0	60	1.6000	1.6000	100.00	
19:25:36	1	123.7	60	1.8000	1.6000	112.50	
19:25:37	1	123.4	61	2.0000	1.8000	111.11	
19:25:38	1	123.2	61	1.9000	1.8000	105.56	
19:25:39	1	122.8	61	1.8000	1.8000	100.00	
19:25:40	1	122.5	62	1.8000	1.8000	100.00	
19:25:41	1	122.4	62	1.8000	1.8000	100.00	
19:25:42	1	122.1	63	1.8000	1.8000	100.00	
19:25:43	1	121.8	63	1.8000	1.8000	100.00	
19:25:44	1	121.5	64	1.8000	1.8000	100.00	
19:25:45	1	121.3	64	1.8000	1.8000	100.00	
19:25:46	1	121.0	65	1.7000	1.7000	100.00	
19:25:47	1	120.7	65	1.7000	1.7000	100.00	
19:25:48	1	120.5	66	1.8000	1.7000	105.88	
19:25:49	1	120.1	66	1.8000	1.7000	105.88	
19:25:50	1	119.7	66	1.8000	1.8000	100.00	
19:25:51	1	119.3	67	1.7000	1.7000	100.00	
19:25:52	1	119.1	67	1.7000	1.7000	100.00	
19:25:53	1	118.9	68	1.6000	1.6000	100.00	
19:25:54	1	118.7	68	1.8000	1.6000	112.50	
19:25:55	1	118.4	69	2.0000	1.8000	111.11	
19:25:56	1	118.1	69	1.8000	1.8000	100.00	
19:25:57	1	117.7	70	1.8000	1.9000	94.74	
19:25:58	1	117.5	70	1.8000	1.8000	100.00	
19:25:59	1	117.2	70	1.8000	1.8000	100.00	
19:26:00	1	117.0	71	1.8000	1.7000	105.88	
19:26:01	1	116.6	71	1.7000	1.7000	100.00	
19:26:02	1	116.3	72	1.8000	1.8000	100.00	
19:26:03	1	116.0	72	1.8000	1.8000	100.00	
19:26:04	1	115.7	73	1.7000	1.8000	94.44	
19:26:05	1	115.3	73	1.9000	1.8000	105.56	
19:26:06	1	115.0	74	1.8000	1.8000	100.00	
19:26:07	1	114.8	74	1.7000	1.8000	94.44	
19:26:08	1	114.5	74	1.9000	1.8000	105.56	
19:26:09	1	114.2	75	1.9000	1.8000	105.56	
19:26:10	1	114.1	75	1.7000	1.8000	94.44	
19:26:11	1	113.7	76	1.7000	1.8000	94.44	
19:26:12	1	113.3	76	1.8000	1.8000	100.00	
19:26:13	1	112.8	77	1.7000	1.8000	94.44	
19:26:14	1	112.4	77	1.6000	1.8000	88.89	
19:26:15	1	112.1	77	1.6000	1.8000	88.89	
19:26:16	1	111.8	78	1.6000	1.8000	88.89	
19:26:17	1	111.5	78	1.6000	1.7000	94.12	
19:26:18	1	111.1	79	1.7000	1.7000	100.00	
19:26:19	1	110.7	79	1.7000	1.8000	94.44	
19:26:20	1	110.3	80	1.7000	1.8000	94.44	
19:26:21	1	109.9	80	1.7000	1.8000	94.44	
19:26:22	1	109.6	80	1.7000	1.8000	94.44	
19:26:23	2	109.3	0	1.8000	1.8000	100.00	
19:26:24	2	109.0	0	1.8000	1.9000	94.74	
19:26:25	2	108.7	1	1.9000	2.0000	95.00	
19:26:26	2	108.3	1	1.8000	2.1000	85.71	
19:26:27	2	108.2	2	1.8000	1.9000	94.74	
19:26:28	2	107.9	2	1.8000	1.8000	100.00	
19:26:29	2	107.5	3	1.7000	1.8000	94.44	
19:26:30	2	107.1	3	1.6000	1.9000	84.21	
19:26:31	2	106.8	3	1.6000	1.8000	88.89	
19:26:32	2	106.4	4	1.6000	1.8000	88.89	
19:26:33	2	106.0	4	1.7000	1.8000	94.44	
19:26:34	2	105.7	5	1.7000	2.0000	85.00	
19:26:35	2	105.6	5	1.6000	1.9000	84.21	
19:26:36	2	105.3	6	1.7000	1.8000	94.44	
19:26:37	2	105.0	6	1.7000	1.8000	94.44	
19:26:38	2	104.6	6	1.8000	1.9000	94.74	
19:26:39	2	104.2	7	1.6000	1.9000	84.21	
19:26:40	2	103.8	7	1.5000	1.8000	83.33	
19:26:41	2	103.4	8	1.6000	1.8000	88.89	
19:26:42	2	103.1	8	1.6000	1.8000	88.89	
19:26:43	2	102.7	8	1.7000	1.8000	94.44	
19:26:44	2	102.4	9	1.7000	1.9000	89.47	
19:26:45	2	102.0	9	1.6000	1.8000	88.89	
19:26:46	2	101.7	10	1.7000	1.8000	94.44	
19:26:47	2	101.4	10	1.6000	1.9000	84.21	
19:26:48	2	101.1	11	1.6000	1.8000	88.89	
19:26:49	2	100.6	11	1.8000	1.8000	100.00	
19:26:50	2	100.3	11	1.8000	1.9000	94.74	
19:26:51	2	100.2	12	1.6000	1.8000	88.89	
19:26:52	2	99.8	12	1.6000	1.7000	94.12	
19:26:53	2	99.4	13	1.8000	1.9000	94.74	
19:26:54	2	99.0	13	1.7000	2.0000	85.00	
19:26:55	2	98.7	14	1.6000	1.8000	88.89	
19:26:56	2	98.5	14	1.8000	1.8000	100.00	
19:26:57	2	98.2	14	1.9000	1.8000	105.56	
19:26:58	2	97.9	15	1.8000	1.8000	100.00	
19:26:59	2	97.5	15	1.8000	1.9000	94.74	
19:27:00	2	97.3	16	1.9000	2.0000	95.00	
19:27:01	2	96.9	16	1.8000	2.0000	90.00	
19:27:02	2	96.6	17	1.7000	1.9000	89.47	
19:27:03	2	96.3	17	1.7000	1.9000	89.47	
19:27:04	2	96.0	18	1.7000	1.9000	89.47	
19:27:05	2	95.7	18	1.7000	1.8000	94.44	
19:27:06	2	95.3	18	1.7000	1.8000	94.44	
19:27:07	2	95.0	19	1.8000	1.9000	94.74	
19:27:08	2	94.6	19	1.8000	1.9000	94.74	
19:27:09	2	94.2	20	1.8000	1.9000	94.74	
19:27:10	2	93.9	20	1.8000	1.9000	94.74	
19:27:11	2	93.6	21	1.8000	1.8000	100.00	
19:27:12	2	93.2	21	1.8000	1.8000	100.00	
19:27:13	2	92.8	22	1.8000	1.8000	100.00	
19:27:14	2	92.5	22	1.8000	1.8000	100.00	
19:27:15	2	92.1	22	1.7000	1.9000	89.47	
19:27:16	2	91.8	23	1.7000	1.9000	89.47	
19:27:17	2	91.4	23	1.8000	1.9000	94.74	
19:27:18	2	91.1	24	1.8000	1.9000	94.74	
19:27:19	2	90.8	24	1.7000	1.9000	89.47	
19:27:20	2	90.5	25	1.9000	1.9000	100.00	
19:27:21	2	90.2	25	1.8000	1.8000	100.00	
19:27:22	2	89.8	26	1.8000	1.8000	100.00	
19:27:23	2	89.4	26	2.1000	1.9000	110.53	
19:27:24	2	89.1	27	1.8000	1.8000	100.00	
19:27:25	2	88.7	27	1.7000	1.8000	94.44	
19:27:26	2	88.4	27	1.8000	1.8000	100.00	
19:27:27	2	88.1	28	1.8000	1.8000	100.00	
19:27:28	2	87.7	28	1.8000	1.9000	94.74	
19:27:29	2	87.4	29	1.8000	1.9000	94.74	
19:27:30	2	87.0	29	1.8000	1.9000	94.74	
19:27:31	2	86.7	30	1.9000	1.9000	100.00	
19:27:32	2	86.3	30	1.9000	2.0000	95.00	
19:27:33	2	86.0	31	1.7000	2.0000	85.00	
19:27:34	2	85.8	31	1.7000	1.8000	94.44	
19:27:35	2	85.4	32	1.8000	1.8000	100.00	
19:27:36	2	85.0	32	1.8000	1.9000	94.74	
19:27:37	2	84.5	32	1.8000	1.9000	94.74	
19:27:38	2	84.2	33	1.8000	2.0000	90.00	
19:27:39	2	84.0	33	1.7000	2.0000	85.00	
19:27:40	2	83.7	34	1.7000	1.8000	94.44	
19:27:41	2	83.4	34	2.0000	1.8000	111.11	
19:27:42	2	83.0	35	1.9000	1.9000	100.00	
19:27:43	2	82.6	35	1.7000	1.9000	89.47	
19:27:44	2	82.3	36	1.8000	1.8000	100.00	
19:27:45	2	81.9	36	1.9000	1.9000	100.00	
19:27:46	2	81.5	37	1.8000	2.0000	90.00	
19:27:47	2	81.2	37	1.8000	1.8000	100.00	
19:27:48	2	80.8	37	1.8000	1.8000	100.00	
19:27:49	2	80.4	38	1.8000	1.9000	94.74	
19:27:50	2	80.1	38	1.8000	1.9000	94.74	
19:27:51	2	79.7	39	1.8000	1.9000	94.74	
19:27:52	2	79.3	39	1.8000	1.9000	94.74	
19:27:53	2	78.8	40	1.7000	1.9000	89.47	
19:27:54	2	78.4	40	1.7000	1.8000	94.44	
19:27:55	2	78.0	41	1.8000	1.8000	100.00	
19:27:56	2	77.7	41	1.8000	1.8000	100.00	
19:27:57	2	77.2	41	1.8000	1.8000	100.00	
19:27:58	2	76.8	42	1.7000	1.8000	94.44	
19:27:59	2	76.4	42	1.6000	1.8000	88.89	
19:28:00	3	76.0	0	1.6000	1.7000	94.12	
19:28:01	3	75.6	0	1.8000	1.7000	105.88	
19:28:02	3	75.2	1	1.7000	1.8000	94.44	
19:28:03	3	74.6	1	1.6000	1.9000	84.21	
19:28:04	3	74.3	2	1.5000	1.8000	83.33	
19:28:05	3	73.9	2	1.5000	1.8000	83.33	
19:28:06	3	73.5	2	1.7000	1.8000	94.44	
19:28:07	3	73.1	3	1.7000	1.8000	94.44	
19:28:08	3	72.8	3	1.6000	1.8000	88.89	
19:28:09	3	72.4	4	1.7000	1.8000	94.44	
19:28:10	3	72.0	4	1.7000	1.9000	89.47	
19:28:11	3	71.5	4	1.6000	1.8000	88.89	
19:28:12	3	71.0	5	1.6000	1.9000	84.21	
19:28:13	3	70.6	5	1.6000	2.0000	80.00	
19:28:14	3	70.2	6	1.6000	1.8000	88.89	
19:28:15	3	69.8	6	1.6000	1.8000	88.89	
19:28:16	3	69.4	7	1.7000	1.8000	94.44	
19:28:17	3	68.9	7	1.7000	1.8000	94.44	
19:28:18	3	68.4	7	1.6000	1.9000	84.21	
19:28:19	3	67.8	8	1.5000	1.9000	78.95	
19:28:20	3	67.3	8	1.4000	1.9000	73.68	
19:28:21	3	66.9	8	1.6000	1.9000	84.21	
19:28:22	3	66.2	9	1.6000	1.9000	84.21	
19:28:23	3	65.8	9	1.5000	1.8000	83.33	
19:28:24	3	65.4	10	1.5000	1.8000	83.33	
19:28:25	3	64.8	10	1.5000	1.7000	88.24	
19:28:26	3	64.2	10	1.4000	1.6000	87.50	
19:28:27	3	63.8	11	1.2000	1.4000	85.71	
19:28:28	3	63.4	11	1.3000	1.6000	81.25	
19:28:29	3	62.9	11	1.6000	1.8000	88.89	
19:28:30	3	62.1	12	1.6000	1.9000	84.21	
19:28:31	3	61.7	12	1.4000	1.9000	73.68	
19:28:32	3	61.4	12	1.6000	1.8000	88.89	
19:28:33	3	61.0	13	1.8000	1.9000	94.74	
19:28:34	3	60.5	13	1.7000	2.0000	85.00	
19:28:35	3	60.0	14	1.6000	1.9000	84.21	
19:28:36	3	59.6	14	1.6000	1.9000	84.21	
19:28:37	3	59.2	15	1.7000	1.9000	89.47	
19:28:38	3	58.7	15	1.7000	1.9000	89.47	
19:28:39	3	58.2	15	1.7000	1.9000	89.47	
19:28:40	3	57.9	16	1.6000	1.8000	88.89	
19:28:41	3	57.4	16	1.8000	1.8000	100.00	
19:28:42	3	57.0	17	1.7000	1.9000	89.47	
19:28:43	3	56.5	17	1.6000	2.0000	80.00	
19:28:44	3	56.1	17	1.6000	2.0000	80.00	
19:28:45	3	55.6	18	1.6000	1.9000	84.21	
19:28:46	3	55.2	18	1.6000	1.8000	88.89	
19:28:47	3	54.7	19	1.6000	1.8000	88.89	
19:28:48	3	54.1	19	1.7000	1.8000	94.44	
19:28:49	3	53.6	20	1.6000	1.9000	84.21	
19:28:50	3	53.2	20	1.6000	1.8000	88.89	
19:28:51	3	52.8	20	1.8000	1.8000	100.00	
19:28:52	3	52.4	21	1.7000	1.8000	94.44	
19:28:53	3	51.9	21	1.6000	1.8000	88.89	
19:28:54	3	51.4	22	1.6000	1.9000	84.21	
19:28:55	3	51.0	22	1.6000	1.9000	84.21	
19:28:56	3	50.5	22	1.6000	1.9000	84.21	
19:28:57	3	50.0	23	1.6000	1.9000	84.21	
19:28:58	3	49.4	23	1.8000	1.9000	94.74	
19:28:59	3	49.0	24	1.6000	1.9000	84.21	
19:29:00	3	48.7	24	1.6000	1.9000	84.21	
19:29:01	3	48.2	24	1.6000	1.9000	84.21	
19:29:02	3	47.5	25	1.5000	1.9000	78.95	
19:29:03	3	47.0	25	1.5000	1.8000	83.33	
19:29:04	3	46.5	26	1.5000	1.8000	83.33	
19:29:05	3	46.0	26	1.6000	1.9000	84.21	
19:29:06	3	45.6	26	1.6000	1.9000	84.21	
19:29:07	3	45.2	27	1.5000	1.9000	78.95	
19:29:08	3	44.6	27	1.5000	2.0000	75.00	
19:29:09	3	44.2	27	1.5000	1.9000	78.95	
19:29:10	3	43.8	28	1.4000	1.8000	77.78	
19:29:11	3	43.1	28	1.6000	1.8000	88.89	
19:29:12	4	42.6	0	1.6000	1.8000	88.89	
19:29:13	4	42.0	0	1.4000	1.8000	77.78	
19:29:14	4	41.6	1	1.4000	1.9000	73.68	
19:29:15	4	41.2	1	1.5000	1.9000	78.95	
19:29:16	4	40.5	1	1.3000	1.9000	68.42	
19:29:17	4	40.1	2	1.4000	1.9000	73.68	
19:29:18	4	39.8	2	1.6000	1.9000	84.21	
19:29:19	4	39.4	2	1.6000	1.8000	88.89	
19:29:20	4	39.0	3	1.7000	1.9000	89.47	
19:29:21	4	38.7	3	1.6000	2.0000	80.00	
19:29:22	4	38.2	4	1.5000	2.0000	75.00	
19:29:23	4	37.7	4	1.6000	2.1000	76.19	
19:29:24	4	37.3	4	1.4000	1.8000	77.78	
19:29:25	4	36.8	5	1.6000	1.7000	94.12	
19:29:26	4	36.2	5	1.8000	1.8000	100.00	
19:29:27	4	35.7	6	1.6000	1.9000	84.21	
19:29:28	4	35.2	6	1.6000	1.9000	84.21	
19:29:29	4	34.7	6	1.6000	1.9000	84.21	
19:29:30	4	34.3	7	1.6000	1.8000	88.89	
19:29:31	4	33.8	7	1.8000	1.9000	94.74	
19:29:32	4	33.4	8	1.7000	2.0000	85.00	
19:29:33	4	32.9	8	1.7000	2.0000	85.00	
19:29:34	4	32.4	9	1.6000	2.0000	80.00	
19:29:35	4	31.9	9	1.7000	1.9000	89.47	
19:29:36	4	31.4	9	1.7000	2.0000	85.00	
19:29:37	4	30.9	10	1.6000	2.1000	76.19	
19:29:38	4	30.6	10	1.8000	2.1000	85.71	
19:29:39	4	30.2	11	1.6000	2.1000	76.19	
19:29:40	4	29.8	11	1.5000	2.1000	71.43	
19:29:41	4	29.3	11	1.6000	2.1000	76.19	
19:29:42	4	28.7	12	1.7000	2.1000	80.95	
19:29:43	4	28.3	12	1.6000	1.9000	84.21	
19:29:44	4	27.9	13	1.6000	1.8000	88.89	
19:29:45	4	27.2	13	1.7000	1.9000	89.47	
19:29:46	4	26.7	13	1.6000	2.0000	80.00	
19:29:47	4	26.3	14	1.6000	2.0000	80.00	
19:29:48	4	25.8	14	1.6000	1.9000	84.21	
19:29:49	4	25.3	15	1.7000	2.0000	85.00	
19:29:50	4	24.8	15	1.8000	2.1000	85.71	
19:29:51	4	24.4	16	1.8000	2.1000	85.71	
19:29:52	4	24.0	16	1.8000	2.0000	90.00	
19:29:53	4	23.6	16	1.7000	1.9000	89.47	
19:29:54	4	23.2	17	1.7000	2.0000	85.00	
19:29:55	4	22.8	17	1.7000	2.0000	85.00	
19:29:56	4	22.3	18	1.6000	1.9000	84.21	
19:29:57	4	21.9	18	1.6000	2.0000	80.00	
19:29:58	4	21.5	19	1.7000	2.0000	85.00	
19:29:59	4	21.0	19	1.8000	2.0000	90.00	
19:30:00	4	20.6	20	1.8000	2.1000	85.71	
19:30:01	4	20.2	20	1.8000	2.1000	85.71	
19:30:02	4	19.9	20	1.8000	2.1000	85.71	
19:30:03	4	19.5	21	1.8000	2.0000	90.00	
19:30:04	5	19.2	0	1.9000	2.1000	90.48	
19:30:05	5	18.7	0	1.8000	2.1000	85.71	
19:30:06	5	18.4	1	1.8000	2.1000	85.71	
19:30:07	5	17.9	1	1.7000	2.1000	80.95	
19:30:08	5	17.4	2	1.8000	2.1000	85.71	
19:30:09	5	17.0	2	2.0000	2.1000	95.24	
19:30:10	5	16.6	3	1.9000	2.1000	90.48	
19:30:11	5	16.1	3	1.8000	2.1000	85.71	
19:30:12	5	15.8	4	1.7000	2.1000	80.95	
19:30:13	5	15.3	4	1.6000	2.1000	76.19	
19:30:14	5	14.7	4	1.8000	2.1000	85.71	
19:30:15	5	14.2	5	1.9000	2.1000	90.48	
19:30:16	5	13.6	5	2.0000	2.1000	95.24	
19:30:17	5	13.2	6	1.9000	2.1000	90.48	
19:30:18	5	12.8	6	1.8000	2.1000	85.71	
19:30:19	5	12.3	7	1.9000	2.1000	90.48	
19:30:20	5	11.8	7	2.0000	2.1000	95.24	
19:30:21	5	11.3	8	2.1000	2.3000	91.30	
19:30:22	5	11.0	8	2.0000	2.1000	95.24	
19:30:23	5	10.6	9	2.1000	2.0000	105.00	
19:30:24	5	10.2	9	2.1000	2.1000	100.00	
19:30:25	5	9.6	10	2.0000	2.1000	95.24	
19:30:26	5	9.2	10	1.8000	2.1000	85.71	
19:30:27	5	8.8	11	1.8000	2.1000	85.71	
19:30:28	5	8.4	11	1.8000	2.0000	90.00	
19:30:29	5	7.8	12	1.8000	1.9000	94.74	
19:30:30	5	7.3	12	1.9000	2.1000	90.48	
19:30:31	5	6.9	13	1.9000	2.1000	90.48	
19:30:32	5	6.5	13	2.0000	1.9000	105.26	
19:30:33	5	6.2	14	2.1000	2.0000	105.00	
19:30:34	5	5.8	14	2.1000	2.1000	100.00	
19:30:35	5	5.3	15	2.1000	2.1000	100.00	
19:30:36	5	4.8	15	1.9000	2.1000	90.48	
19:30:37	5	4.4	16	1.8000	1.9000	94.74	
19:30:38	5	4.0	16	1.8000	1.9000	94.74	
19:30:39	5	3.5	17	1.8000	2.1000	85.71	
19:30:40	5	2.8	17	1.6000	2.0000	80.00	
19:30:41	5	2.3	17	1.6000	1.9000	84.21	
19:30:42	5	1.8	18	2.1000	2.1000	100.00	
19:30:43	5	1.4	19	2.5000	2.4000	104.17	
19:30:44	5	1.0	19	2.2000	2.3000	95.65	
19:30:45	5	1.0	20	2.1000	2.1000	100.00	
19:30:46	5	0.7	20	2.1000	2.0000	105.00	
19:30:47	5	0.6	21	2.0000	1.8000	111.11	
19:30:48	5	0.3	21	2.1000	1.7000	123.53	
19:30:49	5	-0.1	22	2.4000	1.8000	133.33	
19:30:50	5	-0.3	22	2.4000	2.1000	114.29	
19:30:51	5	-0.4	23	1.9000	1.8000	105.56	
19:30:52	5	-0.4	23	1.8000	1.7000	105.88	
19:30:53	5	-0.3	24	2.2000	1.9000	115.79	
19:30:54	5	-0.3	24	1.8000	1.2000	150.00	
19:30:55	5	-0.3	24	0.9000	0.3000	300.00	
19:30:56	5	-0.3	24	0.3000	0.1000	300.00	
19:30:57	5	-0.3	24	0.1000	0.0000	0.00	
19:30:58	5	-0.3	24	0.0000	0.0000	0.00	
19:30:59	5	-0.3	24	0.0000	0.0000	0.00	
19:31:00	5	-0.3	24	0.0000	0.0000	0.00	
19:31:01	5	-0.3	24	0.0000	0.0000	0.00	
19:31:02	5	-0.3	24	0.0000	0.0000	0.00	
19:31:03	5	-0.3	24	0.0000	0.0000	0.00	
19:31:04	5	-0.3	24	0.0000	0.0000	0.00	
19:31:05	5	-0.3	24	0.0000	0.0000	0.00	
19:31:06	5	-0.3	24	0.0000	0.0000	0.00	
19:31:07	5	-0.3	24	0.0000	0.0000	0.00	
19:31:08	5	-0.3	24	0.0000	0.0000	0.00	
19:31:09	5	-0.3	24	0.0000	0.0000	0.00	
19:31:10	5	-0.2	24	0.0000	0.0000	0.00	
19:31:11	5	-0.2	24	0.0000	0.0000	0.00	
19:31:12	5	-0.3	24	0.0000	0.0000	0.00	
19:31:13	5	-0.2	24	0.0000	0.0000	0.00	
19:31:14	5	-0.2	24	0.0000	0.0000	0.00	
19:31:15	5	-0.2	24	0.0000	0.0000	0.00	
19:31:16	5	-0.2	24	0.0000	0.0000	0.00	
19:31:17	5	-0.2	24	0.0000	0.0000	0.00	
19:31:18	5	-0.2	24	0.0000	0.0000	0.00	
19:31:19	5	-0.2	24	0.0000	0.0000	0.00	
19:31:20	5	-0.2	24	0.0000	0.0000	0.00	
19:31:21	5	-0.2	24	0.0000	0.0000	0.00	
19:31:22	5	-0.2	24	0.0000	0.0000	0.00	
19:31:23	5	-0.2	24	0.0000	0.0000	0.00	
19:31:24	5	-0.2	24	0.0000	0.0000	0.00	
19:31:25	5	-0.2	24	0.0000	0.0000	0.00	
19:31:26	5	-0.2	24	0.0000	0.0000	0.00	
19:31:27	5	-0.2	24	0.0000	0.0000	0.00	
19:31:28	5	-0.2	24	0.0000	0.0000	0.00	
19:31:29	5	-0.2	24	0.0000	0.0000	0.00	
19:31:30	5	-0.2	24	0.0000	0.0000	0.00	
19:31:31	5	-0.2	24	0.0000	0.0000	0.00	
19:31:32	5	-0.2	24	0.0000	0.0000	0.00	
19:31:33	5	-0.2	24	0.0000	0.0000	0.00	
19:31:34	5	-0.2	24	0.0000	0.0000	0.00	
19:31:35	5	-0.2	24	0.0000	0.0000	0.00	
19:31:36	5	-0.2	24	0.0000	0.0000	0.00	
19:31:37	5	-0.2	24	0.0000	0.0000	0.00	
19:31:38	5	-0.2	24	0.0000	0.0000	0.00	
19:31:39	5	-0.2	24	0.0000	0.0000	0.00	
19:31:40	5	-0.2	24	0.0000	0.0000	0.00	
19:31:41	5	-0.2	24	0.0000	0.0000	0.00	
19:31:42	5	-0.2	24	0.0000	0.0000	0.00	
19:31:43	5	-0.2	24	0.0000	0.0000	0.00	
19:31:44	5	-0.3	24	0.0000	0.0000	0.00	
19:31:45	5	-0.2	24	0.0000	0.0000	0.00	
19:31:46	5	-0.3	24	0.0000	0.0000	0.00	
19:31:47	5	-0.3	24	0.0000	0.0000	0.00	
19:31:48	5	-0.3	24	0.0000	0.0000	0.00	
19:31:49	5	-0.3	24	0.0000	0.0000	0.00	
19:31:50	5	-0.3	24	0.0000	0.0000	0.00	
19:31:51	5	-0.3	24	0.0000	0.0000	0.00	
19:31:52	5	-0.3	24	0.0000	0.0000	0.00	
19:31:53	5	-0.3	24	0.0000	0.0000	0.00	
19:31:54	5	-0.3	24	0.0000	0.0000	0.00	
19:31:55	5	-0.3	24	0.0000	0.0000	0.00	
19:31:56	5	-0.3	24	0.0000	0.0000	0.00	
19:31:57	5	-0.3	24	0.0000	0.0000	0.00	
19:31:58	5	-0.3	24	0.0000	0.0000	0.00	
19:31:59	5	-0.2	24	0.0000	0.0000	0.00	
19:32:00	5	-0.2	24	0.0000	0.0000	0.00	
19:32:01	5	-0.2	24	0.0000	0.0000	0.00	
19:32:02	5	-0.2	24	0.0000	0.0000	0.00	
19:32:03	5	-0.2	24	0.0000	0.0000	0.00	
19:32:04	5	-0.2	24	0.0000	0.0000	0.00	
19:32:05	5	-0.3	24	0.0000	0.0000	0.00	
19:32:06	5	-0.3	24	0.0000	0.0000	0.00	
19:32:07	5	-0.3	24	0.0000	0.0000	0.00	
19:32:08	5	-0.3	24	0.0000	0.0000	0.00	
19:32:09	5	-0.3	24	0.0000	0.0000	0.00	
19:32:10	5	-0.3	24	0.0000	0.0000	0.00	
19:32:11	5	-0.3	24	0.0000	0.0000	0.00	
19:32:12	5	-0.3	24	0.0000	0.0000	0.00	
19:32:13	5	-0.3	24	0.0000	0.0000	0.00	
19:32:14	5	-0.3	24	0.0000	0.0000	0.00	
19:32:15	5	-0.3	24	0.0000	0.0000	0.00	
19:32:16	5	-0.3	24	0.0000	0.0000	0.00	
19:32:17	5	-0.3	24	0.0000	0.0000	0.00	
19:32:18	5	-0.3	24	0.0000	0.0000	0.00	
19:32:19	5	-0.3	24	0.0000	0.0000	0.00	
19:32:20	5	-0.3	24	0.0000	0.0000	0.00	
19:32:21	5	-0.3	24	0.0000	0.0000	0.00	
19:32:22	5	-0.3	24	0.0000	0.0000	0.00	
19:32:23	5	-0.3	24	0.0000	0.0000	0.00	
19:32:24	5	-0.3	24	0.0000	0.0000	0.00	
19:32:25	5	-0.3	24	0.0000	0.0000	0.00	
19:32:26	5	-0.3	24	0.0000	0.0000	0.00	
19:32:27	5	-0.3	24	0.0000	0.0000	0.00	
19:32:28	5	-0.3	24	0.0000	0.0000	0.00	
19:32:29	5	-0.3	24	0.0000	0.0000	0.00	
19:32:30	5	-0.3	24	0.0000	0.0000	0.00	
19:32:31	5	-0.3	24	0.0000	0.0000	0.00	
19:32:32	5	-0.3	24	0.0000	0.0000	0.00	
19:32:33	5	-0.3	24	0.0000	0.0000	0.00	
19:32:34	5	-0.3	24	0.0000	0.0000	0.00	
19:32:35	5	-0.3	24	0.0000	0.0000	0.00	
19:32:36	5	-0.3	24	0.0000	0.0000	0.00	
19:32:37	5	-0.3	24	0.0000	0.0000	0.00	
19:32:38	5	-0.3	24	0.0000	0.0000	0.00	
19:32:39	5	-0.3	24	0.0000	0.0000	0.00	
19:32:40	5	-0.3	24	0.0000	0.0000	0.00	
19:32:41	5	-0.3	24	0.0000	0.0000	0.00	
19:32:42	5	-0.3	24	0.0000	0.0000	0.00	
19:32:43	5	-0.3	24	0.0000	0.0000	0.00	
19:32:44	5	-0.3	24	0.0000	0.0000	0.00	
19:32:45	5	-0.3	24	0.0000	0.0000	0.00	
19:32:46	5	-0.3	24	0.0000	0.0000	0.00	
19:32:47	5	-0.3	24	0.0000	0.0000	0.00	
19:32:48	5	-0.3	24	0.0000	0.0000	0.00	
19:32:49	5	-0.3	24	0.0000	0.0000	0.00	
19:32:50	5	-0.3	24	0.0000	0.0000	0.00	
19:32:51	5	-0.3	24	0.0000	0.0000	0.00	
19:32:52	5	-0.3	24	0.0000	0.0000	0.00	
19:32:53	5	-0.3	24	0.0000	0.0000	0.00	
19:32:54	5	-0.3	24	0.0000	0.0000	0.00	
19:32:55	5	-0.2	24	0.0000	0.0000	0.00	
19:32:56	5	-0.3	24	0.0000	0.0000	0.00	
19:32:57	5	-0.3	24	0.0000	0.0000	0.00	
19:32:58	5	-0.2	24	0.0000	0.0000	0.00	
19:32:59	5	-0.2	24	0.0000	0.0000	0.00	
19:33:00	5	-0.2	24	0.0000	0.0000	0.00	
19:33:01	5	-0.2	24	0.0000	0.0000	0.00	
19:33:02	5	-0.2	24	0.0000	0.0000	0.00	
19:33:03	5	-0.2	24	0.0000	0.0000	0.00	
19:33:04	5	-0.2	24	0.0000	0.0000	0.00	
19:33:05	5	-0.3	24	0.0000	0.0000	0.00	
19:33:06	5	-0.2	24	0.0000	0.0000	0.00	
19:33:07	5	-0.2	24	0.0000	0.0000	0.00	
19:33:08	5	-0.2	24	0.0000	0.0000	0.00	
19:33:09	5	-0.2	24	0.0000	0.0000	0.00	
19:33:10	5	-0.2	24	0.0000	0.0000	0.00	
19:33:11	5	-0.2	24	0.0000	0.0000	0.00	
19:33:12	5	-0.2	24	0.0000	0.0000	0.00	
19:33:13	5	-0.2	24	0.0000	0.0000	0.00	
19:33:14	5	-0.2	24	0.0000	0.0000	0.00	
19:33:15	5	-0.2	24	0.0000	0.0000	0.00	
19:33:16	5	-0.2	24	0.0000	0.0000	0.00	
19:33:17	5	-0.2	24	0.0000	0.0000	0.00	
19:33:18	5	-0.2	24	0.0000	0.0000	0.00	
19:33:19	5	-0.2	24	0.0000	0.0000	0.00	
19:33:20	5	-0.2	24	0.0000	0.0000	0.00	
19:33:21	5	-0.2	24	0.0000	0.0000	0.00	
19:33:22	5	-0.2	24	0.0000	0.0000	0.00	
19:33:23	5	-0.2	24	0.0000	0.0000	0.00	
19:33:24	5	-0.2	24	0.0000	0.0000	0.00	
19:33:25	5	-0.2	24	0.0000	0.0000	0.00	
19:33:26	5	-0.2	24	0.0000	0.0000	0.00	
19:33:27	5	-0.2	24	0.0000	0.0000	0.00	
19:33:28	5	-0.2	24	0.0000	0.0000	0.00	
19:33:29	5	-0.2	24	0.0000	0.0000	0.00	
19:33:30	5	-0.3	24	0.0000	0.0000	0.00	
19:33:31	5	-0.3	24	0.0000	0.0000	0.00	
19:33:32	5	-0.3	24	0.0000	0.0000	0.00	
19:33:33	5	-0.2	24	0.0000	0.0000	0.00	
19:33:34	5	-0.3	24	0.0000	0.0000	0.00	
19:33:35	5	-0.3	24	0.0000	0.0000	0.00	
19:33:36	5	-0.3	24	0.0000	0.0000	0.00	
19:33:37	5	-0.3	24	0.0000	0.0000	0.00	
19:33:38	5	-0.3	24	0.0000	0.0000	0.00	
19:33:39	5	-0.3	24	0.0000	0.0000	0.00	
19:33:40	5	-0.3	24	0.0000	0.0000	0.00	
19:33:41	5	-0.3	24	0.0000	0.0000	0.00	
19:33:42	5	-0.3	24	0.0000	0.0000	0.00	
19:33:43	5	-0.3	24	0.0000	0.0000	0.00	
19:33:44	5	-0.2	24	0.0000	0.0000	0.00	
19:33:45	5	-0.2	24	0.0000	0.0000	0.00	
19:33:46	5	-0.2	24	0.0000	0.0000	0.00	
19:33:47	5	-0.2	24	0.0000	0.0000	0.00	
19:33:48	5	-0.2	24	0.0000	0.0000	0.00	
19:33:49	5	-0.2	24	0.0000	0.0000	0.00	
19:33:50	5	-0.2	24	0.0000	0.0000	0.00	
