Data Start: 2020-09-19 19:52:45
Data End: 2020-09-19 20:09:18
Devicename: Multi Plankton Sampler MPS
IdentNo.: 1020

Net []
Range1: 0 to 5

Pressure [dbar]
Range1: 0.0 to 3000.0  Cal0: -8.585877E+2  Cal1: 1.175972E-1  Cal2: -1.044298E-6  Cal3: -1.441992E+0  Cal4: 9.253807E-5  Cal5: -8.766143E-10  Cal6: 7.97392E-2  Cal7: 7.856609E-2  Cal8: -1.359118E-8

Volume [m³]
Range1: 0 to 65000  Cal0: 2.5E-1

Flow in [m/s]
Range1: 0.0000 to 9.9000

Flow out [m/s]
Range1: 0.0000 to 9.9000

Flow ratio [%]
Range1: 0.00 to 200.00

Header Comment

Ship: Barker Boys
Cruise:		
Station: 004	
Cast: 002
Position: Start: 44 52.372 N  66 47.662 W | End: 44 52.028 N  66 48.425 W
Operator: Davies/Pearson


Time [hh:mm:ss]	Net []	Pressure [dbar]	Volume [m³]	Flow in [m/s]	Flow out [m/s]	Flow ratio [%]	Comments  [Index]
19:52:45	0	0.0	0	0.0000	0.7000	0.00	
19:52:46	0	0.1	0	0.0000	0.8000	0.00	
19:52:47	0	0.1	0	0.0000	0.1000	0.00	
19:52:48	0	0.1	0	0.0000	0.0000	0.00	
19:52:49	0	0.1	0	0.0000	0.0000	0.00	
19:52:50	0	0.1	0	0.0000	0.0000	0.00	
19:52:51	0	0.1	0	0.0000	0.0000	0.00	
19:52:52	0	0.1	0	0.0000	0.1000	0.00	
19:52:53	0	0.1	0	0.0000	0.1000	0.00	
19:52:54	0	0.1	0	0.0000	0.0000	0.00	
19:52:55	0	0.1	0	0.0000	0.0000	0.00	
19:52:56	0	0.1	0	0.0000	0.0000	0.00	
19:52:57	0	0.1	0	0.0000	0.0000	0.00	
19:52:58	0	0.0	0	0.0000	0.0000	0.00	
19:52:59	0	0.1	0	0.0000	0.0000	0.00	
19:53:00	0	0.1	0	0.0000	0.0000	0.00	
19:53:01	0	0.0	0	0.0000	0.0000	0.00	
19:53:02	0	0.0	0	0.0000	0.0000	0.00	
19:53:03	0	0.0	0	0.0000	0.0000	0.00	
19:53:04	0	0.0	0	0.0000	0.0000	0.00	
19:53:05	0	0.0	0	0.0000	0.0000	0.00	
19:53:06	0	0.0	0	0.0000	0.0000	0.00	
19:53:07	0	0.0	0	0.0000	0.0000	0.00	
19:53:08	0	0.1	0	0.0000	0.0000	0.00	
19:53:09	0	0.1	0	0.0000	0.0000	0.00	
19:53:10	0	0.1	0	0.0000	0.0000	0.00	
19:53:11	0	0.1	0	0.0000	0.0000	0.00	
19:53:12	0	0.1	0	0.0000	0.0000	0.00	
19:53:13	0	0.1	0	0.0000	0.0000	0.00	
19:53:14	0	0.1	0	0.0000	0.0000	0.00	
19:53:15	0	0.1	0	0.0000	0.0000	0.00	
19:53:16	0	0.1	0	0.0000	0.0000	0.00	
19:53:17	0	0.1	0	0.0000	0.0000	0.00	
19:53:18	0	0.1	0	0.0000	0.0000	0.00	
19:53:19	0	0.1	0	0.0000	0.0000	0.00	
19:53:20	0	0.1	0	0.0000	0.0000	0.00	
19:53:21	0	0.1	0	0.0000	0.0000	0.00	
19:53:22	0	0.1	0	0.0000	0.0000	0.00	
19:53:23	0	0.1	0	0.0000	0.0000	0.00	
19:53:24	0	0.1	0	0.0000	0.1000	0.00	
19:53:25	0	0.1	0	0.0000	0.1000	0.00	
19:53:26	0	0.1	0	0.0000	0.0000	0.00	
19:53:27	0	0.1	0	0.0000	0.0000	0.00	
19:53:28	0	0.1	0	0.0000	0.1000	0.00	
19:53:29	0	0.1	0	0.0000	0.1000	0.00	
19:53:30	0	0.1	0	0.0000	0.0000	0.00	
19:53:31	0	0.1	0	0.0000	0.0000	0.00	
19:53:32	0	0.0	0	0.0000	0.0000	0.00	
19:53:33	0	0.0	0	0.0000	0.1000	0.00	
19:53:34	0	0.0	0	0.1000	0.1000	100.00	
19:53:35	0	0.0	0	0.1000	0.0000	0.00	
19:53:36	0	0.0	0	0.0000	0.0000	0.00	
19:53:37	0	0.0	0	0.0000	0.0000	0.00	
19:53:38	0	0.0	0	0.0000	0.0000	0.00	
19:53:39	0	0.0	0	0.0000	0.0000	0.00	
19:53:40	0	0.0	0	0.0000	0.0000	0.00	
19:53:41	0	0.0	0	0.0000	0.0000	0.00	
19:53:42	0	0.0	0	0.1000	0.0000	0.00	
19:53:43	0	0.0	0	0.2000	0.0000	0.00	
19:53:44	0	0.0	0	0.1000	0.0000	0.00	
19:53:45	0	0.0	0	0.0000	0.0000	0.00	
19:53:46	0	0.0	0	0.0000	0.0000	0.00	
19:53:47	0	0.0	0	0.1000	0.0000	0.00	
19:53:48	0	0.0	0	0.1000	0.0000	0.00	
19:53:49	0	0.0	0	0.0000	0.0000	0.00	
19:53:50	0	0.0	0	0.1000	0.0000	0.00	
19:53:51	0	0.0	0	0.1000	0.0000	0.00	
19:53:52	0	0.0	0	0.0000	0.0000	0.00	
19:53:53	0	0.1	0	0.0000	0.0000	0.00	
19:53:54	0	0.0	0	0.0000	0.0000	0.00	
19:53:55	0	0.0	0	0.0000	0.0000	0.00	
19:53:56	0	0.0	0	0.1000	0.0000	0.00	
19:53:57	0	0.0	0	0.1000	0.0000	0.00	
19:53:58	0	0.0	0	0.0000	0.0000	0.00	
19:53:59	0	0.0	0	0.0000	0.0000	0.00	
19:54:00	0	0.1	0	0.0000	0.0000	0.00	
19:54:01	0	0.0	0	0.1000	0.0000	0.00	
19:54:02	0	0.0	0	0.1000	0.0000	0.00	
19:54:03	0	0.0	0	0.0000	0.0000	0.00	
19:54:04	0	0.0	0	0.0000	0.0000	0.00	
19:54:05	0	0.0	0	0.0000	0.0000	0.00	
19:54:06	0	0.0	0	0.0000	0.0000	0.00	
19:54:07	0	0.0	0	0.0000	0.0000	0.00	
19:54:08	0	0.0	0	0.0000	0.0000	0.00	
19:54:09	0	0.0	0	0.4000	0.3000	133.33	
19:54:10	0	0.0	0	1.2000	0.8000	150.00	
19:54:11	0	0.3	1	1.5000	1.1000	136.36	
19:54:12	0	0.5	1	1.5000	1.3000	115.38	
19:54:13	0	0.9	2	1.8000	1.6000	112.50	
19:54:14	0	1.2	2	1.9000	1.7000	111.76	
19:54:15	0	1.6	3	1.8000	1.6000	112.50	
19:54:16	0	2.0	3	1.8000	1.7000	105.88	
19:54:17	0	2.4	4	2.1000	1.7000	123.53	
19:54:18	0	2.8	4	1.9000	1.4000	135.71	
19:54:19	0	3.0	4	1.6000	1.2000	133.33	
19:54:20	0	3.4	5	1.6000	1.2000	133.33	
19:54:21	0	3.9	5	1.4000	1.2000	116.67	
19:54:22	0	4.2	5	1.4000	1.3000	107.69	
19:54:23	0	4.7	6	1.4000	1.2000	116.67	
19:54:24	0	5.1	6	1.4000	1.2000	116.67	
19:54:25	0	5.6	6	1.4000	1.2000	116.67	
19:54:26	0	6.0	7	1.4000	1.2000	116.67	
19:54:27	0	6.4	7	1.3000	1.2000	108.33	
19:54:28	0	6.8	7	1.3000	1.1000	118.18	
19:54:29	0	7.2	8	1.3000	1.2000	108.33	
19:54:30	0	7.6	8	1.2000	1.1000	109.09	
19:54:31	0	8.1	8	1.2000	1.0000	120.00	
19:54:32	0	8.5	9	1.2000	1.1000	109.09	
19:54:33	0	9.0	9	1.2000	1.1000	109.09	
19:54:34	0	9.5	9	1.2000	1.1000	109.09	
19:54:35	0	10.1	10	1.2000	1.1000	109.09	
19:54:36	0	10.8	10	1.3000	1.0000	130.00	
19:54:37	0	11.3	10	1.3000	1.0000	130.00	
19:54:38	0	11.9	11	1.2000	1.1000	109.09	
19:54:39	0	12.6	11	1.1000	1.0000	110.00	
19:54:40	0	13.3	11	1.2000	1.0000	120.00	
19:54:41	0	14.0	11	1.1000	1.0000	110.00	
19:54:42	0	14.7	12	0.9000	0.9000	100.00	
19:54:43	0	15.4	12	1.0000	0.9000	111.11	
19:54:44	0	16.1	12	1.0000	0.9000	111.11	
19:54:45	0	16.8	12	0.9000	1.0000	90.00	
19:54:46	0	17.6	12	0.8000	0.8000	100.00	
19:54:47	0	18.4	13	0.7000	0.5000	140.00	
19:54:48	0	19.2	13	0.8000	0.5000	160.00	
19:54:49	0	19.9	13	0.7000	0.8000	87.50	
19:54:50	0	20.6	13	0.7000	0.8000	87.50	
19:54:51	0	21.6	13	0.6000	0.4000	150.00	
19:54:52	0	22.5	13	0.7000	0.3000	233.33	
19:54:53	0	23.2	14	0.8000	0.6000	133.33	
19:54:54	0	24.1	14	0.5000	0.5000	100.00	
19:54:55	0	25.1	14	0.3000	0.1000	300.00	
19:54:56	0	25.8	14	0.5000	0.3000	166.67	
19:54:57	0	26.7	14	0.6000	0.5000	120.00	
19:54:58	0	27.6	14	0.5000	0.4000	125.00	
19:54:59	0	28.4	14	0.6000	0.3000	200.00	
19:55:00	0	29.1	15	0.8000	0.5000	160.00	
19:55:01	0	29.9	15	0.5000	0.6000	83.33	
19:55:02	0	30.6	15	0.5000	0.4000	125.00	
19:55:03	0	31.2	15	0.7000	0.4000	175.00	
19:55:04	0	31.9	15	0.5000	0.6000	83.33	
19:55:05	0	32.6	15	0.5000	0.5000	100.00	
19:55:06	0	33.1	15	0.8000	0.7000	114.29	
19:55:07	0	33.7	16	0.7000	0.9000	77.78	
19:55:08	0	34.2	16	0.8000	0.9000	88.89	
19:55:09	0	34.7	16	0.8000	0.9000	88.89	
19:55:10	0	35.4	16	0.8000	0.8000	100.00	
19:55:11	0	35.9	16	0.8000	0.9000	88.89	
19:55:12	0	36.4	17	0.7000	0.9000	77.78	
19:55:13	0	36.9	17	0.7000	0.9000	77.78	
19:55:14	0	37.5	17	0.7000	0.9000	77.78	
19:55:15	0	37.9	17	0.7000	0.8000	87.50	
19:55:16	0	38.3	17	0.8000	0.8000	100.00	
19:55:17	0	38.7	17	0.8000	0.8000	100.00	
19:55:18	0	39.1	18	0.8000	0.8000	100.00	
19:55:19	0	39.6	18	0.8000	0.8000	100.00	
19:55:20	0	40.0	18	0.8000	0.8000	100.00	
19:55:21	0	40.4	18	0.8000	0.8000	100.00	
19:55:22	0	40.8	18	0.8000	0.9000	88.89	
19:55:23	0	41.3	19	0.8000	0.9000	88.89	
19:55:24	0	41.8	19	0.8000	0.8000	100.00	
19:55:25	0	42.3	19	0.8000	0.8000	100.00	
19:55:26	0	43.0	19	0.7000	0.7000	100.00	
19:55:27	0	43.5	19	0.6000	0.7000	85.71	
19:55:28	0	44.1	19	0.6000	0.8000	75.00	
19:55:29	0	44.7	20	0.5000	0.6000	83.33	
19:55:30	0	45.4	20	0.5000	0.5000	100.00	
19:55:31	0	46.1	20	0.5000	0.5000	100.00	
19:55:32	0	46.7	20	0.5000	0.5000	100.00	
19:55:33	0	47.4	20	0.5000	0.7000	71.43	
19:55:34	0	48.1	20	0.5000	0.5000	100.00	
19:55:35	0	48.7	20	0.5000	0.5000	100.00	
19:55:36	0	49.6	21	0.5000	0.5000	100.00	
19:55:37	0	50.4	21	0.5000	0.5000	100.00	
19:55:38	0	51.0	21	0.5000	0.6000	83.33	
19:55:39	0	51.9	21	0.5000	0.3000	166.67	
19:55:40	0	52.6	21	0.6000	0.1000	600.00	
19:55:41	0	53.4	21	0.6000	0.4000	150.00	
19:55:42	0	54.1	21	0.6000	0.4000	150.00	
19:55:43	0	54.9	22	0.6000	0.4000	150.00	
19:55:44	0	55.7	22	0.5000	0.7000	71.43	
19:55:45	0	56.3	22	0.8000	0.8000	100.00	
19:55:46	0	56.8	22	0.9000	0.9000	100.00	
19:55:47	0	57.5	22	0.6000	0.7000	85.71	
19:55:48	0	58.0	22	0.7000	0.8000	87.50	
19:55:49	0	58.7	22	0.5000	0.8000	62.50	
19:55:50	0	59.1	23	0.6000	0.7000	85.71	
19:55:51	0	59.5	23	0.9000	0.8000	112.50	
19:55:52	0	60.0	23	0.6000	0.8000	75.00	
19:55:53	0	60.7	23	0.6000	0.8000	75.00	
19:55:54	0	61.1	23	0.8000	0.8000	100.00	
19:55:55	0	61.5	24	0.9000	0.8000	112.50	
19:55:56	0	61.9	24	0.9000	0.9000	100.00	
19:55:57	0	62.2	24	0.8000	0.9000	88.89	
19:55:58	0	62.8	24	0.8000	0.8000	100.00	
19:55:59	0	63.2	25	1.0000	0.9000	111.11	
19:56:00	0	63.5	25	1.0000	0.9000	111.11	
19:56:01	0	63.9	25	0.9000	0.9000	100.00	
19:56:02	0	64.4	25	0.9000	1.0000	90.00	
19:56:03	0	64.7	26	1.0000	0.9000	111.11	
19:56:04	0	65.2	26	1.0000	0.9000	111.11	
19:56:05	0	65.5	26	1.0000	0.9000	111.11	
19:56:06	0	65.9	26	1.0000	0.9000	111.11	
19:56:07	0	66.3	26	0.9000	1.0000	90.00	
19:56:08	0	66.7	27	1.0000	0.9000	111.11	
19:56:09	0	67.0	27	1.0000	0.9000	111.11	
19:56:10	0	67.4	27	1.0000	1.0000	100.00	
19:56:11	0	68.0	27	1.0000	1.0000	100.00	
19:56:12	0	68.3	28	1.0000	0.9000	111.11	
19:56:13	0	68.7	28	1.0000	0.9000	111.11	
19:56:14	0	69.2	28	1.0000	1.0000	100.00	
19:56:15	0	69.7	28	1.0000	0.9000	111.11	
19:56:16	0	70.4	29	0.9000	0.8000	112.50	
19:56:17	0	70.8	29	0.9000	0.8000	112.50	
19:56:18	0	71.4	29	0.8000	0.8000	100.00	
19:56:19	0	72.0	29	0.6000	0.8000	75.00	
19:56:20	0	72.7	29	0.7000	0.6000	116.67	
19:56:21	0	73.3	30	0.6000	0.6000	100.00	
19:56:22	0	74.0	30	0.6000	0.6000	100.00	
19:56:23	0	74.6	30	0.7000	0.7000	100.00	
19:56:24	0	75.4	30	0.5000	0.7000	71.43	
19:56:25	0	76.2	30	0.5000	0.3000	166.67	
19:56:26	0	76.8	30	0.7000	0.4000	175.00	
19:56:27	0	77.5	30	0.6000	0.6000	100.00	
19:56:28	0	78.4	31	0.5000	0.3000	166.67	
19:56:29	0	79.1	31	0.7000	0.3000	233.33	
19:56:30	0	79.7	31	0.7000	0.6000	116.67	
19:56:31	0	80.5	31	0.5000	0.5000	100.00	
19:56:32	0	81.4	31	0.7000	0.3000	233.33	
19:56:33	0	82.1	31	0.8000	0.4000	200.00	
19:56:34	0	82.9	32	0.8000	0.7000	114.29	
19:56:35	0	83.6	32	0.8000	0.8000	100.00	
19:56:36	0	84.2	32	0.8000	0.8000	100.00	
19:56:37	0	84.8	32	0.8000	0.7000	114.29	
19:56:38	0	85.3	32	0.9000	0.8000	112.50	
19:56:39	0	85.8	33	0.8000	0.9000	88.89	
19:56:40	0	86.3	33	1.0000	0.9000	111.11	
19:56:41	0	86.7	33	1.1000	1.0000	110.00	
19:56:42	0	87.3	33	1.0000	1.0000	100.00	
19:56:43	0	87.7	34	1.0000	1.0000	100.00	
19:56:44	0	88.1	34	1.0000	1.0000	100.00	
19:56:45	0	88.6	34	1.0000	1.0000	100.00	
19:56:46	0	89.1	34	1.1000	1.0000	110.00	
19:56:47	0	89.5	35	1.1000	1.0000	110.00	
19:56:48	0	89.9	35	1.0000	1.0000	100.00	
19:56:49	0	90.3	35	1.0000	1.0000	100.00	
19:56:50	0	90.7	36	1.1000	1.0000	110.00	
19:56:51	0	91.0	36	1.0000	1.0000	100.00	
19:56:52	0	91.4	36	1.0000	1.0000	100.00	
19:56:53	0	91.9	36	1.0000	0.9000	111.11	
19:56:54	0	92.2	37	1.1000	0.9000	122.22	
19:56:55	0	92.4	37	1.0000	1.0000	100.00	
19:56:56	0	92.9	37	1.0000	0.9000	111.11	
19:56:57	0	93.3	37	1.0000	0.9000	111.11	
19:56:58	0	93.6	38	1.1000	1.0000	110.00	
19:56:59	0	94.0	38	1.1000	1.0000	110.00	
19:57:00	0	94.3	38	1.0000	0.9000	111.11	
19:57:01	0	94.7	38	1.0000	0.9000	111.11	
19:57:02	0	95.1	39	1.1000	1.0000	110.00	
19:57:03	0	95.4	39	1.1000	1.0000	110.00	
19:57:04	0	95.8	39	1.0000	0.9000	111.11	
19:57:05	0	96.1	39	1.0000	0.9000	111.11	
19:57:06	0	96.5	40	1.1000	0.9000	122.22	
19:57:07	0	96.8	40	1.0000	0.9000	111.11	
19:57:08	0	97.1	40	1.0000	0.9000	111.11	
19:57:09	0	97.4	40	1.1000	0.9000	122.22	
19:57:10	0	97.8	41	1.1000	1.0000	110.00	
19:57:11	0	98.1	41	1.1000	0.9000	122.22	
19:57:12	0	98.3	41	1.1000	0.9000	122.22	
19:57:13	0	98.5	41	1.0000	0.9000	111.11	
19:57:14	0	98.9	42	1.0000	0.9000	111.11	
19:57:15	0	99.2	42	1.1000	1.0000	110.00	
19:57:16	0	99.4	42	1.1000	1.0000	110.00	
19:57:17	0	99.7	43	1.0000	1.0000	100.00	
19:57:18	0	100.1	43	1.0000	1.0000	100.00	
19:57:19	0	100.5	43	1.1000	1.0000	110.00	
19:57:20	0	100.9	43	1.2000	1.0000	120.00	
19:57:21	0	101.3	44	1.2000	1.0000	120.00	
19:57:22	0	101.7	44	1.2000	1.0000	120.00	
19:57:23	0	102.2	44	1.2000	1.0000	120.00	
19:57:24	0	102.8	45	1.0000	1.0000	100.00	
19:57:25	0	103.3	45	1.0000	0.9000	111.11	
19:57:26	0	103.9	45	1.0000	0.8000	125.00	
19:57:27	0	104.4	45	0.8000	0.8000	100.00	
19:57:28	0	105.0	45	0.8000	0.8000	100.00	
19:57:29	0	105.4	46	0.9000	0.9000	100.00	
19:57:30	0	106.1	46	0.7000	0.7000	100.00	
19:57:31	0	107.1	46	0.5000	0.3000	166.67	
19:57:32	0	107.5	46	0.8000	0.5000	160.00	
19:57:33	0	108.1	46	0.8000	0.8000	100.00	
19:57:34	0	108.9	46	0.5000	0.5000	100.00	
19:57:35	0	109.7	47	0.5000	0.4000	125.00	
19:57:36	0	110.4	47	0.6000	0.5000	120.00	
19:57:37	0	110.8	47	0.7000	0.7000	100.00	
19:57:38	0	111.4	47	0.7000	0.8000	87.50	
19:57:39	0	111.9	47	0.9000	0.9000	100.00	
19:57:40	0	112.4	48	1.0000	1.0000	100.00	
19:57:41	0	113.0	48	1.0000	0.9000	111.11	
19:57:42	0	113.4	48	1.0000	0.9000	111.11	
19:57:43	0	113.8	48	0.9000	1.0000	90.00	
19:57:44	0	114.1	49	1.0000	1.0000	100.00	
19:57:45	0	114.6	49	1.1000	1.0000	110.00	
19:57:46	0	115.0	49	1.2000	1.0000	120.00	
19:57:47	0	115.3	49	1.2000	1.0000	120.00	
19:57:48	0	115.6	50	1.0000	1.0000	100.00	
19:57:49	0	116.1	50	1.0000	1.0000	100.00	
19:57:50	0	116.7	50	1.1000	1.0000	110.00	
19:57:51	0	117.2	51	1.2000	1.0000	120.00	
19:57:52	0	117.6	51	1.2000	1.0000	120.00	
19:57:53	0	118.2	51	1.1000	1.0000	110.00	
19:57:54	0	118.7	51	1.1000	0.9000	122.22	
19:57:55	0	119.3	52	1.0000	0.9000	111.11	
19:57:56	0	119.8	52	1.0000	0.9000	111.11	
19:57:57	0	120.4	52	0.9000	0.8000	112.50	
19:57:58	0	120.9	52	1.0000	0.9000	111.11	
19:57:59	0	121.5	52	0.8000	0.8000	100.00	
19:58:00	0	122.2	53	0.8000	0.5000	160.00	
19:58:01	0	122.8	53	1.0000	0.7000	142.86	
19:58:02	0	123.4	53	0.8000	0.7000	114.29	
19:58:03	0	124.1	53	0.8000	0.4000	200.00	
19:58:04	0	124.7	54	0.9000	0.6000	150.00	
19:58:05	0	125.5	54	0.5000	0.7000	71.43	
19:58:06	0	126.3	54	0.6000	0.3000	200.00	
19:58:07	0	126.8	54	0.9000	0.5000	180.00	
19:58:08	0	127.3	54	0.6000	0.8000	75.00	
19:58:09	0	128.4	54	0.3000	0.4000	75.00	
19:58:10	0	129.2	54	0.5000	0.2000	250.00	
19:58:11	0	129.7	55	0.6000	0.5000	120.00	
19:58:12	0	130.5	55	0.5000	0.7000	71.43	
19:58:13	0	131.2	55	0.8000	0.4000	200.00	
19:58:14	0	131.9	55	0.9000	0.5000	180.00	
19:58:15	0	132.5	55	0.8000	0.8000	100.00	
19:58:16	0	133.0	56	1.0000	0.8000	125.00	
19:58:17	0	133.5	56	0.9000	0.9000	100.00	
19:58:18	0	134.0	56	0.9000	0.9000	100.00	
19:58:19	0	134.6	56	1.0000	0.8000	125.00	
19:58:20	0	135.0	56	1.0000	0.9000	111.11	
19:58:21	0	135.4	57	1.0000	0.9000	111.11	
19:58:22	0	135.8	57	0.9000	0.9000	100.00	
19:58:23	0	136.5	57	1.0000	0.8000	125.00	
19:58:24	0	137.0	57	1.1000	0.8000	137.50	
19:58:25	0	137.4	58	1.0000	0.9000	111.11	
19:58:26	0	138.0	58	0.8000	0.9000	88.89	
19:58:27	0	138.7	58	0.9000	0.8000	112.50	
19:58:28	0	139.3	58	1.0000	0.8000	125.00	
19:58:29	0	139.8	59	1.0000	0.9000	111.11	
19:58:30	0	140.5	59	0.8000	0.8000	100.00	
19:58:31	0	141.2	59	0.9000	0.8000	112.50	
19:58:32	0	141.8	59	1.0000	0.8000	125.00	
19:58:33	0	142.4	60	0.9000	0.9000	100.00	
19:58:34	0	143.1	60	0.8000	0.9000	88.89	
19:58:35	0	143.4	60	1.0000	0.9000	111.11	
19:58:36	0	143.5	60	1.2000	1.0000	120.00	
19:58:37	0	143.8	61	1.0000	1.0000	100.00	
19:58:38	0	143.7	61	1.3000	1.1000	118.18	
19:58:39	0	143.6	61	1.6000	1.2000	133.33	
19:58:40	0	143.6	62	1.5000	1.2000	125.00	
19:58:41	0	143.7	62	1.4000	1.2000	116.67	
19:58:42	0	143.8	62	1.4000	1.2000	116.67	
19:58:43	0	143.9	63	1.4000	1.1000	127.27	
19:58:44	0	143.9	63	1.4000	1.1000	127.27	
19:58:45	0	143.9	63	1.4000	1.1000	127.27	
19:58:46	0	144.0	64	1.4000	1.1000	127.27	
19:58:47	0	144.1	64	1.2000	1.0000	120.00	
19:58:48	0	143.9	64	1.3000	1.1000	118.18	
19:58:49	0	143.9	65	1.4000	1.1000	127.27	
19:58:50	0	144.2	65	1.2000	1.0000	120.00	
19:58:51	0	144.1	65	1.2000	1.0000	120.00	
19:58:52	0	144.0	66	1.3000	1.1000	118.18	
19:58:53	0	144.0	66	1.3000	1.1000	118.18	
19:58:54	0	144.0	66	1.2000	1.1000	109.09	
19:58:55	0	144.3	67	1.0000	1.0000	100.00	
19:58:56	0	144.3	67	1.2000	1.0000	120.00	
19:58:57	0	144.0	67	1.3000	1.0000	130.00	
19:58:58	0	144.1	67	1.2000	1.0000	120.00	
19:58:59	0	144.1	68	1.2000	1.0000	120.00	
19:59:00	0	144.0	68	1.2000	1.1000	109.09	
19:59:01	0	143.9	68	1.4000	1.1000	127.27	
19:59:02	0	143.7	69	1.3000	1.2000	108.33	
19:59:03	0	143.7	69	1.2000	1.2000	100.00	
19:59:04	0	143.5	69	1.4000	1.2000	116.67	
19:59:05	0	143.4	70	1.6000	1.3000	123.08	
19:59:06	0	143.2	70	1.6000	1.4000	114.29	
19:59:07	0	143.2	71	1.4000	1.3000	107.69	
19:59:08	0	143.2	71	1.4000	1.2000	116.67	
19:59:09	0	142.8	71	1.7000	1.3000	130.77	
19:59:10	0	142.8	72	1.6000	1.3000	123.08	
19:59:11	0	142.8	72	1.3000	1.2000	108.33	
19:59:12	0	142.7	72	1.4000	1.2000	116.67	
19:59:13	0	142.6	73	1.5000	1.2000	125.00	
19:59:14	0	142.7	73	1.4000	1.1000	127.27	
19:59:15	0	142.5	74	1.4000	1.2000	116.67	
19:59:16	0	142.3	74	1.6000	1.3000	123.08	
19:59:17	0	142.1	74	1.6000	1.2000	133.33	
19:59:18	0	141.9	75	1.4000	1.2000	116.67	
19:59:19	0	141.7	75	1.5000	1.2000	125.00	
19:59:20	0	141.5	75	1.6000	1.2000	133.33	
19:59:21	0	141.1	76	1.6000	1.3000	123.08	
19:59:22	0	141.0	76	1.5000	1.3000	115.38	
19:59:23	0	140.7	77	1.5000	1.3000	115.38	
19:59:24	0	140.3	77	1.6000	1.4000	114.29	
19:59:25	0	140.0	77	1.6000	1.4000	114.29	
19:59:26	0	139.6	78	1.6000	1.5000	106.67	
19:59:27	0	139.2	78	1.4000	1.4000	100.00	
19:59:28	0	138.9	79	1.4000	1.4000	100.00	
19:59:29	0	138.5	79	1.5000	1.4000	107.14	
19:59:30	0	138.0	79	1.6000	1.4000	114.29	
19:59:31	0	137.5	80	1.4000	1.5000	93.33	
19:59:32	0	137.2	80	1.3000	1.4000	92.86	
19:59:33	0	136.7	80	1.6000	1.4000	114.29	
19:59:34	0	136.3	81	1.6000	1.4000	114.29	
19:59:35	0	135.8	81	1.5000	1.4000	107.14	
19:59:36	0	135.4	82	1.5000	1.4000	107.14	
19:59:37	0	134.8	82	1.5000	1.4000	107.14	
19:59:38	0	134.5	82	1.5000	1.4000	107.14	
19:59:39	0	133.9	83	1.5000	1.4000	107.14	
19:59:40	0	133.2	83	1.4000	1.6000	87.50	
19:59:41	0	132.8	83	1.3000	1.5000	86.67	
19:59:42	0	132.0	84	1.4000	1.4000	100.00	
19:59:43	1	131.5	0	1.4000	1.5000	93.33	
19:59:44	1	131.0	0	1.5000	1.5000	100.00	
19:59:45	1	130.5	1	1.6000	1.5000	106.67	
19:59:46	1	129.7	1	1.6000	1.6000	100.00	
19:59:47	1	129.1	1	1.4000	1.6000	87.50	
19:59:48	1	128.6	2	1.2000	1.4000	85.71	
19:59:49	1	128.0	2	1.2000	1.5000	80.00	
19:59:50	1	127.3	2	1.2000	1.6000	75.00	
19:59:51	1	126.8	3	1.2000	1.5000	80.00	
19:59:52	1	126.1	3	1.2000	1.5000	80.00	
19:59:53	1	125.4	3	1.2000	1.5000	80.00	
19:59:54	1	124.8	3	1.2000	1.5000	80.00	
19:59:55	1	124.2	4	1.3000	1.5000	86.67	
19:59:56	1	123.5	4	1.3000	1.6000	81.25	
19:59:57	1	122.8	4	1.2000	1.6000	75.00	
19:59:58	1	122.1	5	1.3000	1.6000	81.25	
19:59:59	1	121.6	5	1.4000	1.6000	87.50	
20:00:00	1	121.0	6	1.5000	1.6000	93.75	
20:00:01	1	120.3	6	1.6000	1.7000	94.12	
20:00:02	1	119.8	6	1.4000	1.7000	82.35	
20:00:03	1	119.1	7	1.4000	1.6000	87.50	
20:00:04	1	118.5	7	1.5000	1.6000	93.75	
20:00:05	1	117.9	7	1.5000	1.7000	88.24	
20:00:06	1	117.3	8	1.5000	1.7000	88.24	
20:00:07	1	116.6	8	1.5000	1.6000	93.75	
20:00:08	1	116.0	8	1.4000	1.7000	82.35	
20:00:09	1	115.5	9	1.5000	1.7000	88.24	
20:00:10	1	114.8	9	1.6000	1.7000	94.12	
20:00:11	1	114.3	10	1.6000	1.7000	94.12	
20:00:12	1	113.7	10	1.6000	1.6000	100.00	
20:00:13	1	113.3	11	1.7000	1.6000	106.25	
20:00:14	1	112.6	11	1.7000	1.6000	106.25	
20:00:15	1	112.0	11	1.6000	1.7000	94.12	
20:00:16	1	111.6	12	1.6000	1.8000	88.89	
20:00:17	1	111.1	12	1.8000	1.8000	100.00	
20:00:18	1	110.6	13	1.7000	1.7000	100.00	
20:00:19	1	110.0	13	1.6000	1.7000	94.12	
20:00:20	1	109.4	13	1.6000	1.8000	88.89	
20:00:21	1	109.0	14	1.6000	1.8000	88.89	
20:00:22	1	108.5	14	1.7000	1.8000	94.44	
20:00:23	1	108.0	15	1.6000	1.8000	88.89	
20:00:24	1	107.6	15	1.6000	1.7000	94.12	
20:00:25	1	107.1	16	1.9000	1.8000	105.56	
20:00:26	1	106.6	16	1.9000	1.9000	100.00	
20:00:27	1	106.2	16	1.7000	1.8000	94.44	
20:00:28	1	105.8	17	1.7000	1.7000	100.00	
20:00:29	1	105.2	17	1.8000	1.7000	105.88	
20:00:30	2	104.8	0	1.7000	1.8000	94.44	
20:00:31	2	104.3	0	1.7000	1.8000	94.44	
20:00:32	2	103.8	1	1.8000	1.8000	100.00	
20:00:33	2	103.3	1	1.7000	1.8000	94.44	
20:00:34	2	102.9	2	1.4000	1.8000	77.78	
20:00:35	2	102.4	2	1.4000	1.7000	82.35	
20:00:36	2	101.8	2	1.8000	1.8000	100.00	
20:00:37	2	101.2	3	1.6000	1.8000	88.89	
20:00:38	2	100.9	3	1.3000	1.7000	76.47	
20:00:39	2	100.3	3	1.6000	1.8000	88.89	
20:00:40	2	99.8	4	1.5000	1.8000	83.33	
20:00:41	2	99.4	4	1.5000	1.8000	83.33	
20:00:42	2	98.7	5	1.7000	1.9000	89.47	
20:00:43	2	98.3	5	1.4000	1.8000	77.78	
20:00:44	2	97.9	5	1.5000	1.7000	88.24	
20:00:45	2	97.3	6	1.7000	1.8000	94.44	
20:00:46	2	96.8	6	1.6000	1.8000	88.89	
20:00:47	2	96.3	7	1.7000	1.9000	89.47	
20:00:48	2	95.9	7	1.8000	1.8000	100.00	
20:00:49	2	95.4	8	1.8000	1.8000	100.00	
20:00:50	2	95.1	8	1.7000	1.8000	94.44	
20:00:51	2	94.7	8	1.7000	1.8000	94.44	
20:00:52	2	94.3	9	1.7000	1.8000	94.44	
20:00:53	2	93.9	9	1.6000	1.9000	84.21	
20:00:54	2	93.5	10	1.7000	1.9000	89.47	
20:00:55	2	93.1	10	1.6000	1.8000	88.89	
20:00:56	2	92.6	11	1.6000	1.6000	100.00	
20:00:57	2	92.1	11	1.7000	1.7000	100.00	
20:00:58	2	91.6	11	1.6000	1.8000	88.89	
20:00:59	2	91.3	12	1.6000	1.8000	88.89	
20:01:00	2	90.9	12	1.6000	1.7000	94.12	
20:01:01	2	90.5	13	1.6000	1.8000	88.89	
20:01:02	2	89.9	13	1.8000	1.8000	100.00	
20:01:03	2	89.5	13	1.6000	1.8000	88.89	
20:01:04	2	89.1	14	1.5000	1.7000	88.24	
20:01:05	2	88.7	14	1.7000	1.7000	100.00	
20:01:06	2	88.4	15	1.6000	1.8000	88.89	
20:01:07	2	87.8	15	1.6000	1.8000	88.89	
20:01:08	2	87.4	15	1.6000	1.8000	88.89	
20:01:09	2	87.1	16	1.6000	1.8000	88.89	
20:01:10	2	86.6	16	1.6000	1.8000	88.89	
20:01:11	2	86.2	17	1.4000	1.8000	77.78	
20:01:12	2	85.7	17	1.5000	1.8000	83.33	
20:01:13	2	85.3	17	1.5000	1.8000	83.33	
20:01:14	2	84.8	18	1.6000	1.8000	88.89	
20:01:15	2	84.5	18	1.6000	1.8000	88.89	
20:01:16	2	84.0	18	1.6000	1.8000	88.89	
20:01:17	2	83.6	19	1.6000	1.8000	88.89	
20:01:18	2	83.3	19	1.6000	1.8000	88.89	
20:01:19	2	82.9	20	1.6000	1.8000	88.89	
20:01:20	2	82.5	20	1.6000	1.8000	88.89	
20:01:21	2	82.1	20	1.6000	1.8000	88.89	
20:01:22	2	81.8	21	1.6000	1.8000	88.89	
20:01:23	2	81.4	21	1.7000	1.8000	94.44	
20:01:24	2	81.0	22	1.8000	1.8000	100.00	
20:01:25	2	80.5	22	1.8000	1.8000	100.00	
20:01:26	2	80.1	23	1.6000	1.8000	88.89	
20:01:27	2	79.8	23	1.6000	1.7000	94.12	
20:01:28	2	79.4	23	1.8000	1.7000	105.88	
20:01:29	3	78.9	0	1.6000	1.8000	88.89	
20:01:30	3	78.6	0	1.6000	1.8000	88.89	
20:01:31	3	78.3	1	1.6000	1.8000	88.89	
20:01:32	3	78.1	1	1.6000	1.8000	88.89	
20:01:33	3	77.6	2	1.7000	1.8000	94.44	
20:01:34	3	77.2	2	1.6000	1.8000	88.89	
20:01:35	3	76.7	2	1.8000	1.8000	100.00	
20:01:36	3	76.5	3	1.7000	1.8000	94.44	
20:01:37	3	76.3	3	1.6000	1.6000	100.00	
20:01:38	3	75.8	4	1.8000	1.7000	105.88	
20:01:39	3	75.3	4	1.6000	1.8000	88.89	
20:01:40	3	74.8	4	1.5000	1.8000	83.33	
20:01:41	3	74.5	5	1.6000	1.7000	94.12	
20:01:42	3	74.1	5	1.6000	1.6000	100.00	
20:01:43	3	73.6	6	1.6000	1.8000	88.89	
20:01:44	3	73.2	6	1.6000	1.8000	88.89	
20:01:45	3	73.0	6	1.6000	1.8000	88.89	
20:01:46	3	72.6	7	1.7000	1.8000	94.44	
20:01:47	3	72.2	7	1.7000	1.8000	94.44	
20:01:48	3	71.9	8	1.7000	1.8000	94.44	
20:01:49	3	71.5	8	1.8000	1.8000	100.00	
20:01:50	3	71.2	9	1.7000	1.8000	94.44	
20:01:51	3	70.9	9	1.6000	1.8000	88.89	
20:01:52	3	70.5	9	1.6000	1.7000	94.12	
20:01:53	3	70.2	10	1.8000	1.7000	105.88	
20:01:54	3	69.8	10	1.7000	1.8000	94.44	
20:01:55	3	69.4	11	1.7000	1.8000	94.44	
20:01:56	3	69.2	11	1.6000	1.8000	88.89	
20:01:57	3	68.9	11	1.6000	1.8000	88.89	
20:01:58	3	68.6	12	1.6000	1.8000	88.89	
20:01:59	3	68.1	12	1.6000	1.8000	88.89	
20:02:00	3	67.6	13	1.6000	1.8000	88.89	
20:02:01	3	67.3	13	1.5000	1.8000	83.33	
20:02:02	3	67.0	13	1.6000	1.6000	100.00	
20:02:03	3	66.6	14	1.8000	1.7000	105.88	
20:02:04	3	66.2	14	1.8000	1.8000	100.00	
20:02:05	3	66.0	15	1.6000	1.8000	88.89	
20:02:06	3	65.6	15	1.6000	1.8000	88.89	
20:02:07	3	65.3	16	1.7000	1.8000	94.44	
20:02:08	3	64.8	16	1.6000	1.8000	88.89	
20:02:09	3	64.5	16	1.4000	1.7000	82.35	
20:02:10	3	64.0	17	1.5000	1.6000	93.75	
20:02:11	3	63.5	17	1.5000	1.7000	88.24	
20:02:12	3	63.2	17	1.5000	1.8000	83.33	
20:02:13	3	62.7	18	1.5000	1.8000	83.33	
20:02:14	3	62.4	18	1.6000	1.8000	88.89	
20:02:15	3	62.0	19	1.6000	1.8000	88.89	
20:02:16	3	61.6	19	1.6000	1.8000	88.89	
20:02:17	3	61.3	19	1.6000	1.9000	84.21	
20:02:18	3	60.9	20	1.6000	1.8000	88.89	
20:02:19	3	60.7	20	1.5000	1.8000	83.33	
20:02:20	3	60.3	21	1.6000	1.8000	88.89	
20:02:21	3	59.8	21	1.5000	1.8000	83.33	
20:02:22	3	59.4	21	1.5000	1.7000	88.24	
20:02:23	3	59.1	22	1.6000	1.7000	94.12	
20:02:24	3	58.7	22	1.5000	1.8000	83.33	
20:02:25	3	58.2	23	1.6000	1.8000	88.89	
20:02:26	3	57.8	23	1.6000	1.8000	88.89	
20:02:27	3	57.4	23	1.6000	1.8000	88.89	
20:02:28	3	57.1	24	1.6000	1.9000	84.21	
20:02:29	3	56.9	24	1.6000	1.9000	84.21	
20:02:30	3	56.5	25	1.7000	1.8000	94.44	
20:02:31	3	56.0	25	1.6000	1.8000	88.89	
20:02:32	3	55.6	25	1.6000	1.8000	88.89	
20:02:33	3	55.2	26	1.5000	1.8000	83.33	
20:02:34	3	54.7	26	1.5000	1.8000	83.33	
20:02:35	3	54.4	27	1.4000	1.8000	77.78	
20:02:36	3	53.9	27	1.6000	1.8000	88.89	
20:02:37	3	53.6	27	1.7000	1.8000	94.44	
20:02:38	4	53.1	0	1.6000	1.8000	88.89	
20:02:39	4	52.7	0	1.6000	1.8000	88.89	
20:02:40	4	52.4	1	1.6000	1.8000	88.89	
20:02:41	4	52.0	1	1.7000	1.9000	89.47	
20:02:42	4	51.6	2	1.7000	1.9000	89.47	
20:02:43	4	51.4	2	1.5000	1.8000	83.33	
20:02:44	4	50.9	2	1.5000	1.8000	83.33	
20:02:45	4	50.5	3	1.6000	1.9000	84.21	
20:02:46	4	50.2	3	1.6000	1.8000	88.89	
20:02:47	4	49.7	4	1.6000	1.8000	88.89	
20:02:48	4	49.3	4	1.7000	1.9000	89.47	
20:02:49	4	48.9	4	1.7000	1.9000	89.47	
20:02:50	4	48.7	5	1.7000	1.9000	89.47	
20:02:51	4	48.4	5	1.7000	1.9000	89.47	
20:02:52	4	48.1	6	1.8000	1.9000	94.74	
20:02:53	4	47.7	6	1.7000	1.9000	89.47	
20:02:54	4	47.3	7	1.7000	1.9000	89.47	
20:02:55	4	47.0	7	1.8000	1.9000	94.74	
20:02:56	4	46.7	7	1.8000	1.9000	94.74	
20:02:57	4	46.5	8	1.7000	1.8000	94.44	
20:02:58	4	46.1	8	1.8000	1.8000	100.00	
20:02:59	4	45.6	9	1.6000	1.9000	84.21	
20:03:00	4	45.1	9	1.6000	1.8000	88.89	
20:03:01	4	44.8	9	1.5000	1.8000	83.33	
20:03:02	4	44.4	10	1.6000	1.7000	94.12	
20:03:03	4	44.0	10	1.8000	1.8000	100.00	
20:03:04	4	43.6	11	1.8000	1.9000	94.74	
20:03:05	4	43.3	11	1.7000	1.9000	89.47	
20:03:06	4	43.0	12	1.8000	1.9000	94.74	
20:03:07	4	42.7	12	1.7000	1.9000	89.47	
20:03:08	4	42.2	13	1.8000	1.8000	100.00	
20:03:09	4	41.8	13	1.8000	1.8000	100.00	
20:03:10	4	41.4	13	1.8000	1.8000	100.00	
20:03:11	4	41.0	14	1.7000	1.8000	94.44	
20:03:12	4	40.7	14	1.6000	1.8000	88.89	
20:03:13	4	40.2	15	1.7000	1.8000	94.44	
20:03:14	4	39.8	15	1.7000	1.8000	94.44	
20:03:15	4	39.5	16	1.6000	1.8000	88.89	
20:03:16	4	39.1	16	1.6000	1.8000	88.89	
20:03:17	4	38.6	16	1.7000	1.8000	94.44	
20:03:18	4	38.2	17	1.7000	1.9000	89.47	
20:03:19	4	37.8	17	1.6000	1.8000	88.89	
20:03:20	4	37.5	18	1.8000	1.8000	100.00	
20:03:21	4	37.1	18	1.9000	1.9000	100.00	
20:03:22	4	36.9	19	1.9000	1.9000	100.00	
20:03:23	4	36.5	19	2.0000	1.9000	105.26	
20:03:24	4	36.2	20	1.9000	1.9000	100.00	
20:03:25	4	35.9	20	1.8000	1.8000	100.00	
20:03:26	4	35.5	20	1.7000	1.8000	94.44	
20:03:27	4	35.2	21	1.7000	1.8000	94.44	
20:03:28	4	34.7	21	1.8000	1.8000	100.00	
20:03:29	4	34.3	22	1.8000	1.8000	100.00	
20:03:30	4	34.0	22	1.7000	1.8000	94.44	
20:03:31	4	33.7	23	1.7000	1.9000	89.47	
20:03:32	4	33.3	23	1.8000	1.8000	100.00	
20:03:33	4	33.1	23	1.8000	1.8000	100.00	
20:03:34	4	32.7	24	1.8000	1.8000	100.00	
20:03:35	4	32.3	24	2.0000	1.9000	105.26	
20:03:36	4	31.9	25	1.8000	1.8000	100.00	
20:03:37	4	31.5	25	1.7000	1.8000	94.44	
20:03:38	4	31.3	26	1.6000	1.7000	94.12	
20:03:39	4	30.8	26	1.8000	1.6000	112.50	
20:03:40	4	30.4	27	1.9000	1.8000	105.56	
20:03:41	4	30.0	27	1.7000	1.8000	94.44	
20:03:42	4	29.6	27	1.6000	1.7000	94.12	
20:03:43	4	29.3	28	1.7000	1.7000	100.00	
20:03:44	4	28.9	28	1.8000	1.8000	100.00	
20:03:45	4	28.5	29	1.9000	1.8000	105.56	
20:03:46	4	28.0	29	1.9000	1.9000	100.00	
20:03:47	4	27.7	30	1.8000	1.8000	100.00	
20:03:48	4	27.5	30	1.7000	1.7000	100.00	
20:03:49	5	27.1	0	1.8000	1.6000	112.50	
20:03:50	5	26.5	0	1.8000	1.8000	100.00	
20:03:51	5	26.0	1	1.8000	1.8000	100.00	
20:03:52	5	25.7	1	1.6000	1.7000	94.12	
20:03:53	5	25.3	2	1.6000	1.6000	100.00	
20:03:54	5	24.9	2	1.6000	1.6000	100.00	
20:03:55	5	24.4	3	1.8000	1.7000	105.88	
20:03:56	5	23.8	3	1.9000	1.8000	105.56	
20:03:57	5	23.5	3	1.8000	1.8000	100.00	
20:03:58	5	23.3	4	1.8000	1.7000	105.88	
20:03:59	5	22.9	4	1.8000	1.7000	105.88	
20:04:00	5	22.4	5	2.0000	1.8000	111.11	
20:04:01	5	22.0	5	2.0000	1.9000	105.26	
20:04:02	5	21.6	6	1.8000	1.8000	100.00	
20:04:03	5	21.3	6	1.8000	1.7000	105.88	
20:04:04	5	20.9	7	1.8000	1.6000	112.50	
20:04:05	5	20.3	7	1.8000	1.7000	105.88	
20:04:06	5	19.9	8	1.8000	1.8000	100.00	
20:04:07	5	19.4	8	1.7000	1.8000	94.44	
20:04:08	5	19.2	8	1.6000	1.7000	94.12	
20:04:09	5	18.7	9	1.7000	1.7000	100.00	
20:04:10	5	18.3	9	1.9000	1.8000	105.56	
20:04:11	5	17.9	10	1.8000	1.8000	100.00	
20:04:12	5	17.5	10	1.8000	1.8000	100.00	
20:04:13	5	17.1	11	1.8000	1.7000	105.88	
20:04:14	5	16.6	11	1.8000	1.8000	100.00	
20:04:15	5	16.2	12	1.8000	1.8000	100.00	
20:04:16	5	15.8	12	1.8000	1.7000	105.88	
20:04:17	5	15.2	13	1.8000	1.8000	100.00	
20:04:18	5	14.7	13	1.8000	1.9000	94.74	
20:04:19	5	14.3	13	1.7000	1.8000	94.44	
20:04:20	5	13.9	14	1.9000	1.8000	105.56	
20:04:21	5	13.5	14	1.9000	1.8000	105.56	
20:04:22	5	13.0	15	1.9000	1.8000	105.56	
20:04:23	5	12.5	15	1.9000	1.8000	105.56	
20:04:24	5	12.2	16	1.7000	1.8000	94.44	
20:04:25	5	11.7	16	1.8000	1.8000	100.00	
20:04:26	5	11.3	17	1.8000	1.8000	100.00	
20:04:27	5	10.7	17	1.8000	1.7000	105.88	
20:04:28	5	10.3	18	1.8000	1.8000	100.00	
20:04:29	5	9.8	18	1.8000	1.8000	100.00	
20:04:30	5	9.4	19	1.8000	1.8000	100.00	
20:04:31	5	8.9	19	1.9000	1.8000	105.56	
20:04:32	5	8.5	19	1.8000	1.8000	100.00	
20:04:33	5	8.0	20	1.8000	1.8000	100.00	
20:04:34	5	7.6	20	1.8000	1.8000	100.00	
20:04:35	5	7.1	21	1.8000	1.8000	100.00	
20:04:36	5	6.7	21	1.8000	1.8000	100.00	
20:04:37	5	6.3	22	1.8000	1.8000	100.00	
20:04:38	5	5.7	22	2.0000	1.8000	111.11	
20:04:39	5	5.2	23	1.9000	1.8000	105.56	
20:04:40	5	4.8	23	1.7000	1.7000	100.00	
20:04:41	5	4.3	24	1.7000	1.7000	100.00	
20:04:42	5	3.7	24	1.8000	1.8000	100.00	
20:04:43	5	3.2	24	1.8000	1.8000	100.00	
20:04:44	5	2.9	25	1.6000	1.7000	94.12	
20:04:45	5	2.4	25	1.6000	1.6000	100.00	
20:04:46	5	2.1	26	1.9000	1.9000	100.00	
20:04:47	5	1.8	26	2.1000	2.2000	95.45	
20:04:48	5	1.5	27	1.9000	2.1000	90.48	
20:04:49	5	1.4	27	1.7000	1.9000	89.47	
20:04:50	5	1.1	28	1.7000	1.8000	94.44	
20:04:51	5	1.0	28	1.7000	1.7000	100.00	
20:04:52	5	0.6	29	1.9000	1.6000	118.75	
20:04:53	5	0.3	29	2.3000	1.8000	127.78	
20:04:54	5	0.1	30	2.2000	2.1000	104.76	
20:04:55	5	-0.1	30	2.2000	2.1000	104.76	
20:04:56	5	-0.3	31	2.2000	2.1000	104.76	
20:04:57	5	-0.3	31	2.2000	2.2000	100.00	
20:04:58	5	-0.3	32	2.0000	2.0000	100.00	
20:04:59	5	-0.3	32	1.3000	1.8000	72.22	
20:05:00	5	-0.3	32	1.0000	1.6000	62.50	
20:05:01	5	-0.3	32	1.0000	1.4000	71.43	
20:05:02	5	-0.3	33	0.7000	1.2000	58.33	
20:05:03	5	-0.3	33	0.3000	0.5000	60.00	
20:05:04	5	-0.3	33	0.1000	0.0000	0.00	
20:05:05	5	-0.3	33	0.0000	0.0000	0.00	
20:05:06	5	-0.3	33	0.0000	0.0000	0.00	
20:05:07	5	-0.3	33	0.0000	0.0000	0.00	
20:05:08	5	-0.3	33	0.0000	0.0000	0.00	
20:05:09	5	-0.3	33	0.0000	0.0000	0.00	
20:05:10	5	-0.3	33	0.0000	0.0000	0.00	
20:05:11	5	-0.3	33	0.0000	0.0000	0.00	
20:05:12	5	-0.3	33	0.0000	0.0000	0.00	
20:05:13	5	-0.3	33	0.0000	0.0000	0.00	
20:05:14	5	-0.3	33	0.0000	0.0000	0.00	
20:05:15	5	-0.3	33	0.0000	0.0000	0.00	
20:05:16	5	-0.3	33	0.1000	0.0000	0.00	
20:05:17	5	-0.3	33	0.1000	0.0000	0.00	
20:05:18	5	-0.3	33	0.0000	0.0000	0.00	
20:05:19	5	-0.3	33	0.0000	0.0000	0.00	
20:05:20	5	-0.3	33	0.0000	0.0000	0.00	
20:05:21	5	-0.3	33	0.0000	0.0000	0.00	
20:05:22	5	-0.3	33	0.0000	0.0000	0.00	
20:05:23	5	-0.3	33	0.0000	0.0000	0.00	
20:05:24	5	-0.3	33	0.0000	0.0000	0.00	
20:05:25	5	-0.3	33	0.0000	0.0000	0.00	
20:05:26	5	-0.3	33	0.0000	0.0000	0.00	
20:05:27	5	-0.3	33	0.0000	0.0000	0.00	
20:05:28	5	-0.3	33	0.0000	0.0000	0.00	
20:05:29	5	-0.3	33	0.0000	0.0000	0.00	
20:05:30	5	-0.3	33	0.0000	0.0000	0.00	
20:05:31	5	-0.3	33	0.0000	0.0000	0.00	
20:05:32	5	-0.3	33	0.0000	0.0000	0.00	
20:05:33	5	-0.3	33	0.0000	0.0000	0.00	
20:05:34	5	-0.2	33	0.0000	0.0000	0.00	
20:05:35	5	-0.2	33	0.0000	0.0000	0.00	
20:05:36	5	-0.3	33	0.0000	0.0000	0.00	
20:05:37	5	-0.3	33	0.0000	0.0000	0.00	
20:05:38	5	-0.3	33	0.0000	0.0000	0.00	
20:05:39	5	-0.3	33	0.0000	0.0000	0.00	
20:05:40	5	-0.3	33	0.0000	0.0000	0.00	
20:05:41	5	-0.3	33	0.0000	0.0000	0.00	
20:05:42	5	-0.2	33	0.0000	0.0000	0.00	
20:05:43	5	-0.3	33	0.0000	0.0000	0.00	
20:05:44	5	-0.3	33	0.0000	0.0000	0.00	
20:05:45	5	-0.3	33	0.0000	0.0000	0.00	
20:05:46	5	-0.3	33	0.0000	0.0000	0.00	
20:05:47	5	-0.3	33	0.0000	0.0000	0.00	
20:05:48	5	-0.3	33	0.0000	0.0000	0.00	
20:05:49	5	-0.3	33	0.0000	0.0000	0.00	
20:05:50	5	-0.3	33	0.0000	0.0000	0.00	
20:05:51	5	-0.3	33	0.0000	0.0000	0.00	
20:05:52	5	-0.2	33	0.0000	0.0000	0.00	
20:05:53	5	-0.3	33	0.0000	0.0000	0.00	
20:05:54	5	-0.3	33	0.0000	0.0000	0.00	
20:05:55	5	-0.3	33	0.0000	0.0000	0.00	
20:05:56	5	-0.3	33	0.0000	0.0000	0.00	
20:05:57	5	-0.3	33	0.0000	0.0000	0.00	
20:05:58	5	-0.3	33	0.0000	0.0000	0.00	
20:05:59	5	-0.3	33	0.0000	0.0000	0.00	
20:06:00	5	-0.3	33	0.0000	0.0000	0.00	
20:06:01	5	-0.3	33	0.0000	0.0000	0.00	
20:06:02	5	-0.3	33	0.0000	0.0000	0.00	
20:06:03	5	-0.3	33	0.0000	0.0000	0.00	
20:06:04	5	-0.3	33	0.0000	0.0000	0.00	
20:06:05	5	-0.3	33	0.0000	0.0000	0.00	
20:06:06	5	-0.3	33	0.0000	0.0000	0.00	
20:06:07	5	-0.3	33	0.0000	0.0000	0.00	
20:06:08	5	-0.3	33	0.0000	0.0000	0.00	
20:06:09	5	-0.3	33	0.0000	0.0000	0.00	
20:06:10	5	-0.2	33	0.0000	0.0000	0.00	
20:06:11	5	-0.2	33	0.0000	0.0000	0.00	
20:06:12	5	-0.2	33	0.0000	0.0000	0.00	
20:06:13	5	-0.2	33	0.0000	0.0000	0.00	
20:06:14	5	-0.2	33	0.0000	0.0000	0.00	
20:06:15	5	-0.2	33	0.0000	0.0000	0.00	
20:06:16	5	-0.2	33	0.0000	0.0000	0.00	
20:06:17	5	-0.2	33	0.0000	0.0000	0.00	
20:06:18	5	-0.2	33	0.0000	0.0000	0.00	
20:06:19	5	-0.2	33	0.0000	0.0000	0.00	
20:06:20	5	-0.2	33	0.0000	0.0000	0.00	
20:06:21	5	-0.2	33	0.0000	0.0000	0.00	
20:06:22	5	-0.2	33	0.0000	0.0000	0.00	
20:06:23	5	-0.2	33	0.0000	0.0000	0.00	
20:06:24	5	-0.2	33	0.0000	0.0000	0.00	
20:06:25	5	-0.2	33	0.0000	0.0000	0.00	
20:06:26	5	-0.2	33	0.0000	0.0000	0.00	
20:06:27	5	-0.2	33	0.0000	0.0000	0.00	
20:06:28	5	-0.2	33	0.0000	0.0000	0.00	
20:06:29	5	-0.2	33	0.0000	0.0000	0.00	
20:06:30	5	-0.2	33	0.0000	0.0000	0.00	
20:06:31	5	-0.2	33	0.0000	0.0000	0.00	
20:06:32	5	-0.2	33	0.0000	0.0000	0.00	
20:06:33	5	-0.2	33	0.0000	0.0000	0.00	
20:06:34	5	-0.2	33	0.0000	0.0000	0.00	
20:06:35	5	-0.2	33	0.0000	0.0000	0.00	
20:06:36	5	-0.2	33	0.0000	0.0000	0.00	
20:06:37	5	-0.2	33	0.0000	0.0000	0.00	
20:06:38	5	-0.2	33	0.0000	0.0000	0.00	
20:06:39	5	-0.2	33	0.0000	0.0000	0.00	
20:06:40	5	-0.2	33	0.0000	0.0000	0.00	
20:06:41	5	-0.2	33	0.0000	0.0000	0.00	
20:06:42	5	-0.2	33	0.0000	0.0000	0.00	
20:06:43	5	-0.2	33	0.0000	0.0000	0.00	
20:06:44	5	-0.2	33	0.0000	0.0000	0.00	
20:06:45	5	-0.2	33	0.0000	0.0000	0.00	
20:06:46	5	-0.2	33	0.0000	0.0000	0.00	
20:06:47	5	-0.2	33	0.0000	0.0000	0.00	
20:06:48	5	-0.2	33	0.0000	0.0000	0.00	
20:06:49	5	-0.2	33	0.0000	0.0000	0.00	
20:06:50	5	-0.2	33	0.0000	0.0000	0.00	
20:06:51	5	-0.2	33	0.0000	0.0000	0.00	
20:06:52	5	-0.2	33	0.0000	0.0000	0.00	
20:06:53	5	-0.2	33	0.0000	0.0000	0.00	
20:06:54	5	-0.2	33	0.0000	0.0000	0.00	
20:06:55	5	-0.3	33	0.0000	0.0000	0.00	
20:06:56	5	-0.3	33	0.0000	0.0000	0.00	
20:06:57	5	-0.3	33	0.0000	0.0000	0.00	
20:06:58	5	-0.3	33	0.0000	0.0000	0.00	
20:06:59	5	-0.3	33	0.0000	0.0000	0.00	
20:07:00	5	-0.3	33	0.0000	0.0000	0.00	
20:07:01	5	-0.3	33	0.0000	0.0000	0.00	
20:07:02	5	-0.3	33	0.0000	0.0000	0.00	
20:07:03	5	-0.3	33	0.0000	0.0000	0.00	
20:07:04	5	-0.3	33	0.0000	0.0000	0.00	
20:07:05	5	-0.2	33	0.0000	0.0000	0.00	
20:07:06	5	-0.2	33	0.0000	0.0000	0.00	
20:07:07	5	-0.2	33	0.0000	0.0000	0.00	
20:07:08	5	-0.2	33	0.0000	0.0000	0.00	
20:07:09	5	-0.2	33	0.0000	0.0000	0.00	
20:07:10	5	-0.2	33	0.0000	0.0000	0.00	
20:07:11	5	-0.2	33	0.0000	0.0000	0.00	
20:07:12	5	-0.2	33	0.0000	0.0000	0.00	
20:07:13	5	-0.2	33	0.0000	0.0000	0.00	
20:07:14	5	-0.2	33	0.0000	0.0000	0.00	
20:07:15	5	-0.2	33	0.0000	0.0000	0.00	
20:07:16	5	-0.2	33	0.0000	0.0000	0.00	
20:07:17	5	-0.2	33	0.0000	0.0000	0.00	
20:07:18	5	-0.2	33	0.0000	0.0000	0.00	
20:07:19	5	-0.2	33	0.0000	0.0000	0.00	
20:07:20	5	-0.2	33	0.0000	0.0000	0.00	
20:07:21	5	-0.2	33	0.0000	0.0000	0.00	
20:07:22	5	-0.2	33	0.0000	0.0000	0.00	
20:07:23	5	-0.2	33	0.0000	0.0000	0.00	
20:07:24	5	-0.2	33	0.0000	0.0000	0.00	
20:07:25	5	-0.2	33	0.0000	0.0000	0.00	
20:07:26	5	-0.2	33	0.0000	0.0000	0.00	
20:07:27	5	-0.2	33	0.0000	0.0000	0.00	
20:07:28	5	-0.2	33	0.0000	0.0000	0.00	
20:07:29	5	-0.2	33	0.0000	0.0000	0.00	
20:07:30	5	-0.2	33	0.0000	0.0000	0.00	
20:07:31	5	-0.2	33	0.0000	0.0000	0.00	
20:07:32	5	-0.2	33	0.0000	0.0000	0.00	
20:07:33	5	-0.2	33	0.0000	0.0000	0.00	
20:07:34	5	-0.2	33	0.0000	0.0000	0.00	
20:07:35	5	-0.2	33	0.0000	0.0000	0.00	
20:07:36	5	-0.2	33	0.0000	0.0000	0.00	
20:07:37	5	-0.2	33	0.0000	0.0000	0.00	
20:07:38	5	-0.2	33	0.0000	0.0000	0.00	
20:07:39	5	-0.2	33	0.0000	0.0000	0.00	
20:07:40	5	-0.2	33	0.0000	0.0000	0.00	
20:07:41	5	-0.2	33	0.0000	0.0000	0.00	
20:07:42	5	-0.2	33	0.0000	0.0000	0.00	
20:07:43	5	-0.2	33	0.0000	0.0000	0.00	
20:07:44	5	-0.2	33	0.0000	0.0000	0.00	
20:07:45	5	-0.2	33	0.0000	0.0000	0.00	
20:07:46	5	-0.2	33	0.0000	0.0000	0.00	
20:07:47	5	-0.2	33	0.0000	0.0000	0.00	
20:07:48	5	-0.2	33	0.0000	0.0000	0.00	
20:07:49	5	-0.2	33	0.0000	0.0000	0.00	
20:07:50	5	-0.2	33	0.0000	0.0000	0.00	
20:07:51	5	-0.2	33	0.0000	0.0000	0.00	
20:07:52	5	-0.2	33	0.0000	0.0000	0.00	
20:07:53	5	-0.2	33	0.0000	0.0000	0.00	
20:07:54	5	-0.2	33	0.0000	0.0000	0.00	
20:07:55	5	-0.3	33	0.0000	0.0000	0.00	
20:07:56	5	-0.3	33	0.0000	0.0000	0.00	
20:07:57	5	-0.3	33	0.0000	0.0000	0.00	
20:07:58	5	-0.3	33	0.0000	0.0000	0.00	
20:07:59	5	-0.3	33	0.0000	0.0000	0.00	
20:08:00	5	-0.2	33	0.0000	0.0000	0.00	
20:08:01	5	-0.2	33	0.0000	0.0000	0.00	
20:08:02	5	-0.2	33	0.0000	0.0000	0.00	
20:08:03	5	-0.2	33	0.0000	0.0000	0.00	
20:08:04	5	-0.3	33	0.0000	0.0000	0.00	
20:08:05	5	-0.2	33	0.0000	0.0000	0.00	
20:08:06	5	-0.2	33	0.0000	0.0000	0.00	
20:08:07	5	-0.2	33	0.0000	0.0000	0.00	
20:08:08	5	-0.2	33	0.0000	0.0000	0.00	
20:08:09	5	-0.2	33	0.0000	0.0000	0.00	
20:08:10	5	-0.2	33	0.0000	0.0000	0.00	
20:08:11	5	-0.2	33	0.0000	0.0000	0.00	
20:08:12	5	-0.2	33	0.0000	0.0000	0.00	
20:08:13	5	-0.2	33	0.0000	0.0000	0.00	
20:08:14	5	-0.2	33	0.0000	0.0000	0.00	
20:08:15	5	-0.2	33	0.0000	0.0000	0.00	
20:08:16	5	-0.2	33	0.0000	0.0000	0.00	
20:08:17	5	-0.2	33	0.0000	0.0000	0.00	
20:08:18	5	-0.2	33	0.0000	0.0000	0.00	
20:08:19	5	-0.2	33	0.0000	0.0000	0.00	
20:08:20	5	-0.2	33	0.0000	0.0000	0.00	
20:08:21	5	-0.2	33	0.0000	0.0000	0.00	
20:08:22	5	-0.2	33	0.0000	0.0000	0.00	
20:08:23	5	-0.2	33	0.0000	0.0000	0.00	
20:08:24	5	-0.2	33	0.0000	0.0000	0.00	
20:08:25	5	-0.2	33	0.0000	0.0000	0.00	
20:08:26	5	-0.2	33	0.0000	0.0000	0.00	
20:08:27	5	-0.2	33	0.0000	0.0000	0.00	
20:08:28	5	-0.2	33	0.0000	0.0000	0.00	
20:08:29	5	-0.2	33	0.0000	0.0000	0.00	
20:08:30	5	-0.2	33	0.0000	0.0000	0.00	
20:08:31	5	-0.2	33	0.0000	0.0000	0.00	
20:08:32	5	-0.2	33	0.0000	0.0000	0.00	
20:08:33	5	-0.2	33	0.0000	0.0000	0.00	
20:08:34	5	-0.2	33	0.0000	0.0000	0.00	
20:08:35	5	-0.2	33	0.0000	0.0000	0.00	
20:08:36	5	-0.2	33	0.0000	0.0000	0.00	
20:08:37	5	-0.2	33	0.0000	0.0000	0.00	
20:08:38	5	-0.2	33	0.0000	0.0000	0.00	
20:08:39	5	-0.2	33	0.0000	0.0000	0.00	
20:08:40	5	-0.2	33	0.0000	0.0000	0.00	
20:08:41	5	-0.2	33	0.0000	0.0000	0.00	
20:08:42	5	-0.2	33	0.0000	0.0000	0.00	
20:08:43	5	-0.2	33	0.0000	0.0000	0.00	
20:08:44	5	-0.2	33	0.0000	0.0000	0.00	
20:08:45	5	-0.2	33	0.0000	0.0000	0.00	
20:08:46	5	-0.2	33	0.0000	0.0000	0.00	
20:08:47	5	-0.2	33	0.0000	0.0000	0.00	
20:08:48	5	-0.2	33	0.0000	0.0000	0.00	
20:08:49	5	-0.2	33	0.0000	0.0000	0.00	
20:08:50	5	-0.2	33	0.0000	0.0000	0.00	
20:08:51	5	-0.2	33	0.0000	0.0000	0.00	
20:08:52	5	-0.2	33	0.0000	0.0000	0.00	
20:08:53	5	-0.2	33	0.0000	0.0000	0.00	
20:08:54	5	-0.3	33	0.0000	0.0000	0.00	
20:08:55	5	-0.3	33	0.0000	0.0000	0.00	
20:08:56	5	-0.3	33	0.0000	0.0000	0.00	
20:08:57	5	-0.3	33	0.0000	0.0000	0.00	
20:08:58	5	-0.2	33	0.0000	0.0000	0.00	
20:08:59	5	-0.2	33	0.0000	0.0000	0.00	
20:09:00	5	-0.2	33	0.0000	0.0000	0.00	
20:09:01	5	-0.2	33	0.0000	0.0000	0.00	
20:09:02	5	-0.2	33	0.0000	0.0000	0.00	
20:09:03	5	-0.2	33	0.0000	0.0000	0.00	
20:09:04	5	-0.2	33	0.0000	0.0000	0.00	
20:09:05	5	-0.2	33	0.0000	0.0000	0.00	
20:09:06	5	-0.2	33	0.0000	0.0000	0.00	
20:09:07	5	-0.2	33	0.0000	0.0000	0.00	
20:09:08	5	-0.2	33	0.0000	0.0000	0.00	
20:09:09	5	-0.2	33	0.0000	0.0000	0.00	
20:09:10	5	-0.2	33	0.0000	0.0000	0.00	
20:09:11	5	-0.2	33	0.0000	0.0000	0.00	
20:09:12	5	-0.2	33	0.0000	0.0000	0.00	
20:09:13	5	-0.2	33	0.0000	0.0000	0.00	
20:09:14	5	-0.2	33	0.0000	0.0000	0.00	
20:09:15	5	-0.2	33	0.0000	0.0000	0.00	
20:09:16	5	-0.2	33	0.0000	0.0000	0.00	
20:09:17	5	-0.2	33	0.0000	0.0000	0.00	
20:09:18	5	-0.2	33	0.0000	0.0000	0.00	
