Data Start: 2020-09-20 16:52:31
Data End: 2020-09-20 17:09:31
Devicename: Multi Plankton Sampler MPS
IdentNo.: 1020

Net []
Range1: 0 to 5

Pressure [dbar]
Range1: 0.0 to 3000.0  Cal0: -8.585877E+2  Cal1: 1.175972E-1  Cal2: -1.044298E-6  Cal3: -1.441992E+0  Cal4: 9.253807E-5  Cal5: -8.766143E-10  Cal6: 7.97392E-2  Cal7: 7.856609E-2  Cal8: -1.359118E-8

Volume [m³]
Range1: 0 to 65000  Cal0: 2.5E-1

Flow in [m/s]
Range1: 0.0000 to 9.9000

Flow out [m/s]
Range1: 0.0000 to 9.9000

Flow ratio [%]
Range1: 0.00 to 200.00

Header Comment

Ship:		
Cruise:		
Station:		
Cast:		
Position:		
Operator:		


Time [hh:mm:ss]	Net []	Pressure [dbar]	Volume [m³]	Flow in [m/s]	Flow out [m/s]	Flow ratio [%]	Comments  [Index]
16:52:31	0	0.2	0	0.2000	0.0000	0.00	
16:52:32	0	0.2	0	0.2000	0.0000	0.00	
16:52:33	0	0.2	0	0.0000	0.0000	0.00	
16:52:34	0	0.2	0	0.0000	0.1000	0.00	
16:52:35	0	0.2	0	0.0000	0.3000	0.00	
16:52:36	0	0.2	0	0.0000	0.3000	0.00	
16:52:37	0	0.2	0	0.0000	0.2000	0.00	
16:52:38	0	0.2	0	0.0000	0.3000	0.00	
16:52:39	0	0.2	0	0.0000	0.2000	0.00	
16:52:40	0	0.2	0	0.0000	0.1000	0.00	
16:52:41	0	0.2	0	0.0000	0.3000	0.00	
16:52:42	0	0.2	0	0.0000	0.5000	0.00	
16:52:43	0	0.2	0	0.1000	0.5000	20.00	
16:52:44	0	0.2	0	0.1000	0.2000	50.00	
16:52:45	0	0.2	0	0.0000	0.1000	0.00	
16:52:46	0	0.2	0	0.0000	0.1000	0.00	
16:52:47	0	0.2	0	0.0000	0.5000	0.00	
16:52:48	0	0.2	0	0.0000	0.5000	0.00	
16:52:49	0	0.2	0	0.0000	0.3000	0.00	
16:52:50	0	0.2	0	0.0000	0.3000	0.00	
16:52:51	0	0.2	0	0.0000	0.5000	0.00	
16:52:52	0	0.2	0	0.0000	0.3000	0.00	
16:52:53	0	0.1	0	0.0000	0.0000	0.00	
16:52:54	0	0.2	0	0.0000	0.0000	0.00	
16:52:55	0	0.2	0	0.0000	0.0000	0.00	
16:52:56	0	0.2	0	0.0000	0.2000	0.00	
16:52:57	0	0.2	0	0.0000	0.6000	0.00	
16:52:58	0	0.2	0	0.0000	0.4000	0.00	
16:52:59	0	0.2	0	0.0000	0.0000	0.00	
16:53:00	0	0.2	0	0.0000	0.0000	0.00	
16:53:01	0	0.2	0	0.0000	0.0000	0.00	
16:53:02	0	0.2	0	0.0000	0.0000	0.00	
16:53:03	0	0.2	0	0.0000	0.0000	0.00	
16:53:04	0	0.2	0	0.0000	0.1000	0.00	
16:53:05	0	0.2	0	0.0000	0.1000	0.00	
16:53:06	0	0.2	0	0.0000	0.0000	0.00	
16:53:07	0	0.2	0	0.0000	0.1000	0.00	
16:53:08	0	0.2	0	0.0000	0.1000	0.00	
16:53:09	0	0.2	0	0.0000	0.1000	0.00	
16:53:10	0	0.2	0	0.0000	0.0000	0.00	
16:53:11	0	0.2	0	0.0000	0.0000	0.00	
16:53:12	0	0.2	0	0.1000	0.0000	0.00	
16:53:13	0	0.2	0	0.1000	0.0000	0.00	
16:53:14	0	0.3	0	0.0000	0.0000	0.00	
16:53:15	0	0.2	0	0.1000	0.0000	0.00	
16:53:16	0	0.2	0	0.1000	0.0000	0.00	
16:53:17	0	0.2	0	0.1000	0.0000	0.00	
16:53:18	0	0.2	0	1.4000	0.0000	0.00	
16:53:19	0	0.2	1	1.6000	0.1000	1600.00	
16:53:20	0	0.2	1	0.9000	0.2000	450.00	
16:53:21	0	0.2	1	1.1000	0.1000	1100.00	
16:53:22	0	0.2	1	0.5000	0.0000	0.00	
16:53:23	0	0.2	1	0.6000	0.2000	300.00	
16:53:24	0	0.2	2	1.6000	0.2000	800.00	
16:53:25	0	0.2	2	1.0000	0.0000	0.00	
16:53:26	0	0.2	2	0.1000	0.1000	100.00	
16:53:27	0	0.2	2	0.1000	0.1000	100.00	
16:53:28	0	0.2	2	0.0000	0.0000	0.00	
16:53:29	0	0.2	2	0.0000	0.0000	0.00	
16:53:30	0	0.2	2	0.8000	0.8000	100.00	
16:53:31	0	0.2	3	2.1000	1.9000	110.53	
16:53:32	0	0.2	4	2.8000	2.5000	112.00	
16:53:33	0	0.2	4	1.7000	2.0000	85.00	
16:53:34	0	0.3	4	0.3000	1.0000	30.00	
16:53:35	0	0.2	4	0.4000	0.6000	66.67	
16:53:36	0	0.2	4	0.9000	0.2000	450.00	
16:53:37	0	0.3	4	0.7000	0.0000	0.00	
16:53:38	0	0.2	4	0.2000	0.2000	100.00	
16:53:39	0	0.3	4	0.1000	0.3000	33.33	
16:53:40	0	0.3	4	0.0000	0.1000	0.00	
16:53:41	0	0.2	5	0.1000	0.1000	100.00	
16:53:42	0	0.2	5	0.1000	0.1000	100.00	
16:53:43	0	0.2	5	0.0000	0.0000	0.00	
16:53:44	0	0.2	5	0.1000	0.0000	0.00	
16:53:45	0	0.2	5	0.1000	0.0000	0.00	
16:53:46	0	0.2	5	0.0000	0.1000	0.00	
16:53:47	0	0.2	5	0.3000	0.1000	300.00	
16:53:48	0	0.2	5	0.5000	0.2000	250.00	
16:53:49	0	0.3	5	0.8000	0.8000	100.00	
16:53:50	0	0.3	5	1.2000	1.2000	100.00	
16:53:51	0	0.4	6	1.2000	1.4000	85.71	
16:53:52	0	0.6	6	1.4000	1.5000	93.33	
16:53:53	0	1.0	6	1.4000	1.3000	107.69	
16:53:54	0	1.5	7	1.4000	1.3000	107.69	
16:53:55	0	1.6	7	1.8000	1.6000	112.50	
16:53:56	0	2.3	8	1.8000	1.5000	120.00	
16:53:57	0	2.7	8	1.6000	1.5000	106.67	
16:53:58	0	3.0	8	1.6000	1.4000	114.29	
16:53:59	0	3.5	9	1.5000	1.2000	125.00	
16:54:00	0	3.7	9	1.6000	1.2000	133.33	
16:54:01	0	4.2	10	1.4000	1.1000	127.27	
16:54:02	0	4.6	10	1.2000	1.1000	109.09	
16:54:03	0	4.9	10	1.4000	1.2000	116.67	
16:54:04	0	5.1	11	1.3000	1.2000	108.33	
16:54:05	0	5.7	11	1.2000	1.1000	109.09	
16:54:06	0	6.2	11	1.3000	1.1000	118.18	
16:54:07	0	6.3	12	1.4000	1.1000	127.27	
16:54:08	0	6.9	12	1.2000	1.1000	109.09	
16:54:09	0	7.3	12	1.1000	1.1000	100.00	
16:54:10	0	7.4	12	1.2000	1.0000	120.00	
16:54:11	0	7.8	13	1.2000	1.0000	120.00	
16:54:12	0	8.2	13	1.1000	1.0000	110.00	
16:54:13	0	8.7	13	1.2000	1.1000	109.09	
16:54:14	0	8.8	14	1.4000	1.1000	127.27	
16:54:15	0	9.1	14	1.3000	1.0000	130.00	
16:54:16	0	9.9	14	1.0000	1.0000	100.00	
16:54:17	0	10.0	15	1.2000	1.0000	120.00	
16:54:18	0	10.4	15	1.2000	1.0000	120.00	
16:54:19	0	10.8	15	1.1000	1.0000	110.00	
16:54:20	0	11.2	15	1.2000	1.0000	120.00	
16:54:21	0	11.6	16	1.2000	1.0000	120.00	
16:54:22	0	11.9	16	1.3000	1.0000	130.00	
16:54:23	0	12.4	16	1.2000	1.0000	120.00	
16:54:24	0	12.7	17	1.2000	1.1000	109.09	
16:54:25	0	13.1	17	1.2000	1.0000	120.00	
16:54:26	0	13.5	17	1.2000	1.0000	120.00	
16:54:27	0	13.9	17	1.2000	1.0000	120.00	
16:54:28	0	14.3	18	1.2000	1.0000	120.00	
16:54:29	0	14.5	18	1.2000	1.1000	109.09	
16:54:30	0	15.0	18	1.2000	1.0000	120.00	
16:54:31	0	15.4	19	1.1000	1.0000	110.00	
16:54:32	0	15.8	19	1.2000	1.0000	120.00	
16:54:33	0	16.0	19	1.2000	1.0000	120.00	
16:54:34	0	16.4	19	1.2000	1.0000	120.00	
16:54:35	0	16.9	20	1.2000	1.0000	120.00	
16:54:36	0	17.2	20	1.2000	1.0000	120.00	
16:54:37	0	17.6	20	1.2000	1.0000	120.00	
16:54:38	0	17.9	21	1.2000	1.0000	120.00	
16:54:39	0	18.3	21	1.2000	1.0000	120.00	
16:54:40	0	18.7	21	1.2000	1.0000	120.00	
16:54:41	0	18.9	22	1.3000	1.0000	130.00	
16:54:42	0	19.4	22	1.2000	1.0000	120.00	
16:54:43	0	19.7	22	1.1000	1.0000	110.00	
16:54:44	0	20.0	22	1.1000	1.0000	110.00	
16:54:45	0	20.4	23	1.0000	1.0000	100.00	
16:54:46	0	20.7	23	1.2000	0.9000	133.33	
16:54:47	0	21.0	23	1.1000	0.9000	122.22	
16:54:48	0	21.3	24	1.1000	1.0000	110.00	
16:54:49	0	21.7	24	1.1000	1.0000	110.00	
16:54:50	0	22.1	24	1.1000	1.0000	110.00	
16:54:51	0	22.3	24	1.2000	1.0000	120.00	
16:54:52	0	23.0	25	1.0000	0.8000	125.00	
16:54:53	0	23.2	25	1.0000	0.9000	111.11	
16:54:54	0	23.6	25	1.1000	1.0000	110.00	
16:54:55	0	24.1	25	1.1000	1.0000	110.00	
16:54:56	0	24.4	26	1.2000	1.0000	120.00	
16:54:57	0	25.0	26	1.1000	1.0000	110.00	
16:54:58	0	25.3	26	1.2000	1.0000	120.00	
16:54:59	0	25.4	27	1.3000	1.0000	130.00	
16:55:00	0	26.1	27	1.0000	0.9000	111.11	
16:55:01	0	26.3	27	0.9000	0.9000	100.00	
16:55:02	0	26.8	27	1.0000	0.9000	111.11	
16:55:03	0	27.2	28	1.0000	0.9000	111.11	
16:55:04	0	27.5	28	1.1000	1.0000	110.00	
16:55:05	0	28.1	28	1.0000	0.9000	111.11	
16:55:06	0	28.6	28	1.2000	0.8000	150.00	
16:55:07	0	28.7	29	1.3000	0.9000	144.44	
16:55:08	0	29.3	29	1.0000	1.0000	100.00	
16:55:09	0	29.6	29	1.0000	1.0000	100.00	
16:55:10	0	30.1	30	1.2000	1.0000	120.00	
16:55:11	0	30.3	30	1.2000	1.0000	120.00	
16:55:12	0	30.8	30	1.1000	1.0000	110.00	
16:55:13	0	31.2	30	1.0000	1.0000	100.00	
16:55:14	0	31.5	31	1.1000	1.0000	110.00	
16:55:15	0	32.0	31	1.1000	1.0000	110.00	
16:55:16	0	32.2	31	1.1000	0.9000	122.22	
16:55:17	0	32.8	31	0.9000	0.8000	112.50	
16:55:18	0	33.2	32	1.0000	0.8000	125.00	
16:55:19	0	33.5	32	1.2000	0.9000	133.33	
16:55:20	0	34.1	32	0.9000	0.9000	100.00	
16:55:21	0	34.4	32	1.0000	0.9000	111.11	
16:55:22	0	34.8	33	1.1000	0.9000	122.22	
16:55:23	0	35.4	33	1.0000	0.9000	111.11	
16:55:24	0	35.7	33	1.0000	1.0000	100.00	
16:55:25	0	36.1	33	1.1000	0.9000	122.22	
16:55:26	0	36.5	34	1.0000	0.9000	111.11	
16:55:27	0	37.0	34	1.0000	0.9000	111.11	
16:55:28	0	37.5	34	1.2000	0.8000	150.00	
16:55:29	0	37.7	35	1.2000	0.8000	150.00	
16:55:30	0	38.4	35	0.7000	0.8000	87.50	
16:55:31	0	38.8	35	0.8000	0.8000	100.00	
16:55:32	0	39.4	35	1.0000	0.8000	125.00	
16:55:33	0	39.8	35	0.9000	0.9000	100.00	
16:55:34	0	40.2	36	1.0000	0.9000	111.11	
16:55:35	0	40.8	36	1.0000	0.8000	125.00	
16:55:36	0	40.9	36	1.0000	0.9000	111.11	
16:55:37	0	41.5	36	1.0000	0.9000	111.11	
16:55:38	0	42.0	37	0.9000	0.8000	112.50	
16:55:39	0	42.3	37	1.0000	0.9000	111.11	
16:55:40	0	42.9	37	1.0000	0.9000	111.11	
16:55:41	0	43.1	37	1.0000	0.8000	125.00	
16:55:42	0	43.8	37	0.7000	0.7000	100.00	
16:55:43	0	44.2	38	0.8000	0.5000	160.00	
16:55:44	0	44.6	38	1.0000	0.6000	166.67	
16:55:45	0	45.3	38	0.6000	0.6000	100.00	
16:55:46	0	45.7	38	0.8000	0.7000	114.29	
16:55:47	0	46.4	38	0.8000	0.7000	114.29	
16:55:48	0	46.8	39	0.8000	0.6000	133.33	
16:55:49	0	47.2	39	0.9000	0.8000	112.50	
16:55:50	0	48.2	39	0.6000	0.5000	120.00	
16:55:51	0	48.5	39	1.0000	0.5000	200.00	
16:55:52	0	49.1	39	0.8000	0.7000	114.29	
16:55:53	0	49.9	40	0.7000	0.5000	140.00	
16:55:54	0	50.2	40	1.0000	0.6000	166.67	
16:55:55	0	50.8	40	0.6000	0.8000	75.00	
16:55:56	0	51.3	40	0.6000	0.8000	75.00	
16:55:57	0	51.9	41	1.0000	0.8000	125.00	
16:55:58	0	52.4	41	1.0000	0.8000	125.00	
16:55:59	0	53.0	41	1.0000	0.8000	125.00	
16:56:00	0	53.5	41	1.0000	0.7000	142.86	
16:56:01	0	54.2	41	0.8000	0.5000	160.00	
16:56:02	0	54.7	42	0.9000	0.6000	150.00	
16:56:03	0	55.3	42	0.8000	0.8000	100.00	
16:56:04	0	55.9	42	0.8000	0.5000	160.00	
16:56:05	0	56.3	42	1.0000	0.5000	200.00	
16:56:06	0	56.9	42	0.6000	0.7000	85.71	
16:56:07	0	57.4	43	0.7000	0.5000	140.00	
16:56:08	0	57.9	43	1.0000	0.7000	142.86	
16:56:09	0	58.5	43	0.8000	0.8000	100.00	
16:56:10	0	58.9	43	1.0000	0.9000	111.11	
16:56:11	0	59.5	44	1.0000	0.9000	111.11	
16:56:12	0	60.2	44	0.9000	0.6000	150.00	
16:56:13	0	60.6	44	1.0000	0.5000	200.00	
16:56:14	0	61.0	44	1.0000	0.8000	125.00	
16:56:15	0	61.7	44	0.7000	0.6000	116.67	
16:56:16	0	62.1	45	0.8000	0.5000	160.00	
16:56:17	0	62.7	45	0.7000	0.7000	100.00	
16:56:18	0	62.9	45	0.7000	0.8000	87.50	
16:56:19	0	63.5	45	0.8000	0.8000	100.00	
16:56:20	0	64.1	45	0.6000	0.6000	100.00	
16:56:21	0	64.5	46	0.9000	0.8000	112.50	
16:56:22	0	65.0	46	0.9000	0.9000	100.00	
16:56:23	0	65.5	46	0.9000	0.8000	112.50	
16:56:24	0	66.1	46	0.8000	0.5000	160.00	
16:56:25	0	66.3	46	0.9000	0.5000	180.00	
16:56:26	0	67.0	47	0.8000	0.6000	133.33	
16:56:27	0	67.6	47	0.8000	0.5000	160.00	
16:56:28	0	68.1	47	0.9000	0.8000	112.50	
16:56:29	0	68.8	47	0.6000	0.6000	100.00	
16:56:30	0	69.2	47	0.8000	0.5000	160.00	
16:56:31	0	69.7	48	0.9000	0.8000	112.50	
16:56:32	0	70.5	48	0.7000	0.5000	140.00	
16:56:33	0	70.7	48	0.9000	0.5000	180.00	
16:56:34	0	71.2	48	0.8000	0.8000	100.00	
16:56:35	0	72.0	48	0.6000	0.5000	120.00	
16:56:36	0	72.3	49	0.9000	0.5000	180.00	
16:56:37	0	72.8	49	0.8000	0.8000	100.00	
16:56:38	0	73.3	49	0.7000	0.8000	87.50	
16:56:39	0	74.0	49	0.8000	0.5000	160.00	
16:56:40	0	74.4	49	0.9000	0.5000	180.00	
16:56:41	0	74.8	50	1.0000	0.8000	125.00	
16:56:42	0	75.4	50	0.7000	0.7000	100.00	
16:56:43	0	76.1	50	0.9000	0.5000	180.00	
16:56:44	0	76.3	50	1.0000	0.6000	166.67	
16:56:45	0	77.1	50	0.6000	0.6000	100.00	
16:56:46	0	77.5	51	0.9000	0.5000	180.00	
16:56:47	0	78.1	51	1.0000	0.6000	166.67	
16:56:48	0	78.7	51	0.8000	0.5000	160.00	
16:56:49	0	79.1	51	0.8000	0.7000	114.29	
16:56:50	0	79.9	51	0.6000	0.5000	120.00	
16:56:51	0	80.2	52	0.9000	0.5000	180.00	
16:56:52	0	80.9	52	0.8000	0.7000	114.29	
16:56:53	0	81.3	52	0.8000	0.7000	114.29	
16:56:54	0	81.9	52	0.9000	0.8000	112.50	
16:56:55	0	82.5	52	0.6000	0.5000	120.00	
16:56:56	0	82.9	53	0.9000	0.7000	128.57	
16:56:57	0	83.6	53	0.8000	0.8000	100.00	
16:56:58	0	84.2	53	0.8000	0.6000	133.33	
16:56:59	0	84.6	53	1.0000	0.8000	125.00	
16:57:00	0	85.3	53	0.8000	0.8000	100.00	
16:57:01	0	85.6	54	0.9000	0.8000	112.50	
16:57:02	0	86.3	54	0.8000	0.9000	88.89	
16:57:03	0	86.7	54	0.8000	0.8000	100.00	
16:57:04	0	87.1	54	1.0000	0.9000	111.11	
16:57:05	0	87.7	55	1.0000	0.9000	111.11	
16:57:06	0	88.2	55	1.2000	0.8000	150.00	
16:57:07	0	88.8	55	1.0000	0.8000	125.00	
16:57:08	0	89.3	55	1.0000	0.8000	125.00	
16:57:09	0	89.9	55	0.9000	0.8000	112.50	
16:57:10	0	90.4	56	0.8000	0.8000	100.00	
16:57:11	0	90.9	56	0.9000	0.8000	112.50	
16:57:12	0	91.6	56	0.7000	0.7000	100.00	
16:57:13	0	91.9	56	0.9000	0.7000	128.57	
16:57:14	0	92.5	56	0.9000	1.0000	90.00	
16:57:15	0	93.0	57	0.8000	0.9000	88.89	
16:57:16	0	93.4	57	1.1000	0.9000	122.22	
16:57:17	0	94.0	57	1.0000	1.0000	100.00	
16:57:18	0	94.5	58	1.0000	1.0000	100.00	
16:57:19	0	95.0	58	1.1000	0.9000	122.22	
16:57:20	0	95.5	58	1.1000	0.9000	122.22	
16:57:21	0	96.0	58	1.0000	0.9000	111.11	
16:57:22	0	96.5	59	1.1000	0.9000	122.22	
16:57:23	0	97.0	59	1.2000	0.9000	133.33	
16:57:24	0	97.2	59	1.0000	0.9000	111.11	
16:57:25	0	97.9	59	0.8000	0.9000	88.89	
16:57:26	0	98.3	60	0.8000	0.8000	100.00	
16:57:27	0	98.7	60	1.0000	0.9000	111.11	
16:57:28	0	99.2	60	1.0000	1.0000	100.00	
16:57:29	0	99.6	60	1.0000	0.9000	111.11	
16:57:30	0	100.2	60	0.8000	0.8000	100.00	
16:57:31	0	100.4	61	1.0000	0.9000	111.11	
16:57:32	0	101.0	61	0.9000	1.0000	90.00	
16:57:33	0	101.4	61	0.8000	1.0000	80.00	
16:57:34	0	101.7	61	1.0000	0.9000	111.11	
16:57:35	0	102.1	62	1.0000	1.0000	100.00	
16:57:36	0	102.6	62	1.1000	1.0000	110.00	
16:57:37	0	103.0	62	1.2000	1.0000	120.00	
16:57:38	0	103.3	63	1.2000	1.0000	120.00	
16:57:39	0	103.8	63	1.1000	1.0000	110.00	
16:57:40	0	104.1	63	1.1000	1.0000	110.00	
16:57:41	0	104.4	63	1.2000	1.0000	120.00	
16:57:42	0	105.0	64	1.0000	0.9000	111.11	
16:57:43	0	105.0	64	1.2000	1.1000	109.09	
16:57:44	0	105.3	64	1.3000	1.1000	118.18	
16:57:45	0	106.2	64	0.8000	0.8000	100.00	
16:57:46	0	106.2	65	1.2000	0.9000	133.33	
16:57:47	0	106.6	65	1.2000	1.1000	109.09	
16:57:48	0	107.0	65	0.8000	1.0000	80.00	
16:57:49	0	107.2	66	1.1000	1.0000	110.00	
16:57:50	0	107.7	66	1.0000	1.0000	100.00	
16:57:51	0	108.1	66	0.9000	1.0000	90.00	
16:57:52	0	108.5	66	1.0000	1.0000	100.00	
16:57:53	0	108.8	67	1.1000	1.0000	110.00	
16:57:54	0	109.4	67	1.0000	0.9000	111.11	
16:57:55	0	109.6	67	1.0000	1.0000	100.00	
16:57:56	0	110.1	67	1.1000	1.0000	110.00	
16:57:57	0	110.6	68	1.0000	0.9000	111.11	
16:57:58	0	110.7	68	1.1000	1.0000	110.00	
16:57:59	0	111.3	68	1.0000	1.0000	100.00	
16:58:00	0	111.6	68	1.0000	1.0000	100.00	
16:58:01	0	111.7	69	1.3000	1.1000	118.18	
16:58:02	0	112.4	69	1.0000	1.0000	100.00	
16:58:03	0	112.6	69	1.0000	1.0000	100.00	
16:58:04	0	113.0	69	1.2000	1.0000	120.00	
16:58:05	0	113.3	70	1.0000	1.0000	100.00	
16:58:06	0	113.8	70	1.0000	1.0000	100.00	
16:58:07	0	114.2	70	1.0000	1.0000	100.00	
16:58:08	0	114.4	71	1.2000	1.0000	120.00	
16:58:09	0	114.9	71	1.1000	1.0000	110.00	
16:58:10	0	115.2	71	1.0000	1.0000	100.00	
16:58:11	0	115.7	71	1.1000	1.0000	110.00	
16:58:12	0	115.9	72	1.2000	1.0000	120.00	
16:58:13	0	116.1	72	1.2000	1.0000	120.00	
16:58:14	0	116.7	72	1.0000	1.0000	100.00	
16:58:15	0	116.9	73	1.1000	1.0000	110.00	
16:58:16	0	117.2	73	1.2000	1.0000	120.00	
16:58:17	0	117.7	73	1.1000	1.1000	100.00	
16:58:18	0	118.0	73	1.2000	1.0000	120.00	
16:58:19	0	118.5	74	1.2000	1.0000	120.00	
16:58:20	0	118.7	74	1.2000	1.1000	109.09	
16:58:21	0	119.1	74	1.3000	1.1000	118.18	
16:58:22	0	119.5	75	1.2000	1.1000	109.09	
16:58:23	0	119.8	75	1.2000	1.2000	100.00	
16:58:24	0	120.1	75	1.4000	1.2000	116.67	
16:58:25	0	120.7	76	1.2000	1.0000	120.00	
16:58:26	0	120.8	76	1.3000	1.1000	118.18	
16:58:27	0	121.2	76	1.3000	1.1000	118.18	
16:58:28	0	121.8	76	1.0000	1.0000	100.00	
16:58:29	0	121.6	77	1.4000	1.2000	116.67	
16:58:30	0	122.2	77	1.3000	1.2000	108.33	
16:58:31	0	122.5	77	1.0000	1.0000	100.00	
16:58:32	0	122.7	78	1.2000	1.1000	109.09	
16:58:33	0	123.1	78	1.2000	1.0000	120.00	
16:58:34	0	123.4	78	1.2000	1.0000	120.00	
16:58:35	0	123.7	79	1.2000	1.0000	120.00	
16:58:36	0	124.0	79	1.2000	1.0000	120.00	
16:58:37	0	124.3	79	1.2000	1.0000	120.00	
16:58:38	0	124.6	79	1.2000	1.0000	120.00	
16:58:39	0	124.9	80	1.2000	1.0000	120.00	
16:58:40	0	125.3	80	1.2000	1.1000	109.09	
16:58:41	0	125.6	80	1.2000	1.0000	120.00	
16:58:42	0	125.7	81	1.2000	1.0000	120.00	
16:58:43	0	126.1	81	1.2000	1.0000	120.00	
16:58:44	0	126.4	81	1.2000	1.0000	120.00	
16:58:45	0	126.7	82	1.2000	1.0000	120.00	
16:58:46	0	126.8	82	1.3000	1.0000	130.00	
16:58:47	0	126.9	82	1.4000	1.2000	116.67	
16:58:48	0	127.1	83	1.3000	1.2000	108.33	
16:58:49	0	126.4	83	1.7000	1.3000	130.77	
16:58:50	0	126.1	84	1.8000	1.4000	128.57	
16:58:51	0	125.6	84	1.7000	1.6000	106.25	
16:58:52	0	125.1	84	1.8000	1.9000	94.74	
16:58:53	0	124.8	85	1.6000	1.8000	88.89	
16:58:54	0	124.0	85	2.0000	1.8000	111.11	
16:58:55	0	123.8	86	1.8000	1.8000	100.00	
16:58:56	0	123.5	86	1.6000	1.6000	100.00	
16:58:57	0	122.8	87	2.1000	1.8000	116.67	
16:58:58	0	122.7	87	1.8000	1.8000	100.00	
16:58:59	0	122.0	88	1.9000	1.7000	111.76	
16:59:00	0	121.7	88	2.1000	1.8000	116.67	
16:59:01	0	121.3	89	1.8000	1.7000	105.88	
16:59:02	0	120.8	89	1.9000	1.6000	118.75	
16:59:03	0	120.4	90	1.8000	1.7000	105.88	
16:59:04	0	119.9	90	1.8000	1.8000	100.00	
16:59:05	0	119.7	90	1.5000	1.6000	93.75	
16:59:06	1	119.1	0	1.8000	1.5000	120.00	
16:59:07	1	118.8	1	2.1000	1.6000	131.25	
16:59:08	1	118.4	1	1.8000	1.6000	112.50	
16:59:09	1	118.0	1	1.7000	1.6000	106.25	
16:59:10	1	117.4	2	1.7000	1.6000	106.25	
16:59:11	1	117.1	2	1.5000	1.5000	100.00	
16:59:12	1	116.6	3	1.4000	1.5000	93.33	
16:59:13	1	116.2	3	1.5000	1.6000	93.75	
16:59:14	1	115.8	3	1.5000	1.6000	93.75	
16:59:15	1	115.3	4	1.6000	1.6000	100.00	
16:59:16	1	115.0	4	1.4000	1.6000	87.50	
16:59:17	1	114.7	4	1.5000	1.6000	93.75	
16:59:18	1	114.2	5	1.7000	1.6000	106.25	
16:59:19	1	113.8	5	1.6000	1.6000	100.00	
16:59:20	1	113.6	6	1.6000	1.6000	100.00	
16:59:21	1	113.3	6	1.6000	1.6000	100.00	
16:59:22	1	112.9	7	1.7000	1.6000	106.25	
16:59:23	1	112.6	7	1.6000	1.7000	94.12	
16:59:24	1	112.3	7	1.4000	1.6000	87.50	
16:59:25	1	111.9	8	1.8000	1.6000	112.50	
16:59:26	1	111.5	8	1.8000	1.6000	112.50	
16:59:27	1	111.2	9	1.6000	1.5000	106.67	
16:59:28	1	110.8	9	1.6000	1.5000	106.67	
16:59:29	1	110.5	9	1.6000	1.5000	106.67	
16:59:30	1	110.1	10	1.6000	1.6000	100.00	
16:59:31	1	109.6	10	1.6000	1.7000	94.12	
16:59:32	1	109.4	10	1.4000	1.6000	87.50	
16:59:33	1	108.9	11	1.6000	1.6000	100.00	
16:59:34	1	108.6	11	1.8000	1.6000	112.50	
16:59:35	1	108.4	12	1.6000	1.5000	106.67	
16:59:36	1	107.9	12	1.8000	1.6000	112.50	
16:59:37	1	107.5	13	1.8000	1.6000	112.50	
16:59:38	1	107.2	13	1.6000	1.4000	114.29	
16:59:39	1	106.9	13	1.6000	1.4000	114.29	
16:59:40	1	106.5	14	1.6000	1.5000	106.67	
16:59:41	1	106.4	14	1.6000	1.5000	106.67	
16:59:42	1	106.0	15	1.6000	1.5000	106.67	
16:59:43	1	105.5	15	1.6000	1.6000	100.00	
16:59:44	1	105.5	15	1.2000	1.5000	80.00	
16:59:45	1	104.9	16	1.7000	1.5000	113.33	
16:59:46	1	104.6	16	2.1000	1.7000	123.53	
16:59:47	1	104.3	17	1.6000	1.6000	100.00	
16:59:48	1	103.8	17	1.6000	1.6000	100.00	
16:59:49	1	103.8	17	1.4000	1.4000	100.00	
16:59:50	1	103.3	18	1.6000	1.4000	114.29	
16:59:51	1	102.8	18	1.8000	1.6000	112.50	
16:59:52	1	102.7	19	1.4000	1.4000	100.00	
16:59:53	1	102.2	19	1.6000	1.4000	114.29	
16:59:54	1	102.0	19	1.8000	1.4000	128.57	
16:59:55	1	101.5	20	1.8000	1.5000	120.00	
16:59:56	1	101.2	20	1.7000	1.5000	113.33	
16:59:57	1	101.1	21	1.2000	1.2000	100.00	
16:59:58	1	100.6	21	1.6000	1.4000	114.29	
16:59:59	1	100.3	22	2.0000	1.6000	125.00	
17:00:00	1	100.2	22	1.4000	1.3000	107.69	
17:00:01	1	99.9	22	1.6000	1.4000	114.29	
17:00:02	1	99.7	23	1.9000	1.5000	126.67	
17:00:03	1	99.4	23	1.7000	1.4000	121.43	
17:00:04	1	99.0	24	1.6000	1.5000	106.67	
17:00:05	1	98.9	24	1.4000	1.4000	100.00	
17:00:06	1	98.6	24	1.6000	1.4000	114.29	
17:00:07	1	98.2	25	1.8000	1.6000	112.50	
17:00:08	1	98.1	25	1.4000	1.4000	100.00	
17:00:09	1	97.6	26	1.6000	1.5000	106.67	
17:00:10	1	97.3	26	1.7000	1.5000	113.33	
17:00:11	1	97.2	26	1.2000	1.3000	92.31	
17:00:12	1	96.8	27	1.7000	1.4000	121.43	
17:00:13	1	96.6	27	1.8000	1.4000	128.57	
17:00:14	1	96.4	28	1.5000	1.4000	107.14	
17:00:15	1	96.0	28	1.8000	1.5000	120.00	
17:00:16	1	95.6	29	1.8000	1.5000	120.00	
17:00:17	2	95.4	0	1.5000	1.4000	107.14	
17:00:18	2	95.2	0	1.6000	1.4000	114.29	
17:00:19	2	94.6	1	1.9000	1.6000	118.75	
17:00:20	2	94.3	1	1.6000	1.6000	100.00	
17:00:21	2	94.2	1	1.2000	1.4000	85.71	
17:00:22	2	93.7	2	1.7000	1.4000	121.43	
17:00:23	2	93.5	2	1.8000	1.6000	112.50	
17:00:24	2	93.1	3	1.5000	1.5000	100.00	
17:00:25	2	92.8	3	1.7000	1.5000	113.33	
17:00:26	2	92.5	3	1.6000	1.4000	114.29	
17:00:27	2	92.1	4	1.6000	1.4000	114.29	
17:00:28	2	91.6	4	1.6000	1.5000	106.67	
17:00:29	2	91.1	5	1.4000	1.5000	93.33	
17:00:30	2	91.1	5	1.0000	1.3000	76.92	
17:00:31	2	90.5	5	1.3000	1.4000	92.86	
17:00:32	2	90.4	6	1.4000	1.4000	100.00	
17:00:33	2	90.3	6	1.3000	1.3000	100.00	
17:00:34	2	89.8	6	1.6000	1.4000	114.29	
17:00:35	2	89.5	7	1.5000	1.4000	107.14	
17:00:36	2	89.2	7	1.4000	1.4000	100.00	
17:00:37	2	88.8	7	1.6000	1.5000	106.67	
17:00:38	2	88.6	8	1.5000	1.4000	107.14	
17:00:39	2	88.1	8	1.6000	1.4000	114.29	
17:00:40	2	87.8	9	1.6000	1.5000	106.67	
17:00:41	2	87.5	9	1.4000	1.4000	100.00	
17:00:42	2	87.1	9	1.5000	1.4000	107.14	
17:00:43	2	86.8	10	1.4000	1.4000	100.00	
17:00:44	2	86.5	10	1.3000	1.4000	92.86	
17:00:45	2	86.2	10	1.4000	1.4000	100.00	
17:00:46	2	85.8	11	1.6000	1.4000	114.29	
17:00:47	2	85.5	11	1.4000	1.4000	100.00	
17:00:48	2	85.1	11	1.4000	1.3000	107.69	
17:00:49	2	84.7	12	1.5000	1.4000	107.14	
17:00:50	2	84.6	12	1.2000	1.3000	92.31	
17:00:51	2	84.0	13	1.4000	1.4000	100.00	
17:00:52	2	83.8	13	1.5000	1.4000	107.14	
17:00:53	2	83.6	13	1.1000	1.3000	84.62	
17:00:54	2	83.0	14	1.4000	1.5000	93.33	
17:00:55	2	82.9	14	1.4000	1.4000	100.00	
17:00:56	2	82.6	14	1.2000	1.3000	92.31	
17:00:57	2	81.9	15	1.6000	1.5000	106.67	
17:00:58	2	81.9	15	1.3000	1.4000	92.86	
17:00:59	2	81.5	15	1.2000	1.3000	92.31	
17:01:00	2	81.0	16	1.6000	1.5000	106.67	
17:01:01	2	80.8	16	1.4000	1.4000	100.00	
17:01:02	2	80.5	16	1.4000	1.4000	100.00	
17:01:03	2	80.1	17	1.6000	1.5000	106.67	
17:01:04	2	79.8	17	1.5000	1.5000	100.00	
17:01:05	2	79.6	17	1.4000	1.4000	100.00	
17:01:06	2	79.3	18	1.4000	1.4000	100.00	
17:01:07	2	78.9	18	1.6000	1.4000	114.29	
17:01:08	2	78.5	19	1.6000	1.5000	106.67	
17:01:09	2	78.2	19	1.4000	1.4000	100.00	
17:01:10	2	77.7	19	1.6000	1.5000	106.67	
17:01:11	2	77.4	20	1.5000	1.5000	100.00	
17:01:12	2	77.2	20	1.0000	1.3000	76.92	
17:01:13	2	76.4	20	1.4000	1.4000	100.00	
17:01:14	2	76.3	21	1.4000	1.4000	100.00	
17:01:15	2	76.0	21	1.0000	1.2000	83.33	
17:01:16	2	75.5	21	1.4000	1.4000	100.00	
17:01:17	2	75.2	22	1.4000	1.4000	100.00	
17:01:18	2	74.9	22	1.3000	1.4000	92.86	
17:01:19	2	74.5	22	1.6000	1.4000	114.29	
17:01:20	2	74.1	23	1.4000	1.4000	100.00	
17:01:21	2	73.7	23	1.4000	1.4000	100.00	
17:01:22	2	73.4	23	1.4000	1.4000	100.00	
17:01:23	2	72.9	24	1.4000	1.4000	100.00	
17:01:24	2	72.6	24	1.4000	1.4000	100.00	
17:01:25	2	72.3	24	1.2000	1.4000	85.71	
17:01:26	2	71.7	25	1.5000	1.4000	107.14	
17:01:27	2	71.2	25	1.3000	1.4000	92.86	
17:01:28	3	70.8	0	1.1000	1.4000	78.57	
17:01:29	3	70.5	0	1.4000	1.4000	100.00	
17:01:30	3	70.1	1	1.4000	1.4000	100.00	
17:01:31	3	69.6	1	1.4000	1.4000	100.00	
17:01:32	3	69.3	1	1.3000	1.4000	92.86	
17:01:33	3	69.0	2	1.2000	1.3000	92.31	
17:01:34	3	68.6	2	1.5000	1.4000	107.14	
17:01:35	3	68.4	2	1.4000	1.4000	100.00	
17:01:36	3	68.0	3	1.4000	1.4000	100.00	
17:01:37	3	67.4	3	1.4000	1.5000	93.33	
17:01:38	3	67.4	3	1.0000	1.3000	76.92	
17:01:39	3	66.9	3	1.1000	1.2000	91.67	
17:01:40	3	66.3	4	1.4000	1.4000	100.00	
17:01:41	3	66.0	4	1.2000	1.4000	85.71	
17:01:42	3	65.5	4	1.2000	1.4000	85.71	
17:01:43	3	65.2	5	1.4000	1.4000	100.00	
17:01:44	3	64.7	5	1.4000	1.3000	107.69	
17:01:45	3	64.2	5	1.4000	1.4000	100.00	
17:01:46	3	64.0	6	1.2000	1.3000	92.31	
17:01:47	3	63.6	6	1.2000	1.3000	92.31	
17:01:48	3	63.3	6	1.5000	1.4000	107.14	
17:01:49	3	62.9	7	1.5000	1.4000	107.14	
17:01:50	3	62.8	7	1.2000	1.3000	92.31	
17:01:51	3	62.1	8	1.4000	1.4000	100.00	
17:01:52	3	61.9	8	1.4000	1.4000	100.00	
17:01:53	3	61.4	8	1.4000	1.4000	100.00	
17:01:54	3	61.0	9	1.6000	1.4000	114.29	
17:01:55	3	60.6	9	1.4000	1.4000	100.00	
17:01:56	3	60.4	9	1.3000	1.4000	92.86	
17:01:57	3	60.0	10	1.3000	1.3000	100.00	
17:01:58	3	59.3	10	1.4000	1.4000	100.00	
17:01:59	3	59.2	10	1.1000	1.3000	84.62	
17:02:00	3	58.7	10	1.0000	1.2000	83.33	
17:02:01	3	58.4	11	1.3000	1.3000	100.00	
17:02:02	3	58.0	11	1.2000	1.2000	100.00	
17:02:03	3	57.5	11	1.4000	1.3000	107.69	
17:02:04	3	57.2	12	1.4000	1.3000	107.69	
17:02:05	3	56.5	12	1.4000	1.3000	107.69	
17:02:06	3	56.2	12	1.3000	1.4000	92.86	
17:02:07	3	55.8	13	1.2000	1.3000	92.31	
17:02:08	3	55.3	13	1.2000	1.3000	92.31	
17:02:09	3	54.7	13	1.2000	1.4000	85.71	
17:02:10	3	54.5	14	1.2000	1.4000	85.71	
17:02:11	3	53.9	14	1.3000	1.4000	92.86	
17:02:12	3	53.6	14	1.2000	1.4000	85.71	
17:02:13	3	53.2	15	1.1000	1.3000	84.62	
17:02:14	3	52.5	15	1.3000	1.3000	100.00	
17:02:15	3	52.6	15	0.8000	1.2000	66.67	
17:02:16	3	51.9	15	0.9000	1.1000	81.82	
17:02:17	3	51.5	15	1.0000	1.0000	100.00	
17:02:18	3	51.2	16	0.8000	1.1000	72.73	
17:02:19	3	51.0	16	1.2000	1.2000	100.00	
17:02:20	3	50.4	17	1.5000	1.3000	115.38	
17:02:21	3	49.7	17	1.4000	1.4000	100.00	
17:02:22	3	49.6	17	0.9000	1.2000	75.00	
17:02:23	3	49.0	17	1.0000	1.1000	90.91	
17:02:24	3	48.5	18	1.4000	1.3000	107.69	
17:02:25	3	48.0	18	1.3000	1.3000	100.00	
17:02:26	3	47.5	18	1.2000	1.3000	92.31	
17:02:27	4	47.0	0	1.2000	1.3000	92.31	
17:02:28	4	46.6	0	1.4000	1.3000	107.69	
17:02:29	4	46.2	0	1.4000	1.4000	100.00	
17:02:30	4	45.8	1	1.4000	1.3000	107.69	
17:02:31	4	45.2	1	1.4000	1.4000	100.00	
17:02:32	4	44.7	1	1.2000	1.5000	80.00	
17:02:33	4	44.4	2	1.0000	1.4000	71.43	
17:02:34	4	43.7	2	1.2000	1.4000	85.71	
17:02:35	4	43.5	2	1.2000	1.3000	92.31	
17:02:36	4	42.8	3	1.2000	1.3000	92.31	
17:02:37	4	42.2	3	1.2000	1.2000	100.00	
17:02:38	4	42.1	3	0.8000	1.0000	80.00	
17:02:39	4	41.3	3	1.2000	1.3000	92.31	
17:02:40	4	40.7	4	1.4000	1.4000	100.00	
17:02:41	4	40.4	4	1.0000	1.2000	83.33	
17:02:42	4	39.8	4	1.2000	1.3000	92.31	
17:02:43	4	39.3	5	1.5000	1.4000	107.14	
17:02:44	4	38.9	5	1.4000	1.4000	100.00	
17:02:45	4	38.3	5	1.4000	1.4000	100.00	
17:02:46	4	37.8	6	1.4000	1.5000	93.33	
17:02:47	4	37.2	6	1.4000	1.5000	93.33	
17:02:48	4	36.7	6	1.3000	1.5000	86.67	
17:02:49	4	36.0	7	1.3000	1.6000	81.25	
17:02:50	4	35.4	7	1.3000	1.6000	81.25	
17:02:51	4	35.1	7	1.1000	1.5000	73.33	
17:02:52	4	34.5	8	1.4000	1.5000	93.33	
17:02:53	4	33.9	8	1.4000	1.6000	87.50	
17:02:54	4	33.6	8	1.2000	1.4000	85.71	
17:02:55	4	33.1	9	1.5000	1.4000	107.14	
17:02:56	4	32.6	9	1.6000	1.6000	100.00	
17:02:57	4	32.0	9	1.4000	1.6000	87.50	
17:02:58	4	31.5	10	1.4000	1.6000	87.50	
17:02:59	4	31.0	10	1.4000	1.6000	87.50	
17:03:00	4	30.5	11	1.4000	1.6000	87.50	
17:03:01	4	29.9	11	1.6000	1.6000	100.00	
17:03:02	4	29.3	11	1.4000	1.7000	82.35	
17:03:03	4	29.0	11	1.1000	1.4000	78.57	
17:03:04	4	28.3	12	1.5000	1.5000	100.00	
17:03:05	4	27.9	12	1.6000	1.6000	100.00	
17:03:06	4	27.2	13	1.6000	1.6000	100.00	
17:03:07	4	26.9	13	1.4000	1.6000	87.50	
17:03:08	4	26.4	13	1.2000	1.4000	85.71	
17:03:09	4	25.8	14	1.4000	1.5000	93.33	
17:03:10	4	25.4	14	1.4000	1.4000	100.00	
17:03:11	4	24.7	14	1.5000	1.4000	107.14	
17:03:12	4	24.6	15	1.4000	1.3000	107.69	
17:03:13	4	23.9	15	1.6000	1.4000	114.29	
17:03:14	4	23.2	16	1.6000	1.6000	100.00	
17:03:15	5	23.0	0	1.2000	1.4000	85.71	
17:03:16	5	22.4	0	1.4000	1.4000	100.00	
17:03:17	5	22.0	1	1.5000	1.4000	107.14	
17:03:18	5	21.3	1	1.5000	1.4000	107.14	
17:03:19	5	20.8	1	1.6000	1.4000	114.29	
17:03:20	5	20.4	2	1.3000	1.2000	108.33	
17:03:21	5	19.9	2	1.6000	1.3000	123.08	
17:03:22	5	19.5	2	1.6000	1.4000	114.29	
17:03:23	5	18.8	3	1.6000	1.4000	114.29	
17:03:24	5	18.4	3	1.6000	1.4000	114.29	
17:03:25	5	18.0	4	1.5000	1.4000	107.14	
17:03:26	5	17.5	4	1.6000	1.4000	114.29	
17:03:27	5	16.9	4	1.6000	1.4000	114.29	
17:03:28	5	16.4	5	1.7000	1.5000	113.33	
17:03:29	5	16.0	5	1.6000	1.4000	114.29	
17:03:30	5	15.5	6	1.6000	1.4000	114.29	
17:03:31	5	15.1	6	1.7000	1.5000	113.33	
17:03:32	5	14.4	7	1.8000	1.6000	112.50	
17:03:33	5	14.0	7	1.6000	1.6000	100.00	
17:03:34	5	13.6	7	1.2000	1.4000	85.71	
17:03:35	5	12.9	8	1.6000	1.6000	100.00	
17:03:36	5	12.7	8	1.6000	1.6000	100.00	
17:03:37	5	12.0	9	1.6000	1.6000	100.00	
17:03:38	5	11.5	9	1.7000	1.7000	100.00	
17:03:39	5	11.1	9	1.3000	1.5000	86.67	
17:03:40	5	10.3	10	1.6000	1.6000	100.00	
17:03:41	5	10.0	10	1.6000	1.6000	100.00	
17:03:42	5	9.2	10	1.5000	1.6000	93.75	
17:03:43	5	8.9	11	1.6000	1.6000	100.00	
17:03:44	5	8.4	11	1.6000	1.6000	100.00	
17:03:45	5	7.9	12	1.8000	1.6000	112.50	
17:03:46	5	7.4	12	1.7000	1.6000	106.25	
17:03:47	5	6.9	12	1.6000	1.6000	100.00	
17:03:48	5	6.6	13	1.5000	1.6000	93.75	
17:03:49	5	5.8	13	1.7000	1.6000	106.25	
17:03:50	5	5.3	14	1.6000	1.6000	100.00	
17:03:51	5	5.0	14	1.2000	1.5000	80.00	
17:03:52	5	4.2	14	1.5000	1.5000	100.00	
17:03:53	5	3.8	15	1.7000	1.6000	106.25	
17:03:54	5	3.3	15	1.6000	1.6000	100.00	
17:03:55	5	2.8	16	1.6000	1.6000	100.00	
17:03:56	5	2.2	16	1.8000	1.7000	105.88	
17:03:57	5	1.9	17	2.2000	2.1000	104.76	
17:03:58	5	1.6	17	2.1000	2.0000	105.00	
17:03:59	5	1.2	18	1.8000	1.4000	128.57	
17:04:00	5	1.1	18	1.4000	1.2000	116.67	
17:04:01	5	0.9	18	1.4000	1.4000	100.00	
17:04:02	5	0.6	19	2.1000	1.5000	140.00	
17:04:03	5	0.6	19	1.6000	1.2000	133.33	
17:04:04	5	0.4	20	1.4000	1.2000	116.67	
17:04:05	5	0.2	20	1.8000	1.4000	128.57	
17:04:06	5	0.0	21	2.1000	1.6000	131.25	
17:04:07	5	0.0	21	2.1000	1.7000	123.53	
17:04:08	5	0.0	21	1.8000	1.7000	105.88	
17:04:09	5	0.0	22	1.9000	1.7000	111.76	
17:04:10	5	0.0	22	1.9000	1.7000	111.76	
17:04:11	5	0.0	23	1.8000	1.5000	120.00	
17:04:12	5	0.0	23	1.6000	1.4000	114.29	
17:04:13	5	0.0	24	1.4000	1.6000	87.50	
17:04:14	5	0.0	24	0.9000	1.5000	60.00	
17:04:15	5	0.0	24	0.5000	1.0000	50.00	
17:04:16	5	0.0	24	0.3000	0.3000	100.00	
17:04:17	5	0.0	24	0.1000	0.0000	0.00	
17:04:18	5	0.0	24	0.0000	0.0000	0.00	
17:04:19	5	0.0	24	0.0000	0.0000	0.00	
17:04:20	5	0.0	24	0.0000	0.0000	0.00	
17:04:21	5	0.0	24	0.0000	0.0000	0.00	
17:04:22	5	0.0	24	0.0000	0.0000	0.00	
17:04:23	5	0.0	24	0.0000	0.0000	0.00	
17:04:24	5	0.0	24	0.0000	0.0000	0.00	
17:04:25	5	0.0	24	0.0000	0.0000	0.00	
17:04:26	5	0.0	24	0.0000	0.1000	0.00	
17:04:27	5	0.0	24	0.0000	0.1000	0.00	
17:04:28	5	0.0	24	0.0000	0.1000	0.00	
17:04:29	5	0.0	24	0.1000	0.2000	50.00	
17:04:30	5	0.0	24	0.1000	0.3000	33.33	
17:04:31	5	0.0	24	0.0000	0.1000	0.00	
17:04:32	5	0.0	24	0.0000	0.0000	0.00	
17:04:33	5	0.0	24	0.0000	0.1000	0.00	
17:04:34	5	0.0	24	0.0000	0.1000	0.00	
17:04:35	5	0.0	24	0.0000	0.1000	0.00	
17:04:36	5	0.0	24	0.0000	0.6000	0.00	
17:04:37	5	0.0	24	0.0000	0.6000	0.00	
17:04:38	5	0.0	24	0.0000	0.1000	0.00	
17:04:39	5	0.0	24	0.0000	0.3000	0.00	
17:04:40	5	0.0	24	0.0000	0.2000	0.00	
17:04:41	5	0.0	24	0.0000	0.0000	0.00	
17:04:42	5	0.0	24	0.0000	0.0000	0.00	
17:04:43	5	0.0	24	0.0000	0.2000	0.00	
17:04:44	5	0.0	24	0.0000	0.4000	0.00	
17:04:45	5	0.0	24	0.0000	0.2000	0.00	
17:04:46	5	0.0	24	0.0000	0.4000	0.00	
17:04:47	5	0.0	24	0.0000	0.7000	0.00	
17:04:48	5	0.0	24	0.0000	0.5000	0.00	
17:04:49	5	0.0	24	0.0000	0.5000	0.00	
17:04:50	5	0.0	24	0.0000	0.5000	0.00	
17:04:51	5	0.0	24	0.0000	0.2000	0.00	
17:04:52	5	0.0	24	0.0000	0.3000	0.00	
17:04:53	5	0.0	24	0.0000	0.6000	0.00	
17:04:54	5	0.0	24	0.0000	0.5000	0.00	
17:04:55	5	0.0	24	0.0000	0.4000	0.00	
17:04:56	5	0.0	24	0.0000	0.3000	0.00	
17:04:57	5	0.0	24	0.0000	0.0000	0.00	
17:04:58	5	0.0	24	0.0000	0.1000	0.00	
17:04:59	5	0.0	24	0.0000	0.1000	0.00	
17:05:00	5	0.0	24	0.0000	0.0000	0.00	
17:05:01	5	0.0	24	0.0000	0.2000	0.00	
17:05:02	5	0.0	24	0.0000	0.3000	0.00	
17:05:03	5	0.0	24	0.0000	0.1000	0.00	
17:05:04	5	0.0	24	0.0000	0.1000	0.00	
17:05:05	5	0.0	24	0.0000	0.0000	0.00	
17:05:06	5	0.0	24	0.0000	0.0000	0.00	
17:05:07	5	0.0	24	0.0000	0.0000	0.00	
17:05:08	5	0.0	24	0.0000	0.0000	0.00	
17:05:09	5	0.0	24	0.0000	0.0000	0.00	
17:05:10	5	0.0	24	0.0000	0.0000	0.00	
17:05:11	5	0.0	24	0.0000	0.0000	0.00	
17:05:12	5	-0.1	24	0.0000	0.0000	0.00	
17:05:13	5	0.0	24	0.0000	0.1000	0.00	
17:05:14	5	0.0	24	0.0000	0.1000	0.00	
17:05:15	5	0.0	24	0.0000	0.1000	0.00	
17:05:16	5	0.0	24	0.0000	0.0000	0.00	
17:05:17	5	0.0	24	0.0000	0.1000	0.00	
17:05:18	5	0.0	24	0.0000	0.1000	0.00	
17:05:19	5	0.0	24	0.0000	0.1000	0.00	
17:05:20	5	-0.1	24	0.0000	0.1000	0.00	
17:05:21	5	0.0	24	0.0000	0.0000	0.00	
17:05:22	5	0.0	24	0.0000	0.0000	0.00	
17:05:23	5	0.0	24	0.0000	0.0000	0.00	
17:05:24	5	0.0	24	0.0000	0.1000	0.00	
17:05:25	5	0.0	24	0.0000	0.1000	0.00	
17:05:26	5	0.0	24	0.0000	0.0000	0.00	
17:05:27	5	0.0	24	0.0000	0.0000	0.00	
17:05:28	5	0.0	24	0.0000	0.0000	0.00	
17:05:29	5	0.0	24	0.0000	0.0000	0.00	
17:05:30	5	0.0	24	0.0000	0.0000	0.00	
17:05:31	5	0.0	24	0.0000	0.0000	0.00	
17:05:32	5	0.0	24	0.0000	0.0000	0.00	
17:05:33	5	0.0	24	0.0000	0.0000	0.00	
17:05:34	5	0.0	24	0.0000	0.0000	0.00	
17:05:35	5	0.0	24	0.0000	0.0000	0.00	
17:05:36	5	0.0	24	0.0000	0.0000	0.00	
17:05:37	5	0.0	24	0.0000	0.0000	0.00	
17:05:38	5	0.0	24	0.0000	0.0000	0.00	
17:05:39	5	0.0	24	0.0000	0.0000	0.00	
17:05:40	5	0.0	24	0.0000	0.0000	0.00	
17:05:41	5	0.0	24	0.0000	0.0000	0.00	
17:05:42	5	0.0	24	0.0000	0.0000	0.00	
17:05:43	5	0.0	24	0.0000	0.0000	0.00	
17:05:44	5	0.0	24	0.0000	0.0000	0.00	
17:05:45	5	0.0	24	0.0000	0.0000	0.00	
17:05:46	5	0.0	24	0.0000	0.0000	0.00	
17:05:47	5	0.0	24	0.0000	0.0000	0.00	
17:05:48	5	0.0	24	0.0000	0.0000	0.00	
17:05:49	5	0.1	24	0.0000	0.0000	0.00	
17:05:50	5	0.0	24	0.0000	0.0000	0.00	
17:05:51	5	0.0	24	0.0000	0.0000	0.00	
17:05:52	5	0.0	24	0.0000	0.0000	0.00	
17:05:53	5	0.0	24	0.0000	0.0000	0.00	
17:05:54	5	0.0	24	0.0000	0.0000	0.00	
17:05:55	5	0.0	24	0.0000	0.0000	0.00	
17:05:56	5	0.0	24	0.0000	0.0000	0.00	
17:05:57	5	0.0	24	0.0000	0.0000	0.00	
17:05:58	5	0.0	24	0.0000	0.0000	0.00	
17:05:59	5	0.0	24	0.0000	0.0000	0.00	
17:06:00	5	0.0	24	0.0000	0.0000	0.00	
17:06:01	5	0.0	24	0.0000	0.0000	0.00	
17:06:02	5	0.0	24	0.0000	0.0000	0.00	
17:06:03	5	0.0	24	0.0000	0.0000	0.00	
17:06:04	5	0.0	24	0.0000	0.0000	0.00	
17:06:05	5	0.0	24	0.0000	0.0000	0.00	
17:06:06	5	0.0	24	0.0000	0.0000	0.00	
17:06:07	5	0.0	24	0.0000	0.0000	0.00	
17:06:08	5	0.0	24	0.0000	0.0000	0.00	
17:06:09	5	0.0	24	0.0000	0.0000	0.00	
17:06:10	5	0.0	24	0.0000	0.0000	0.00	
17:06:11	5	0.0	24	0.0000	0.0000	0.00	
17:06:12	5	0.0	24	0.0000	0.0000	0.00	
17:06:13	5	0.0	24	0.0000	0.0000	0.00	
17:06:14	5	0.0	24	0.0000	0.0000	0.00	
17:06:15	5	0.0	24	0.0000	0.0000	0.00	
17:06:16	5	0.0	24	0.0000	0.0000	0.00	
17:06:17	5	0.0	24	0.0000	0.0000	0.00	
17:06:18	5	0.0	24	0.0000	0.0000	0.00	
17:06:19	5	0.0	24	0.0000	0.0000	0.00	
17:06:20	5	0.0	24	0.0000	0.0000	0.00	
17:06:21	5	0.0	24	0.0000	0.0000	0.00	
17:06:22	5	0.0	24	0.0000	0.0000	0.00	
17:06:23	5	0.0	24	0.0000	0.0000	0.00	
17:06:24	5	0.0	24	0.0000	0.0000	0.00	
17:06:25	5	0.0	24	0.0000	0.0000	0.00	
17:06:26	5	0.0	24	0.0000	0.0000	0.00	
17:06:27	5	0.0	24	0.0000	0.0000	0.00	
17:06:28	5	0.1	24	0.0000	0.0000	0.00	
17:06:29	5	0.1	24	0.0000	0.0000	0.00	
17:06:30	5	0.1	24	0.0000	0.0000	0.00	
17:06:31	5	0.1	24	0.0000	0.0000	0.00	
17:06:32	5	0.1	24	0.0000	0.0000	0.00	
17:06:33	5	0.1	24	0.0000	0.0000	0.00	
17:06:34	5	0.1	24	0.0000	0.0000	0.00	
17:06:35	5	0.0	24	0.0000	0.0000	0.00	
17:06:36	5	0.1	24	0.0000	0.0000	0.00	
17:06:37	5	0.1	24	0.0000	0.0000	0.00	
17:06:38	5	0.1	24	0.0000	0.0000	0.00	
17:06:39	5	0.1	24	0.0000	0.0000	0.00	
17:06:40	5	0.1	24	0.0000	0.0000	0.00	
17:06:41	5	0.0	24	0.0000	0.0000	0.00	
17:06:42	5	0.1	24	0.0000	0.0000	0.00	
17:06:43	5	0.1	24	0.0000	0.0000	0.00	
17:06:44	5	0.1	24	0.0000	0.0000	0.00	
17:06:45	5	0.1	24	0.0000	0.0000	0.00	
17:06:46	5	0.1	24	0.0000	0.0000	0.00	
17:06:47	5	0.1	24	0.0000	0.0000	0.00	
17:06:48	5	0.1	24	0.0000	0.0000	0.00	
17:06:49	5	0.1	24	0.0000	0.0000	0.00	
17:06:50	5	0.1	24	0.0000	0.0000	0.00	
17:06:51	5	0.1	24	0.0000	0.0000	0.00	
17:06:52	5	0.1	24	0.0000	0.0000	0.00	
17:06:53	5	0.1	24	0.0000	0.0000	0.00	
17:06:54	5	0.1	24	0.0000	0.0000	0.00	
17:06:55	5	0.1	24	0.0000	0.0000	0.00	
17:06:56	5	0.1	24	0.0000	0.0000	0.00	
17:06:57	5	0.1	24	0.0000	0.0000	0.00	
17:06:58	5	0.1	24	0.0000	0.0000	0.00	
17:06:59	5	0.1	24	0.0000	0.0000	0.00	
17:07:00	5	0.1	24	0.0000	0.0000	0.00	
17:07:01	5	0.1	24	0.0000	0.0000	0.00	
17:07:02	5	0.1	24	0.0000	0.0000	0.00	
17:07:03	5	0.1	24	0.0000	0.0000	0.00	
17:07:04	5	0.1	24	0.0000	0.0000	0.00	
17:07:05	5	0.0	24	0.0000	0.0000	0.00	
17:07:06	5	0.1	24	0.0000	0.0000	0.00	
17:07:07	5	0.1	24	0.0000	0.0000	0.00	
17:07:08	5	0.1	24	0.0000	0.0000	0.00	
17:07:09	5	0.0	24	0.0000	0.0000	0.00	
17:07:10	5	0.0	24	0.0000	0.0000	0.00	
17:07:11	5	0.0	24	0.0000	0.0000	0.00	
17:07:12	5	0.0	24	0.0000	0.0000	0.00	
17:07:13	5	0.0	24	0.0000	0.0000	0.00	
17:07:14	5	0.0	24	0.0000	0.0000	0.00	
17:07:15	5	0.0	24	0.0000	0.0000	0.00	
17:07:16	5	0.0	24	0.0000	0.0000	0.00	
17:07:17	5	0.1	24	0.0000	0.0000	0.00	
17:07:18	5	0.1	24	0.0000	0.0000	0.00	
17:07:19	5	0.1	24	0.0000	0.0000	0.00	
17:07:20	5	0.1	24	0.0000	0.0000	0.00	
17:07:21	5	0.1	24	0.0000	0.0000	0.00	
17:07:22	5	0.1	24	0.0000	0.0000	0.00	
17:07:23	5	0.1	24	0.0000	0.0000	0.00	
17:07:24	5	0.1	24	0.0000	0.0000	0.00	
17:07:25	5	0.1	24	0.0000	0.0000	0.00	
17:07:26	5	0.1	24	0.0000	0.0000	0.00	
17:07:27	5	0.1	24	0.0000	0.0000	0.00	
17:07:28	5	0.1	24	0.0000	0.0000	0.00	
17:07:29	5	0.1	24	0.0000	0.0000	0.00	
17:07:30	5	0.1	24	0.0000	0.0000	0.00	
17:07:31	5	0.1	24	0.0000	0.0000	0.00	
17:07:32	5	0.1	24	0.0000	0.0000	0.00	
17:07:33	5	0.1	24	0.0000	0.0000	0.00	
17:07:34	5	0.1	24	0.0000	0.1000	0.00	
17:07:35	5	0.1	24	0.0000	0.3000	0.00	
17:07:36	5	0.1	24	0.0000	0.9000	0.00	
17:07:37	5	0.1	24	0.0000	1.0000	0.00	
17:07:38	5	0.1	24	0.0000	0.4000	0.00	
17:07:39	5	0.1	24	0.0000	0.3000	0.00	
17:07:40	5	0.1	24	0.0000	1.4000	0.00	
17:07:41	5	0.1	24	0.0000	1.5000	0.00	
17:07:42	5	0.1	24	0.0000	0.4000	0.00	
17:07:43	5	0.1	24	0.0000	0.1000	0.00	
17:07:44	5	0.1	24	0.0000	0.3000	0.00	
17:07:45	5	0.1	24	0.0000	1.2000	0.00	
17:07:46	5	0.1	24	0.0000	1.8000	0.00	
17:07:47	5	0.1	24	0.0000	1.0000	0.00	
17:07:48	5	0.1	24	0.0000	0.3000	0.00	
17:07:49	5	0.1	24	0.0000	0.6000	0.00	
17:07:50	5	0.1	24	0.0000	0.9000	0.00	
17:07:51	5	0.1	24	0.0000	2.0000	0.00	
17:07:52	5	0.1	24	0.0000	2.3000	0.00	
17:07:53	5	0.1	24	0.0000	1.4000	0.00	
17:07:54	5	0.1	24	0.1000	1.6000	6.25	
17:07:55	5	0.1	24	0.1000	1.0000	10.00	
17:07:56	5	0.1	24	0.0000	0.1000	0.00	
17:07:57	5	0.1	24	0.0000	0.8000	0.00	
17:07:58	5	0.1	24	0.0000	1.7000	0.00	
17:07:59	5	0.1	24	0.0000	1.2000	0.00	
17:08:00	5	0.1	24	0.0000	1.9000	0.00	
17:08:01	5	0.1	24	0.0000	3.1000	0.00	
17:08:02	5	0.1	24	0.0000	2.2000	0.00	
17:08:03	5	0.1	24	0.0000	1.3000	0.00	
17:08:04	5	0.1	24	0.0000	0.7000	0.00	
17:08:05	5	0.1	24	0.0000	0.6000	0.00	
17:08:06	5	0.1	24	0.0000	0.7000	0.00	
17:08:07	5	0.1	24	0.0000	0.2000	0.00	
17:08:08	5	0.1	24	0.0000	0.0000	0.00	
17:08:09	5	0.1	24	0.0000	0.5000	0.00	
17:08:10	5	0.0	24	0.0000	1.6000	0.00	
17:08:11	5	0.1	24	0.0000	2.4000	0.00	
17:08:12	5	0.0	24	0.0000	1.9000	0.00	
17:08:13	5	0.1	24	0.0000	0.8000	0.00	
17:08:14	5	0.1	24	0.0000	1.3000	0.00	
17:08:15	5	0.1	24	0.0000	1.8000	0.00	
17:08:16	5	0.1	24	0.0000	1.4000	0.00	
17:08:17	5	0.1	24	0.0000	1.7000	0.00	
17:08:18	5	0.1	24	0.0000	1.8000	0.00	
17:08:19	5	0.1	24	0.1000	2.0000	5.00	
17:08:20	5	0.1	24	0.1000	2.6000	3.85	
17:08:21	5	0.1	24	0.0000	1.8000	0.00	
17:08:22	5	0.1	24	0.0000	0.6000	0.00	
17:08:23	5	0.1	24	0.0000	0.7000	0.00	
17:08:24	5	0.1	24	0.0000	1.1000	0.00	
17:08:25	5	0.1	24	0.0000	0.9000	0.00	
17:08:26	5	0.1	24	0.0000	1.0000	0.00	
17:08:27	5	0.1	24	0.0000	2.2000	0.00	
17:08:28	5	0.1	24	0.0000	2.1000	0.00	
17:08:29	5	0.1	24	0.0000	0.8000	0.00	
17:08:30	5	0.1	24	0.0000	0.7000	0.00	
17:08:31	5	0.1	24	0.0000	2.0000	0.00	
17:08:32	5	0.1	24	0.0000	2.5000	0.00	
17:08:33	5	0.1	24	0.0000	1.6000	0.00	
17:08:34	5	0.1	24	0.0000	1.0000	0.00	
17:08:35	5	0.1	24	0.0000	1.4000	0.00	
17:08:36	5	0.1	24	0.0000	2.0000	0.00	
17:08:37	5	0.1	24	0.0000	1.7000	0.00	
17:08:38	5	0.1	24	0.0000	0.7000	0.00	
17:08:39	5	0.1	24	0.0000	0.5000	0.00	
17:08:40	5	0.1	24	0.0000	1.1000	0.00	
17:08:41	5	0.1	24	0.0000	1.2000	0.00	
17:08:42	5	0.1	24	0.0000	1.4000	0.00	
17:08:43	5	0.1	24	0.0000	1.9000	0.00	
17:08:44	5	0.1	24	0.0000	1.3000	0.00	
17:08:45	5	0.1	24	0.0000	0.3000	0.00	
17:08:46	5	0.1	24	0.0000	0.1000	0.00	
17:08:47	5	0.1	24	0.0000	0.1000	0.00	
17:08:48	5	0.1	24	0.0000	0.1000	0.00	
17:08:49	5	0.1	24	0.0000	0.4000	0.00	
17:08:50	5	0.1	24	0.0000	1.0000	0.00	
17:08:51	5	0.1	24	0.0000	0.7000	0.00	
17:08:52	5	0.1	24	0.0000	0.1000	0.00	
17:08:53	5	0.1	24	0.0000	0.0000	0.00	
17:08:54	5	0.1	24	0.0000	0.0000	0.00	
17:08:55	5	0.1	24	0.0000	0.0000	0.00	
17:08:56	5	0.1	24	0.0000	0.1000	0.00	
17:08:57	5	0.1	24	0.0000	0.5000	0.00	
17:08:58	5	0.1	24	0.0000	0.5000	0.00	
17:08:59	5	0.0	24	0.0000	1.2000	0.00	
17:09:00	5	0.0	24	0.0000	2.8000	0.00	
17:09:01	5	0.1	24	0.0000	2.3000	0.00	
17:09:02	5	0.1	24	0.0000	0.8000	0.00	
17:09:03	5	0.1	24	0.0000	0.8000	0.00	
17:09:04	5	0.1	24	0.0000	1.0000	0.00	
17:09:05	5	0.1	24	0.0000	0.3000	0.00	
17:09:06	5	0.0	24	0.1000	0.2000	50.00	
17:09:07	5	0.0	24	0.1000	0.3000	33.33	
17:09:08	5	0.0	24	0.0000	0.2000	0.00	
17:09:09	5	0.0	24	0.0000	0.1000	0.00	
17:09:10	5	-0.1	24	0.0000	0.4000	0.00	
17:09:11	5	0.1	24	0.0000	0.5000	0.00	
17:09:12	5	0.0	24	0.0000	0.2000	0.00	
17:09:13	5	0.1	24	0.0000	0.2000	0.00	
17:09:14	5	0.1	24	0.0000	0.2000	0.00	
17:09:15	5	0.1	24	0.0000	0.1000	0.00	
17:09:16	5	0.1	24	0.0000	0.0000	0.00	
17:09:17	5	0.1	24	0.0000	0.0000	0.00	
17:09:18	5	0.1	24	0.0000	0.0000	0.00	
17:09:19	5	0.1	24	0.0000	0.0000	0.00	
17:09:20	5	0.1	24	0.0000	0.0000	0.00	
17:09:21	5	0.1	24	0.0000	0.0000	0.00	
17:09:22	5	0.1	24	0.0000	0.0000	0.00	
17:09:23	5	0.1	24	0.0000	0.0000	0.00	
17:09:24	5	0.1	24	0.0000	0.0000	0.00	
17:09:25	5	0.1	24	0.0000	0.0000	0.00	
17:09:26	5	0.1	24	0.0000	0.0000	0.00	
17:09:27	5	0.1	24	0.0000	0.0000	0.00	
17:09:28	5	0.1	24	0.0000	0.0000	0.00	
17:09:29	5	0.1	24	0.0000	0.0000	0.00	
17:09:30	5	0.1	24	0.0000	0.0000	0.00	
17:09:31	5	0.1	24	0.0000	0.0000	0.00	
