Data Start: 2020-09-24 19:26:16
Data End: 2020-09-24 19:46:51
Devicename: Multi Plankton Sampler MPS
IdentNo.: 1020

Net []
Range1: 0 to 5

Pressure [dbar]
Range1: 0.0 to 3000.0  Cal0: -8.585877E+2  Cal1: 1.175972E-1  Cal2: -1.044298E-6  Cal3: -1.441992E+0  Cal4: 9.253807E-5  Cal5: -8.766143E-10  Cal6: 7.97392E-2  Cal7: 7.856609E-2  Cal8: -1.359118E-8

Volume [m³]
Range1: 0 to 65000  Cal0: 2.5E-1

Flow in [m/s]
Range1: 0.0000 to 9.9000

Flow out [m/s]
Range1: 0.0000 to 9.9000

Flow ratio [%]
Range1: 0.00 to 200.00

Header Comment

Ship:		
Cruise:		
Station:		
Cast:		
Position:		
Operator:		


Time [hh:mm:ss]	Net []	Pressure [dbar]	Volume [m³]	Flow in [m/s]	Flow out [m/s]	Flow ratio [%]	Comments  [Index]
19:26:16	0	0.1	0	0.0000	0.0000	0.00	
19:26:17	0	0.2	0	0.0000	0.0000	0.00	
19:26:18	0	0.1	0	0.0000	0.0000	0.00	
19:26:19	0	0.1	0	0.0000	0.0000	0.00	
19:26:20	0	0.1	0	0.0000	0.0000	0.00	
19:26:21	0	0.1	0	0.0000	0.0000	0.00	
19:26:22	0	0.1	0	0.0000	0.0000	0.00	
19:26:23	0	0.1	0	0.0000	0.0000	0.00	
19:26:24	0	0.1	0	0.0000	0.0000	0.00	
19:26:25	0	0.1	0	0.0000	0.0000	0.00	
19:26:26	0	0.1	0	0.0000	0.0000	0.00	
19:26:27	0	0.1	0	0.0000	0.0000	0.00	
19:26:28	0	0.1	0	0.0000	0.0000	0.00	
19:26:29	0	0.1	0	0.0000	0.0000	0.00	
19:26:30	0	0.1	0	0.0000	0.0000	0.00	
19:26:31	0	0.1	0	0.0000	0.0000	0.00	
19:26:32	0	0.0	0	0.0000	0.0000	0.00	
19:26:33	0	0.1	0	0.0000	0.0000	0.00	
19:26:34	0	0.1	0	0.0000	0.0000	0.00	
19:26:35	0	0.0	0	0.0000	0.0000	0.00	
19:26:36	0	0.0	0	0.0000	0.0000	0.00	
19:26:37	0	0.0	0	0.0000	0.0000	0.00	
19:26:38	0	0.0	0	0.0000	0.0000	0.00	
19:26:39	0	0.0	0	0.0000	0.0000	0.00	
19:26:40	0	0.0	0	0.0000	0.0000	0.00	
19:26:41	0	0.0	0	0.0000	0.0000	0.00	
19:26:42	0	0.1	0	0.0000	0.0000	0.00	
19:26:43	0	0.0	0	0.0000	0.0000	0.00	
19:26:44	0	0.1	0	0.0000	0.1000	0.00	
19:26:45	0	0.1	0	0.0000	0.1000	0.00	
19:26:46	0	0.1	0	0.1000	0.0000	0.00	
19:26:47	0	0.1	0	0.1000	0.0000	0.00	
19:26:48	0	0.1	0	0.0000	0.0000	0.00	
19:26:49	0	0.1	0	0.0000	0.0000	0.00	
19:26:50	0	0.1	0	0.0000	0.0000	0.00	
19:26:51	0	0.1	0	0.0000	0.0000	0.00	
19:26:52	0	0.1	0	0.0000	0.0000	0.00	
19:26:53	0	0.1	0	0.0000	0.0000	0.00	
19:26:54	0	0.1	0	0.0000	0.0000	0.00	
19:26:55	0	0.1	0	0.0000	0.0000	0.00	
19:26:56	0	0.1	0	0.1000	0.0000	0.00	
19:26:57	0	0.1	0	0.1000	0.0000	0.00	
19:26:58	0	0.1	0	0.0000	0.0000	0.00	
19:26:59	0	0.1	0	0.0000	0.0000	0.00	
19:27:00	0	0.1	0	0.0000	0.0000	0.00	
19:27:01	0	0.1	0	0.1000	0.0000	0.00	
19:27:02	0	0.1	0	0.1000	0.0000	0.00	
19:27:03	0	0.1	0	0.0000	0.0000	0.00	
19:27:04	0	0.1	0	0.0000	0.0000	0.00	
19:27:05	0	0.1	0	0.5000	0.0000	0.00	
19:27:06	0	0.1	0	0.9000	0.1000	900.00	
19:27:07	0	0.1	0	1.1000	0.3000	366.67	
19:27:08	0	0.1	1	1.6000	1.2000	133.33	
19:27:09	0	0.1	2	2.3000	2.4000	95.83	
19:27:10	0	0.1	2	3.3000	3.2000	103.12	
19:27:11	0	0.1	3	3.4000	3.6000	94.44	
19:27:12	0	0.1	4	3.1000	2.9000	106.90	
19:27:13	0	0.1	5	3.3000	2.8000	117.86	
19:27:14	0	0.1	6	3.6000	3.5000	102.86	
19:27:15	0	0.1	7	4.1000	3.4000	120.59	
19:27:16	0	0.1	8	4.7000	3.8000	123.68	
19:27:17	0	0.1	9	4.8000	4.4000	109.09	
19:27:18	0	0.1	11	4.9000	4.1000	119.51	
19:27:19	0	0.1	12	5.0000	3.8000	131.58	
19:27:20	0	0.1	13	4.4000	3.5000	125.71	
19:27:21	0	0.0	14	4.0000	3.2000	125.00	
19:27:22	0	0.1	15	4.1000	2.7000	151.85	
19:27:23	0	0.1	16	3.9000	1.6000	243.75	
19:27:24	0	0.1	17	3.5000	1.1000	318.18	
19:27:25	0	0.1	17	3.2000	0.6000	533.33	
19:27:26	0	0.1	18	2.9000	0.0000	0.00	
19:27:27	0	0.0	18	1.9000	0.0000	0.00	
19:27:28	0	0.0	19	2.2000	1.3000	169.23	
19:27:29	0	0.0	20	3.1000	2.1000	147.62	
19:27:30	0	0.0	20	1.4000	0.8000	175.00	
19:27:31	0	0.0	21	1.5000	0.8000	187.50	
19:27:32	0	0.1	22	3.3000	1.6000	206.25	
19:27:33	0	0.0	23	4.0000	1.3000	307.69	
19:27:34	0	0.0	24	4.4000	0.9000	488.89	
19:27:35	0	0.0	25	4.7000	0.8000	587.50	
19:27:36	0	0.0	26	4.3000	1.0000	430.00	
19:27:37	0	0.0	27	4.4000	1.8000	244.44	
19:27:38	0	0.0	28	4.1000	2.1000	195.24	
19:27:39	0	0.1	29	3.3000	1.0000	330.00	
19:27:40	0	0.1	30	4.4000	1.2000	366.67	
19:27:41	0	0.1	31	5.1000	1.8000	283.33	
19:27:42	0	0.1	33	4.7000	1.7000	276.47	
19:27:43	0	0.1	33	3.7000	1.0000	370.00	
19:27:44	0	0.1	33	1.5000	0.1000	1500.00	
19:27:45	0	0.1	33	0.1000	0.0000	0.00	
19:27:46	0	0.1	33	0.0000	0.0000	0.00	
19:27:47	0	0.1	33	0.0000	0.0000	0.00	
19:27:48	0	0.1	33	0.0000	0.0000	0.00	
19:27:49	0	0.1	33	0.0000	0.1000	0.00	
19:27:50	0	0.0	34	0.6000	0.5000	120.00	
19:27:51	0	0.2	34	1.3000	0.8000	162.50	
19:27:52	0	0.6	34	1.4000	1.0000	140.00	
19:27:53	0	1.3	35	1.6000	1.2000	133.33	
19:27:54	0	1.8	35	1.6000	1.3000	123.08	
19:27:55	0	2.6	36	1.6000	1.4000	114.29	
19:27:56	0	3.1	36	1.4000	1.4000	100.00	
19:27:57	0	3.7	36	1.3000	1.2000	108.33	
19:27:58	0	4.4	37	1.3000	1.0000	130.00	
19:27:59	0	5.0	37	1.4000	1.0000	140.00	
19:28:00	0	5.7	37	1.2000	1.0000	120.00	
19:28:01	0	6.4	37	1.0000	0.8000	125.00	
19:28:02	0	6.8	38	1.0000	0.9000	111.11	
19:28:03	0	7.6	38	1.0000	1.0000	100.00	
19:28:04	0	8.4	38	1.0000	0.8000	125.00	
19:28:05	0	9.0	38	1.0000	0.8000	125.00	
19:28:06	0	9.8	39	1.0000	1.0000	100.00	
19:28:07	0	10.5	39	1.0000	1.0000	100.00	
19:28:08	0	11.2	39	1.0000	1.0000	100.00	
19:28:09	0	11.9	39	1.0000	1.0000	100.00	
19:28:10	0	12.6	40	1.0000	1.0000	100.00	
19:28:11	0	13.1	40	1.0000	1.1000	90.91	
19:28:12	0	13.9	40	1.0000	1.1000	90.91	
19:28:13	0	14.7	40	1.0000	0.8000	125.00	
19:28:14	0	15.5	41	1.0000	0.8000	125.00	
19:28:15	0	15.8	41	1.0000	0.9000	111.11	
19:28:16	0	16.6	41	0.6000	0.9000	66.67	
19:28:17	0	17.4	41	0.8000	0.9000	88.89	
19:28:18	0	18.2	41	1.1000	1.0000	110.00	
19:28:19	0	18.8	42	1.0000	1.0000	100.00	
19:28:20	0	19.3	42	0.9000	1.0000	90.00	
19:28:21	0	20.2	42	0.6000	0.8000	75.00	
19:28:22	0	21.0	42	0.8000	0.7000	114.29	
19:28:23	0	21.6	42	1.0000	1.0000	100.00	
19:28:24	0	22.0	43	1.0000	1.1000	90.91	
19:28:25	0	22.9	43	0.8000	0.9000	88.89	
19:28:26	0	23.8	43	0.8000	0.5000	160.00	
19:28:27	0	24.4	43	1.0000	0.7000	142.86	
19:28:28	0	25.0	44	0.8000	1.0000	80.00	
19:28:29	0	25.7	44	0.9000	0.9000	100.00	
19:28:30	0	26.5	44	0.9000	0.8000	112.50	
19:28:31	0	27.2	44	0.9000	0.7000	128.57	
19:28:32	0	27.9	44	0.8000	0.8000	100.00	
19:28:33	0	28.6	45	0.7000	0.9000	77.78	
19:28:34	0	29.1	45	0.9000	0.9000	100.00	
19:28:35	0	29.7	45	1.0000	1.0000	100.00	
19:28:36	0	30.6	45	0.6000	0.7000	85.71	
19:28:37	0	31.4	45	0.7000	0.3000	233.33	
19:28:38	0	31.9	46	0.8000	0.8000	100.00	
19:28:39	0	32.7	46	0.5000	0.9000	55.56	
19:28:40	0	33.5	46	0.6000	0.4000	150.00	
19:28:41	0	34.0	46	0.9000	0.5000	180.00	
19:28:42	0	34.6	46	0.9000	1.0000	90.00	
19:28:43	0	35.4	47	0.9000	1.0000	90.00	
19:28:44	0	36.1	47	0.8000	0.8000	100.00	
19:28:45	0	36.8	47	1.0000	0.8000	125.00	
19:28:46	0	37.3	47	1.0000	1.0000	100.00	
19:28:47	0	38.0	47	1.0000	1.0000	100.00	
19:28:48	0	38.8	48	1.0000	0.8000	125.00	
19:28:49	0	39.3	48	1.2000	0.9000	133.33	
19:28:50	0	39.9	48	1.1000	1.1000	100.00	
19:28:51	0	40.7	49	0.9000	1.0000	90.00	
19:28:52	0	41.3	49	1.2000	1.2000	100.00	
19:28:53	0	41.9	49	1.2000	1.2000	100.00	
19:28:54	0	42.5	49	1.2000	1.1000	109.09	
19:28:55	0	43.1	50	1.2000	1.2000	100.00	
19:28:56	0	43.7	50	1.1000	1.1000	100.00	
19:28:57	0	44.5	50	1.2000	0.9000	133.33	
19:28:58	0	44.9	51	1.4000	1.0000	140.00	
19:28:59	0	45.5	51	1.2000	1.2000	100.00	
19:29:00	0	46.4	51	0.8000	0.8000	100.00	
19:29:01	0	46.9	51	1.1000	0.7000	157.14	
19:29:02	0	47.4	52	1.3000	1.0000	130.00	
19:29:03	0	48.2	52	0.8000	1.0000	80.00	
19:29:04	0	48.8	52	1.0000	1.0000	100.00	
19:29:05	0	49.3	52	1.2000	1.0000	120.00	
19:29:06	0	49.9	53	1.0000	1.0000	100.00	
19:29:07	0	50.6	53	1.0000	1.0000	100.00	
19:29:08	0	51.1	53	1.2000	1.0000	120.00	
19:29:09	0	51.7	54	1.2000	1.0000	120.00	
19:29:10	0	52.4	54	1.1000	1.0000	110.00	
19:29:11	0	53.0	54	1.1000	1.1000	100.00	
19:29:12	0	53.6	54	1.1000	1.0000	110.00	
19:29:13	0	54.2	55	1.1000	1.0000	110.00	
19:29:14	0	54.7	55	1.2000	1.1000	109.09	
19:29:15	0	55.4	55	1.1000	1.0000	110.00	
19:29:16	0	55.9	55	1.0000	1.0000	100.00	
19:29:17	0	56.5	56	1.1000	1.0000	110.00	
19:29:18	0	57.0	56	1.1000	1.0000	110.00	
19:29:19	0	57.7	56	1.0000	1.0000	100.00	
19:29:20	0	58.3	56	1.0000	1.0000	100.00	
19:29:21	0	58.8	57	1.1000	1.0000	110.00	
19:29:22	0	59.4	57	1.0000	1.0000	100.00	
19:29:23	0	59.8	57	1.0000	1.0000	100.00	
19:29:24	0	60.5	58	1.2000	1.0000	120.00	
19:29:25	0	61.0	58	1.2000	1.0000	120.00	
19:29:26	0	61.5	58	1.1000	1.0000	110.00	
19:29:27	0	62.0	58	1.1000	1.0000	110.00	
19:29:28	0	62.7	59	1.1000	1.0000	110.00	
19:29:29	0	63.2	59	1.2000	1.0000	120.00	
19:29:30	0	63.7	59	1.1000	1.0000	110.00	
19:29:31	0	64.3	60	1.0000	1.0000	100.00	
19:29:32	0	64.8	60	1.0000	1.0000	100.00	
19:29:33	0	65.3	60	1.0000	1.0000	100.00	
19:29:34	0	66.1	60	0.8000	0.8000	100.00	
19:29:35	0	66.5	60	0.9000	0.6000	150.00	
19:29:36	0	67.1	61	1.0000	0.8000	125.00	
19:29:37	0	67.8	61	0.6000	0.8000	75.00	
19:29:38	0	68.3	61	0.8000	0.8000	100.00	
19:29:39	0	68.8	61	1.0000	0.9000	111.11	
19:29:40	0	69.5	61	0.8000	0.7000	114.29	
19:29:41	0	70.1	62	1.0000	0.7000	142.86	
19:29:42	0	70.6	62	0.8000	0.8000	100.00	
19:29:43	0	71.3	62	0.5000	0.5000	100.00	
19:29:44	0	71.8	62	0.7000	0.5000	140.00	
19:29:45	0	72.4	62	0.6000	0.8000	75.00	
19:29:46	0	72.9	63	0.6000	0.8000	75.00	
19:29:47	0	73.6	63	0.8000	0.8000	100.00	
19:29:48	0	74.3	63	0.7000	0.6000	116.67	
19:29:49	0	74.8	63	0.8000	0.8000	100.00	
19:29:50	0	75.4	63	0.8000	0.9000	88.89	
19:29:51	0	76.0	64	0.8000	0.8000	100.00	
19:29:52	0	76.5	64	1.0000	0.9000	111.11	
19:29:53	0	77.1	64	0.8000	0.8000	100.00	
19:29:54	0	77.9	64	0.8000	0.5000	160.00	
19:29:55	0	78.3	64	1.0000	0.7000	142.86	
19:29:56	0	78.8	64	0.8000	0.9000	88.89	
19:29:57	0	79.5	65	0.6000	0.6000	100.00	
19:29:58	0	80.0	65	1.0000	0.7000	142.86	
19:29:59	0	80.5	65	1.0000	1.0000	100.00	
19:30:00	0	81.2	65	1.0000	0.9000	111.11	
19:30:01	0	81.8	66	1.0000	0.8000	125.00	
19:30:02	0	82.5	66	0.9000	0.6000	150.00	
19:30:03	0	83.0	66	1.0000	0.7000	142.86	
19:30:04	0	83.5	66	0.8000	1.0000	80.00	
19:30:05	0	84.2	67	0.8000	0.8000	100.00	
19:30:06	0	84.7	67	1.0000	0.8000	125.00	
19:30:07	0	85.3	67	0.9000	0.9000	100.00	
19:30:08	0	85.8	67	0.9000	0.9000	100.00	
19:30:09	0	86.5	68	1.0000	1.0000	100.00	
19:30:10	0	87.0	68	1.0000	1.0000	100.00	
19:30:11	0	87.6	68	0.9000	0.9000	100.00	
19:30:12	0	88.2	68	1.0000	0.9000	111.11	
19:30:13	0	88.9	68	0.9000	0.9000	100.00	
19:30:14	0	89.4	69	1.0000	0.9000	111.11	
19:30:15	0	89.8	69	1.0000	1.0000	100.00	
19:30:16	0	90.6	69	0.8000	0.8000	100.00	
19:30:17	0	91.2	69	1.0000	0.7000	142.86	
19:30:18	0	91.7	70	1.0000	0.8000	125.00	
19:30:19	0	92.4	70	0.8000	1.0000	80.00	
19:30:20	0	92.9	70	1.0000	0.9000	111.11	
19:30:21	0	93.5	70	1.0000	0.9000	111.11	
19:30:22	0	94.0	71	1.0000	0.9000	111.11	
19:30:23	0	94.5	71	1.0000	1.0000	100.00	
19:30:24	0	95.2	71	0.9000	0.9000	100.00	
19:30:25	0	95.7	71	0.9000	0.8000	112.50	
19:30:26	0	96.1	71	1.0000	0.9000	111.11	
19:30:27	0	96.6	72	1.0000	1.0000	100.00	
19:30:28	0	97.3	72	1.0000	0.9000	111.11	
19:30:29	0	97.9	72	1.0000	0.8000	125.00	
19:30:30	0	98.4	72	1.0000	0.9000	111.11	
19:30:31	0	98.7	73	0.9000	1.0000	90.00	
19:30:32	0	99.3	73	0.8000	0.9000	88.89	
19:30:33	0	99.8	73	1.0000	0.9000	111.11	
19:30:34	0	100.4	73	0.9000	0.9000	100.00	
19:30:35	0	101.1	73	0.7000	0.7000	100.00	
19:30:36	0	101.4	74	0.9000	0.8000	112.50	
19:30:37	0	102.1	74	0.8000	0.9000	88.89	
19:30:38	0	102.6	74	0.8000	0.8000	100.00	
19:30:39	0	103.1	74	1.0000	0.9000	111.11	
19:30:40	0	103.8	75	1.0000	0.9000	111.11	
19:30:41	0	104.1	75	1.0000	0.9000	111.11	
19:30:42	0	104.6	75	0.9000	1.0000	90.00	
19:30:43	0	105.3	75	0.9000	0.8000	112.50	
19:30:44	0	105.7	76	1.0000	0.8000	125.00	
19:30:45	0	106.2	76	1.0000	1.0000	100.00	
19:30:46	0	106.8	76	0.8000	0.9000	88.89	
19:30:47	0	107.4	76	1.0000	0.8000	125.00	
19:30:48	0	107.9	76	1.0000	0.9000	111.11	
19:30:49	0	108.6	77	0.8000	0.8000	100.00	
19:30:50	0	109.0	77	0.9000	0.8000	112.50	
19:30:51	0	109.3	77	0.9000	0.9000	100.00	
19:30:52	0	110.1	77	0.5000	0.5000	100.00	
19:30:53	0	110.5	77	0.8000	0.5000	160.00	
19:30:54	0	110.9	78	1.0000	0.8000	125.00	
19:30:55	0	111.7	78	0.5000	0.6000	83.33	
19:30:56	0	112.2	78	0.8000	0.5000	160.00	
19:30:57	0	112.4	78	1.1000	0.8000	137.50	
19:30:58	0	113.2	78	0.6000	0.8000	75.00	
19:30:59	0	113.8	79	0.8000	0.5000	160.00	
19:31:00	0	114.1	79	1.1000	0.7000	157.14	
19:31:01	0	114.6	79	0.8000	0.9000	88.89	
19:31:02	0	115.2	79	0.7000	0.8000	87.50	
19:31:03	0	115.8	80	1.0000	0.8000	125.00	
19:31:04	0	116.2	80	1.1000	0.9000	122.22	
19:31:05	0	116.8	80	0.6000	0.8000	75.00	
19:31:06	0	117.3	80	0.8000	0.8000	100.00	
19:31:07	0	117.6	80	1.0000	0.9000	111.11	
19:31:08	0	118.4	80	0.6000	0.8000	75.00	
19:31:09	0	119.1	81	0.8000	0.4000	200.00	
19:31:10	0	119.3	81	1.1000	0.6000	183.33	
19:31:11	0	119.9	81	0.8000	0.9000	88.89	
19:31:12	0	120.7	81	0.8000	0.5000	160.00	
19:31:13	0	121.0	82	1.0000	0.5000	200.00	
19:31:14	0	121.5	82	0.8000	1.0000	80.00	
19:31:15	0	122.2	82	0.5000	0.6000	83.33	
19:31:16	0	122.8	82	0.8000	0.5000	160.00	
19:31:17	0	123.1	82	1.0000	0.9000	111.11	
19:31:18	0	123.7	83	0.7000	0.9000	77.78	
19:31:19	0	124.4	83	0.8000	0.7000	114.29	
19:31:20	0	124.7	83	1.0000	0.8000	125.00	
19:31:21	0	125.4	83	0.6000	0.8000	75.00	
19:31:22	0	126.0	83	0.8000	0.5000	160.00	
19:31:23	0	126.4	84	1.0000	0.6000	166.67	
19:31:24	0	127.0	84	0.7000	0.8000	87.50	
19:31:25	0	127.5	84	0.8000	0.8000	100.00	
19:31:26	0	128.1	84	1.0000	0.8000	125.00	
19:31:27	0	128.4	84	1.0000	0.9000	111.11	
19:31:28	0	129.0	85	0.8000	0.8000	100.00	
19:31:29	0	129.6	85	0.8000	0.6000	133.33	
19:31:30	0	130.1	85	0.9000	0.8000	112.50	
19:31:31	0	130.7	85	0.8000	0.9000	88.89	
19:31:32	0	131.0	86	1.0000	0.9000	111.11	
19:31:33	0	131.8	86	0.8000	0.8000	100.00	
19:31:34	0	132.4	86	0.8000	0.4000	200.00	
19:31:35	0	132.6	86	0.9000	0.5000	180.00	
19:31:36	0	133.0	86	0.8000	0.9000	88.89	
19:31:37	0	133.8	86	0.5000	0.5000	100.00	
19:31:38	0	134.3	87	0.8000	0.5000	160.00	
19:31:39	0	134.7	87	1.0000	0.8000	125.00	
19:31:40	0	135.3	87	0.5000	0.8000	62.50	
19:31:41	0	135.8	87	0.8000	0.8000	100.00	
19:31:42	0	136.3	87	0.9000	0.8000	112.50	
19:31:43	0	136.9	88	0.8000	0.7000	114.29	
19:31:44	0	137.1	88	0.9000	0.8000	112.50	
19:31:45	0	137.7	88	0.6000	0.8000	75.00	
19:31:46	0	138.5	88	0.5000	0.4000	125.00	
19:31:47	0	138.9	88	0.9000	0.5000	180.00	
19:31:48	0	139.3	89	0.9000	0.9000	100.00	
19:31:49	0	139.8	89	0.8000	0.9000	88.89	
19:31:50	0	140.6	89	0.6000	0.5000	120.00	
19:31:51	0	141.0	89	0.8000	0.5000	160.00	
19:31:52	0	141.3	89	0.9000	0.8000	112.50	
19:31:53	0	142.0	89	0.5000	0.8000	62.50	
19:31:54	0	142.9	90	0.6000	0.4000	150.00	
19:31:55	0	143.1	90	1.0000	0.5000	200.00	
19:31:56	0	143.5	90	0.8000	0.8000	100.00	
19:31:57	0	144.2	90	0.5000	0.6000	83.33	
19:31:58	0	144.8	90	0.8000	0.5000	160.00	
19:31:59	0	145.2	91	1.0000	0.8000	125.00	
19:32:00	0	145.6	91	0.8000	0.9000	88.89	
19:32:01	0	146.0	91	0.8000	0.9000	88.89	
19:32:02	0	146.6	91	0.9000	0.8000	112.50	
19:32:03	0	147.3	91	0.8000	0.5000	160.00	
19:32:04	0	147.6	92	1.0000	0.5000	200.00	
19:32:05	0	148.1	92	1.0000	0.8000	125.00	
19:32:06	0	148.8	92	0.5000	0.6000	83.33	
19:32:07	0	149.3	92	0.8000	0.5000	160.00	
19:32:08	0	149.6	92	1.0000	0.7000	142.86	
19:32:09	0	150.1	93	0.5000	0.8000	62.50	
19:32:10	0	150.8	93	0.5000	0.4000	125.00	
19:32:11	0	151.3	93	0.9000	0.5000	180.00	
19:32:12	0	151.9	93	0.8000	0.8000	100.00	
19:32:13	0	152.3	93	0.8000	0.8000	100.00	
19:32:14	0	152.8	94	0.9000	0.8000	112.50	
19:32:15	0	153.5	94	0.6000	0.6000	100.00	
19:32:16	0	153.9	94	0.7000	0.6000	116.67	
19:32:17	0	154.3	94	0.9000	0.8000	112.50	
19:32:18	0	155.1	94	0.5000	0.5000	100.00	
19:32:19	0	155.4	94	0.8000	0.5000	160.00	
19:32:20	0	156.0	95	0.8000	0.8000	100.00	
19:32:21	0	156.2	95	0.6000	0.8000	75.00	
19:32:22	0	156.2	95	1.0000	0.9000	111.11	
19:32:23	0	155.9	95	1.2000	1.0000	120.00	
19:32:24	0	155.5	96	1.5000	1.2000	125.00	
19:32:25	0	154.9	96	1.4000	1.4000	100.00	
19:32:26	0	154.8	96	1.0000	1.4000	71.43	
19:32:27	0	154.5	97	1.1000	1.2000	91.67	
19:32:28	0	153.8	97	1.4000	1.3000	107.69	
19:32:29	0	153.6	97	1.2000	1.2000	100.00	
19:32:30	0	153.1	98	1.3000	1.3000	100.00	
19:32:31	0	152.7	98	1.5000	1.4000	107.14	
19:32:32	0	152.3	98	1.4000	1.3000	107.69	
19:32:33	0	151.9	99	1.4000	1.4000	100.00	
19:32:34	0	151.5	99	1.3000	1.4000	92.86	
19:32:35	0	151.3	99	1.3000	1.4000	92.86	
19:32:36	0	150.9	100	1.6000	1.4000	114.29	
19:32:37	0	150.6	100	1.6000	1.4000	114.29	
19:32:38	0	150.1	101	1.7000	1.5000	113.33	
19:32:39	0	150.1	101	1.5000	1.3000	115.38	
19:32:40	0	149.6	101	1.4000	1.3000	107.69	
19:32:41	0	149.3	102	1.8000	1.5000	120.00	
19:32:42	0	149.0	102	1.6000	1.4000	114.29	
19:32:43	0	149.0	102	1.3000	1.3000	100.00	
19:32:44	0	148.7	103	1.5000	1.3000	115.38	
19:32:45	0	148.3	103	1.8000	1.4000	128.57	
19:32:46	0	148.2	104	1.6000	1.4000	114.29	
19:32:47	0	147.9	104	1.7000	1.4000	121.43	
19:32:48	0	147.7	105	1.6000	1.4000	114.29	
19:32:49	0	147.4	105	1.5000	1.4000	107.14	
19:32:50	0	146.9	105	1.8000	1.5000	120.00	
19:32:51	0	146.8	106	1.6000	1.5000	106.67	
19:32:52	0	146.8	106	1.4000	1.4000	100.00	
19:32:53	0	146.4	107	1.7000	1.4000	121.43	
19:32:54	0	146.2	107	1.8000	1.5000	120.00	
19:32:55	0	146.1	107	1.5000	1.4000	107.14	
19:32:56	0	145.7	108	1.7000	1.4000	121.43	
19:32:57	0	145.5	108	1.8000	1.4000	128.57	
19:32:58	0	145.3	109	1.6000	1.4000	114.29	
19:32:59	0	144.8	109	1.9000	1.5000	126.67	
19:33:00	0	144.8	110	1.6000	1.4000	114.29	
19:33:01	0	144.6	110	1.5000	1.4000	107.14	
19:33:02	0	144.3	110	1.8000	1.5000	120.00	
19:33:03	0	144.0	111	1.7000	1.5000	113.33	
19:33:04	0	143.9	111	1.6000	1.4000	114.29	
19:33:05	0	143.9	112	1.6000	1.4000	114.29	
19:33:06	0	143.4	112	1.9000	1.5000	126.67	
19:33:07	0	143.2	113	1.9000	1.6000	118.75	
19:33:08	0	143.3	113	1.2000	1.4000	85.71	
19:33:09	0	142.9	113	1.4000	1.3000	107.69	
19:33:10	0	142.6	114	1.8000	1.5000	120.00	
19:33:11	1	142.1	0	1.8000	1.6000	112.50	
19:33:12	1	142.2	0	1.6000	1.5000	106.67	
19:33:13	1	142.2	1	1.4000	1.3000	107.69	
19:33:14	1	141.9	1	1.6000	1.4000	114.29	
19:33:15	1	141.4	2	1.6000	1.5000	106.67	
19:33:16	1	141.4	2	1.2000	1.3000	92.31	
19:33:17	1	141.3	2	1.0000	1.2000	83.33	
19:33:18	1	140.7	2	1.4000	1.4000	100.00	
19:33:19	1	140.7	3	1.4000	1.4000	100.00	
19:33:20	1	140.4	3	1.2000	1.2000	100.00	
19:33:21	1	140.0	3	1.6000	1.3000	123.08	
19:33:22	1	139.9	4	1.4000	1.3000	107.69	
19:33:23	1	139.6	4	1.2000	1.2000	100.00	
19:33:24	1	139.2	5	1.6000	1.4000	114.29	
19:33:25	1	139.1	5	1.4000	1.4000	100.00	
19:33:26	1	139.0	5	1.3000	1.3000	100.00	
19:33:27	1	138.7	6	1.6000	1.4000	114.29	
19:33:28	1	138.2	6	1.6000	1.5000	106.67	
19:33:29	1	138.2	6	1.3000	1.4000	92.86	
19:33:30	1	138.1	7	1.2000	1.3000	92.31	
19:33:31	1	137.5	7	1.6000	1.4000	114.29	
19:33:32	1	137.2	7	1.6000	1.4000	114.29	
19:33:33	1	137.2	8	1.3000	1.3000	100.00	
19:33:34	1	137.0	8	1.4000	1.2000	116.67	
19:33:35	1	136.3	9	1.7000	1.4000	121.43	
19:33:36	1	136.3	9	1.4000	1.4000	100.00	
19:33:37	1	136.2	9	1.1000	1.2000	91.67	
19:33:38	1	136.1	10	1.4000	1.2000	116.67	
19:33:39	1	135.7	10	1.6000	1.3000	123.08	
19:33:40	1	135.2	10	1.8000	1.5000	120.00	
19:33:41	1	135.1	11	1.4000	1.5000	93.33	
19:33:42	1	135.0	11	1.1000	1.3000	84.62	
19:33:43	1	134.5	11	1.5000	1.4000	107.14	
19:33:44	1	134.4	12	1.6000	1.4000	114.29	
19:33:45	1	134.1	12	1.6000	1.4000	114.29	
19:33:46	1	134.1	12	1.5000	1.4000	107.14	
19:33:47	1	133.8	13	1.6000	1.4000	114.29	
19:33:48	1	133.3	13	1.8000	1.6000	112.50	
19:33:49	1	133.3	14	1.4000	1.5000	93.33	
19:33:50	1	133.1	14	1.2000	1.4000	85.71	
19:33:51	1	132.7	14	1.6000	1.4000	114.29	
19:33:52	1	132.3	15	1.8000	1.6000	112.50	
19:33:53	1	132.2	15	1.3000	1.4000	92.86	
19:33:54	1	132.1	15	1.1000	1.3000	84.62	
19:33:55	1	131.7	16	1.6000	1.4000	114.29	
19:33:56	1	131.4	16	1.6000	1.4000	114.29	
19:33:57	1	131.0	17	1.5000	1.4000	107.14	
19:33:58	1	130.8	17	1.5000	1.4000	107.14	
19:33:59	1	130.6	17	1.5000	1.4000	107.14	
19:34:00	1	130.1	18	1.7000	1.5000	113.33	
19:34:01	1	129.8	18	1.6000	1.4000	114.29	
19:34:02	1	129.5	19	1.4000	1.4000	100.00	
19:34:03	1	129.4	19	1.2000	1.4000	85.71	
19:34:04	1	128.9	19	1.4000	1.4000	100.00	
19:34:05	1	128.5	20	1.6000	1.5000	106.67	
19:34:06	1	128.2	20	1.4000	1.5000	93.33	
19:34:07	1	127.9	20	1.4000	1.4000	100.00	
19:34:08	1	127.4	21	1.6000	1.6000	100.00	
19:34:09	1	127.2	21	1.4000	1.6000	87.50	
19:34:10	1	127.1	21	1.3000	1.4000	92.86	
19:34:11	1	126.6	22	1.7000	1.6000	106.25	
19:34:12	1	126.6	22	1.4000	1.4000	100.00	
19:34:13	1	126.1	23	1.5000	1.4000	107.14	
19:34:14	1	125.7	23	1.8000	1.6000	112.50	
19:34:15	1	125.5	23	1.4000	1.4000	100.00	
19:34:16	1	125.3	24	1.5000	1.3000	115.38	
19:34:17	1	124.7	24	1.7000	1.5000	113.33	
19:34:18	1	124.3	24	1.4000	1.6000	87.50	
19:34:19	1	124.3	25	1.2000	1.4000	85.71	
19:34:20	1	123.9	25	1.6000	1.4000	114.29	
19:34:21	1	123.5	26	1.7000	1.6000	106.25	
19:34:22	1	123.4	26	1.4000	1.5000	93.33	
19:34:23	1	123.2	26	1.5000	1.5000	100.00	
19:34:24	1	122.7	27	1.7000	1.5000	113.33	
19:34:25	1	122.3	27	1.7000	1.5000	113.33	
19:34:26	1	122.0	28	1.6000	1.6000	100.00	
19:34:27	1	121.7	28	1.5000	1.5000	100.00	
19:34:28	1	121.3	28	1.6000	1.4000	114.29	
19:34:29	1	121.0	29	1.8000	1.6000	112.50	
19:34:30	1	120.8	29	1.6000	1.5000	106.67	
19:34:31	1	120.4	30	1.6000	1.4000	114.29	
19:34:32	1	119.9	30	1.7000	1.6000	106.25	
19:34:33	1	119.6	30	1.5000	1.5000	100.00	
19:34:34	1	119.4	31	1.4000	1.4000	100.00	
19:34:35	1	118.9	31	1.6000	1.4000	114.29	
19:34:36	1	118.6	32	1.7000	1.5000	113.33	
19:34:37	1	118.0	32	1.5000	1.6000	93.75	
19:34:38	1	117.7	32	1.3000	1.5000	86.67	
19:34:39	1	117.5	33	1.3000	1.4000	92.86	
19:34:40	1	116.8	33	1.8000	1.6000	112.50	
19:34:41	1	116.6	34	1.7000	1.6000	106.25	
19:34:42	1	116.3	34	1.6000	1.5000	106.67	
19:34:43	1	115.9	34	1.7000	1.6000	106.25	
19:34:44	1	115.6	35	1.5000	1.5000	100.00	
19:34:45	1	115.1	35	1.6000	1.5000	106.67	
19:34:46	1	114.7	35	1.5000	1.6000	93.75	
19:34:47	1	114.4	36	1.2000	1.5000	80.00	
19:34:48	1	114.0	36	1.6000	1.5000	106.67	
19:34:49	1	113.6	37	1.7000	1.6000	106.25	
19:34:50	1	113.1	37	1.5000	1.6000	93.75	
19:34:51	1	112.6	37	1.4000	1.7000	82.35	
19:34:52	1	112.3	38	1.3000	1.6000	81.25	
19:34:53	1	111.9	38	1.6000	1.6000	100.00	
19:34:54	1	111.4	38	1.6000	1.6000	100.00	
19:34:55	2	111.0	0	1.4000	1.6000	87.50	
19:34:56	2	110.7	0	1.4000	1.6000	87.50	
19:34:57	2	110.4	1	1.5000	1.5000	100.00	
19:34:58	2	109.7	1	1.6000	1.6000	100.00	
19:34:59	2	109.3	1	1.2000	1.6000	75.00	
19:35:00	2	108.9	2	1.4000	1.6000	87.50	
19:35:01	2	108.5	2	1.6000	1.6000	100.00	
19:35:02	2	108.1	3	1.6000	1.7000	94.12	
19:35:03	2	107.8	3	1.6000	1.7000	94.12	
19:35:04	2	107.4	3	1.5000	1.6000	93.75	
19:35:05	2	107.0	4	1.6000	1.7000	94.12	
19:35:06	2	106.7	4	1.5000	1.6000	93.75	
19:35:07	2	106.4	4	1.6000	1.6000	100.00	
19:35:08	2	106.0	5	1.8000	1.7000	105.88	
19:35:09	2	105.6	5	1.5000	1.7000	88.24	
19:35:10	2	105.4	6	1.4000	1.6000	87.50	
19:35:11	2	104.7	6	1.6000	1.7000	94.12	
19:35:12	2	104.5	6	1.5000	1.7000	88.24	
19:35:13	2	104.1	7	1.4000	1.6000	87.50	
19:35:14	2	103.7	7	1.6000	1.7000	94.12	
19:35:15	2	103.3	8	1.6000	1.6000	100.00	
19:35:16	2	102.7	8	1.6000	1.7000	94.12	
19:35:17	2	102.7	8	1.2000	1.6000	75.00	
19:35:18	2	102.0	9	1.4000	1.6000	87.50	
19:35:19	2	101.4	9	1.7000	1.7000	100.00	
19:35:20	2	101.2	9	1.4000	1.6000	87.50	
19:35:21	2	101.0	10	1.4000	1.6000	87.50	
19:35:22	2	100.4	10	1.6000	1.6000	100.00	
19:35:23	2	99.9	10	1.4000	1.6000	87.50	
19:35:24	2	99.4	11	1.4000	1.6000	87.50	
19:35:25	2	99.1	11	1.5000	1.6000	93.75	
19:35:26	2	98.6	12	1.4000	1.6000	87.50	
19:35:27	2	98.1	12	1.6000	1.6000	100.00	
19:35:28	2	97.6	12	1.5000	1.6000	93.75	
19:35:29	2	97.2	13	1.3000	1.6000	81.25	
19:35:30	2	96.7	13	1.5000	1.6000	93.75	
19:35:31	2	96.1	13	1.6000	1.6000	100.00	
19:35:32	2	95.7	14	1.2000	1.6000	75.00	
19:35:33	2	95.4	14	1.2000	1.5000	80.00	
19:35:34	2	94.9	15	1.6000	1.6000	100.00	
19:35:35	2	94.3	15	1.7000	1.7000	100.00	
19:35:36	2	93.9	15	1.5000	1.7000	88.24	
19:35:37	2	93.7	16	1.4000	1.6000	87.50	
19:35:38	2	93.2	16	1.6000	1.6000	100.00	
19:35:39	2	92.8	16	1.7000	1.6000	106.25	
19:35:40	2	92.3	17	1.6000	1.7000	94.12	
19:35:41	2	91.8	17	1.4000	1.7000	82.35	
19:35:42	2	91.3	18	1.4000	1.6000	87.50	
19:35:43	2	90.7	18	1.6000	1.6000	100.00	
19:35:44	2	90.3	18	1.2000	1.6000	75.00	
19:35:45	2	89.9	19	1.2000	1.5000	80.00	
19:35:46	2	89.4	19	1.7000	1.6000	106.25	
19:35:47	2	88.7	19	1.5000	1.7000	88.24	
19:35:48	2	88.5	20	1.2000	1.6000	75.00	
19:35:49	2	88.1	20	1.4000	1.5000	93.33	
19:35:50	2	87.5	21	1.7000	1.7000	100.00	
19:35:51	2	86.9	21	1.6000	1.9000	84.21	
19:35:52	2	86.6	21	1.3000	1.8000	72.22	
19:35:53	2	86.3	22	1.3000	1.6000	81.25	
19:35:54	2	85.8	22	1.7000	1.6000	106.25	
19:35:55	2	85.2	22	1.8000	1.8000	100.00	
19:35:56	2	84.7	23	1.4000	1.7000	82.35	
19:35:57	2	84.4	23	1.3000	1.5000	86.67	
19:35:58	2	83.8	24	1.6000	1.6000	100.00	
19:35:59	2	83.2	24	1.8000	1.7000	105.88	
19:36:00	3	82.6	0	1.6000	1.6000	100.00	
19:36:01	3	82.4	0	1.4000	1.6000	87.50	
19:36:02	3	82.0	1	1.4000	1.5000	93.33	
19:36:03	3	81.2	1	1.8000	1.6000	112.50	
19:36:04	3	80.9	1	1.6000	1.6000	100.00	
19:36:05	3	80.5	2	1.4000	1.5000	93.33	
19:36:06	3	80.1	2	1.7000	1.6000	106.25	
19:36:07	3	79.7	3	1.7000	1.6000	106.25	
19:36:08	3	79.2	3	1.8000	1.6000	112.50	
19:36:09	3	78.9	3	1.6000	1.7000	94.12	
19:36:10	3	78.6	4	1.3000	1.6000	81.25	
19:36:11	3	77.9	4	1.6000	1.6000	100.00	
19:36:12	3	77.2	5	1.7000	1.8000	94.44	
19:36:13	3	76.9	5	1.1000	1.7000	64.71	
19:36:14	3	76.8	5	1.2000	1.4000	85.71	
19:36:15	3	76.0	6	1.8000	1.6000	112.50	
19:36:16	3	75.5	6	1.6000	1.8000	88.89	
19:36:17	3	75.3	6	1.1000	1.5000	73.33	
19:36:18	3	74.8	7	1.5000	1.6000	93.75	
19:36:19	3	74.2	7	1.6000	1.7000	94.12	
19:36:20	3	73.7	8	1.6000	1.7000	94.12	
19:36:21	3	73.5	8	1.4000	1.6000	87.50	
19:36:22	3	73.1	8	1.5000	1.6000	93.75	
19:36:23	3	72.4	9	1.7000	1.7000	100.00	
19:36:24	3	72.0	9	1.5000	1.8000	83.33	
19:36:25	3	71.5	9	1.6000	1.7000	94.12	
19:36:26	3	71.0	10	1.7000	1.7000	100.00	
19:36:27	3	70.7	10	1.5000	1.6000	93.75	
19:36:28	3	70.3	11	1.5000	1.5000	100.00	
19:36:29	3	69.7	11	1.8000	1.6000	112.50	
19:36:30	3	69.3	11	1.5000	1.6000	93.75	
19:36:31	3	68.8	12	1.4000	1.6000	87.50	
19:36:32	3	68.2	12	1.7000	1.8000	94.44	
19:36:33	3	67.6	13	1.6000	1.8000	88.89	
19:36:34	3	67.3	13	1.5000	1.7000	88.24	
19:36:35	3	66.8	13	1.6000	1.6000	100.00	
19:36:36	3	66.4	14	1.6000	1.6000	100.00	
19:36:37	3	66.0	14	1.6000	1.6000	100.00	
19:36:38	3	65.2	15	1.6000	1.7000	94.12	
19:36:39	3	64.8	15	1.3000	1.6000	81.25	
19:36:40	3	64.4	15	1.3000	1.6000	81.25	
19:36:41	3	63.6	16	1.7000	1.7000	100.00	
19:36:42	3	63.2	16	1.5000	1.7000	88.24	
19:36:43	3	62.7	16	1.4000	1.7000	82.35	
19:36:44	3	62.1	17	1.6000	1.8000	88.89	
19:36:45	3	61.6	17	1.5000	1.8000	83.33	
19:36:46	3	61.0	18	1.5000	1.8000	83.33	
19:36:47	3	60.5	18	1.4000	1.8000	77.78	
19:36:48	3	60.1	18	1.4000	1.8000	77.78	
19:36:49	3	59.6	19	1.6000	1.8000	88.89	
19:36:50	3	58.8	19	1.6000	1.8000	88.89	
19:36:51	3	58.5	19	1.3000	1.8000	72.22	
19:36:52	3	57.9	20	1.6000	1.8000	88.89	
19:36:53	3	57.5	20	1.6000	1.8000	88.89	
19:36:54	3	57.1	21	1.6000	1.7000	94.12	
19:36:55	3	56.6	21	1.9000	1.8000	105.56	
19:36:56	3	55.9	22	1.8000	2.0000	90.00	
19:36:57	3	55.7	22	1.5000	1.8000	83.33	
19:36:58	4	55.0	0	1.7000	1.8000	94.44	
19:36:59	4	54.4	0	1.8000	1.9000	94.74	
19:37:00	4	54.2	1	1.3000	1.7000	76.47	
19:37:01	4	53.7	1	1.6000	1.6000	100.00	
19:37:02	4	53.0	2	1.8000	1.8000	100.00	
19:37:03	4	52.5	2	1.3000	1.8000	72.22	
19:37:04	4	52.0	2	1.4000	1.8000	77.78	
19:37:05	4	51.3	3	1.6000	1.9000	84.21	
19:37:06	4	51.1	3	1.3000	1.8000	72.22	
19:37:07	4	50.6	3	1.6000	1.8000	88.89	
19:37:08	4	50.1	4	2.0000	2.1000	95.24	
19:37:09	4	49.7	4	1.6000	1.8000	88.89	
19:37:10	4	49.3	5	1.7000	1.8000	94.44	
19:37:11	4	48.6	5	2.1000	2.0000	105.00	
19:37:12	4	48.2	6	1.6000	1.8000	88.89	
19:37:13	4	47.8	6	1.6000	1.7000	94.12	
19:37:14	4	47.1	7	2.0000	2.0000	100.00	
19:37:15	4	46.6	7	1.8000	2.1000	85.71	
19:37:16	4	46.3	7	1.6000	1.8000	88.89	
19:37:17	4	45.7	8	1.8000	1.8000	100.00	
19:37:18	4	45.2	8	1.7000	1.9000	89.47	
19:37:19	4	44.9	9	1.5000	1.8000	83.33	
19:37:20	4	44.3	9	1.9000	1.8000	105.56	
19:37:21	4	43.6	10	2.1000	2.0000	105.00	
19:37:22	4	43.4	10	1.6000	1.8000	88.89	
19:37:23	4	42.9	11	1.8000	1.8000	100.00	
19:37:24	4	42.4	11	2.0000	1.9000	105.26	
19:37:25	4	41.8	11	1.8000	1.9000	94.74	
19:37:26	4	41.3	12	1.7000	2.0000	85.00	
19:37:27	4	40.7	12	1.6000	2.0000	80.00	
19:37:28	4	40.5	13	1.5000	1.8000	83.33	
19:37:29	4	40.1	13	1.6000	1.8000	88.89	
19:37:30	4	39.4	13	1.8000	1.9000	94.74	
19:37:31	4	39.0	14	1.6000	2.0000	80.00	
19:37:32	4	38.7	14	1.5000	1.8000	83.33	
19:37:33	4	38.0	15	1.8000	1.8000	100.00	
19:37:34	4	37.3	15	1.8000	2.0000	90.00	
19:37:35	4	37.1	15	1.4000	1.7000	82.35	
19:37:36	4	36.6	16	1.6000	1.6000	100.00	
19:37:37	4	36.2	16	1.8000	1.8000	100.00	
19:37:38	4	35.5	17	1.8000	1.8000	100.00	
19:37:39	4	34.9	17	1.8000	2.0000	90.00	
19:37:40	4	34.6	18	1.4000	1.8000	77.78	
19:37:41	4	34.2	18	1.5000	1.7000	88.24	
19:37:42	4	33.5	18	1.7000	1.8000	94.44	
19:37:43	4	33.0	19	1.5000	1.8000	83.33	
19:37:44	4	32.6	19	1.4000	1.7000	82.35	
19:37:45	4	32.1	20	1.8000	1.8000	100.00	
19:37:46	4	31.3	20	2.0000	1.9000	105.26	
19:37:47	4	30.8	21	1.8000	2.0000	90.00	
19:37:48	4	30.5	21	1.5000	1.8000	83.33	
19:37:49	4	29.9	21	1.7000	1.7000	100.00	
19:37:50	4	29.5	22	1.8000	1.7000	105.88	
19:37:51	4	29.0	22	1.6000	1.6000	100.00	
19:37:52	4	28.2	23	1.6000	1.8000	88.89	
19:37:53	4	27.9	23	1.4000	1.7000	82.35	
19:37:54	4	27.2	23	1.6000	1.6000	100.00	
19:37:55	5	26.4	0	1.8000	1.9000	94.74	
19:37:56	5	26.2	0	1.3000	1.7000	76.47	
19:37:57	5	25.6	1	1.4000	1.6000	87.50	
19:37:58	5	24.8	1	1.8000	1.9000	94.74	
19:37:59	5	24.7	1	1.5000	1.6000	93.75	
19:38:00	5	24.2	2	1.6000	1.6000	100.00	
19:38:01	5	23.6	2	1.9000	1.8000	105.56	
19:38:02	5	23.0	3	1.8000	1.8000	100.00	
19:38:03	5	22.3	3	1.7000	1.8000	94.44	
19:38:04	5	22.1	3	1.4000	1.8000	77.78	
19:38:05	5	21.7	4	1.4000	1.6000	87.50	
19:38:06	5	20.7	4	1.7000	1.7000	100.00	
19:38:07	5	20.3	5	1.5000	1.8000	83.33	
19:38:08	5	19.9	5	1.4000	1.7000	82.35	
19:38:09	5	19.0	6	1.8000	1.8000	100.00	
19:38:10	5	18.5	6	1.5000	1.8000	83.33	
19:38:11	5	18.1	6	1.3000	1.6000	81.25	
19:38:12	5	17.3	7	1.7000	1.8000	94.44	
19:38:13	5	16.9	7	1.6000	1.8000	88.89	
19:38:14	5	16.4	7	1.4000	1.7000	82.35	
19:38:15	5	15.5	8	1.9000	1.8000	105.56	
19:38:16	5	14.9	8	1.8000	2.0000	90.00	
19:38:17	5	14.6	9	1.4000	1.7000	82.35	
19:38:18	5	14.0	9	1.7000	1.7000	100.00	
19:38:19	5	13.2	10	2.1000	1.9000	110.53	
19:38:20	5	12.7	10	1.7000	1.8000	94.44	
19:38:21	5	12.1	10	1.6000	1.8000	88.89	
19:38:22	5	11.4	11	1.8000	1.8000	100.00	
19:38:23	5	11.1	11	1.6000	1.7000	94.12	
19:38:24	5	10.3	12	1.7000	1.6000	106.25	
19:38:25	5	9.6	12	2.0000	1.8000	111.11	
19:38:26	5	9.2	13	1.6000	1.7000	94.12	
19:38:27	5	8.5	13	1.7000	1.6000	106.25	
19:38:28	5	7.7	14	1.9000	1.9000	100.00	
19:38:29	5	7.2	14	1.4000	1.8000	77.78	
19:38:30	5	6.6	14	1.4000	1.6000	87.50	
19:38:31	5	5.8	15	1.7000	1.7000	100.00	
19:38:32	5	5.5	15	1.4000	1.6000	87.50	
19:38:33	5	4.8	15	1.6000	1.6000	100.00	
19:38:34	5	4.6	16	1.6000	1.6000	100.00	
19:38:35	5	4.4	16	1.2000	1.3000	92.31	
19:38:36	5	4.1	16	1.5000	1.4000	107.14	
19:38:37	5	3.6	17	1.6000	1.5000	106.67	
19:38:38	5	3.3	17	1.3000	1.4000	92.86	
19:38:39	5	2.9	18	1.4000	1.4000	100.00	
19:38:40	5	2.6	18	1.5000	1.4000	107.14	
19:38:41	5	2.3	18	1.4000	1.4000	100.00	
19:38:42	5	1.8	19	1.7000	1.6000	106.25	
19:38:43	5	1.4	19	1.7000	1.9000	89.47	
19:38:44	5	1.1	20	1.8000	2.0000	90.00	
19:38:45	5	0.9	20	1.9000	1.9000	100.00	
19:38:46	5	0.4	21	1.8000	1.8000	100.00	
19:38:47	5	0.2	21	1.5000	1.6000	93.75	
19:38:48	5	-0.1	21	1.6000	1.6000	100.00	
19:38:49	5	-0.1	22	1.8000	1.8000	100.00	
19:38:50	5	-0.3	22	1.7000	1.9000	89.47	
19:38:51	5	-0.4	23	1.8000	1.9000	94.74	
19:38:52	5	-0.4	23	1.7000	1.9000	89.47	
19:38:53	5	-0.4	23	1.2000	1.8000	66.67	
19:38:54	5	-0.4	23	0.5000	1.6000	31.25	
19:38:55	5	-0.4	23	0.1000	1.2000	8.33	
19:38:56	5	-0.4	23	0.3000	0.5000	60.00	
19:38:57	5	-0.4	23	0.3000	0.0000	0.00	
19:38:58	5	-0.4	23	0.0000	0.0000	0.00	
19:38:59	5	-0.4	23	0.0000	0.0000	0.00	
19:39:00	5	-0.4	23	0.0000	0.0000	0.00	
19:39:01	5	-0.4	23	0.0000	0.0000	0.00	
19:39:02	5	-0.5	23	0.0000	0.0000	0.00	
19:39:03	5	-0.5	23	0.0000	0.0000	0.00	
19:39:04	5	-0.5	23	0.0000	0.0000	0.00	
19:39:05	5	-0.5	23	0.0000	0.0000	0.00	
19:39:06	5	-0.5	23	0.0000	0.0000	0.00	
19:39:07	5	-0.5	23	0.0000	0.0000	0.00	
19:39:08	5	-0.5	23	0.0000	0.0000	0.00	
19:39:09	5	-0.5	23	0.0000	0.0000	0.00	
19:39:10	5	-0.5	23	0.0000	0.0000	0.00	
19:39:11	5	-0.5	23	0.0000	0.0000	0.00	
19:39:12	5	-0.5	23	0.0000	0.0000	0.00	
19:39:13	5	-0.4	23	0.0000	0.0000	0.00	
19:39:14	5	-0.4	23	0.0000	0.0000	0.00	
19:39:15	5	-0.4	23	0.0000	0.0000	0.00	
19:39:16	5	-0.4	23	0.0000	0.0000	0.00	
19:39:17	5	-0.4	23	0.0000	0.0000	0.00	
19:39:18	5	-0.4	23	0.0000	0.0000	0.00	
19:39:19	5	-0.4	23	0.0000	0.0000	0.00	
19:39:20	5	-0.4	23	0.0000	0.0000	0.00	
19:39:21	5	-0.4	23	0.0000	0.0000	0.00	
19:39:22	5	-0.4	23	0.0000	0.0000	0.00	
19:39:23	5	-0.4	23	0.0000	0.0000	0.00	
19:39:24	5	-0.4	23	0.0000	0.0000	0.00	
19:39:25	5	-0.4	23	0.0000	0.0000	0.00	
19:39:26	5	-0.4	23	0.0000	0.0000	0.00	
19:39:27	5	-0.4	23	0.0000	0.0000	0.00	
19:39:28	5	-0.4	23	0.0000	0.0000	0.00	
19:39:29	5	-0.4	23	0.0000	0.0000	0.00	
19:39:30	5	-0.4	23	0.0000	0.0000	0.00	
19:39:31	5	-0.4	23	0.0000	0.0000	0.00	
19:39:32	5	-0.4	23	0.0000	0.0000	0.00	
19:39:33	5	-0.4	23	0.0000	0.0000	0.00	
19:39:34	5	-0.4	23	0.0000	0.0000	0.00	
19:39:35	5	-0.4	23	0.0000	0.0000	0.00	
19:39:36	5	-0.4	23	0.0000	0.0000	0.00	
19:39:37	5	-0.4	23	0.0000	0.0000	0.00	
19:39:38	5	-0.4	23	0.0000	0.0000	0.00	
19:39:39	5	-0.4	23	0.0000	0.0000	0.00	
19:39:40	5	-0.4	23	0.0000	0.0000	0.00	
19:39:41	5	-0.4	23	0.0000	0.0000	0.00	
19:39:42	5	-0.4	23	0.0000	0.0000	0.00	
19:39:43	5	-0.3	23	0.0000	0.0000	0.00	
19:39:44	5	-0.4	23	0.0000	0.0000	0.00	
19:39:45	5	-0.4	23	0.0000	0.0000	0.00	
19:39:46	5	-0.4	23	0.0000	0.0000	0.00	
19:39:47	5	-0.4	23	0.0000	0.0000	0.00	
19:39:48	5	-0.4	23	0.0000	0.0000	0.00	
19:39:49	5	-0.4	23	0.0000	0.0000	0.00	
19:39:50	5	-0.4	23	0.0000	0.0000	0.00	
19:39:51	5	-0.4	23	0.0000	0.0000	0.00	
19:39:52	5	-0.4	23	0.0000	0.0000	0.00	
19:39:53	5	-0.4	23	0.0000	0.0000	0.00	
19:39:54	5	-0.4	23	0.0000	0.0000	0.00	
19:39:55	5	-0.4	23	0.0000	0.0000	0.00	
19:39:56	5	-0.4	23	0.0000	0.0000	0.00	
19:39:57	5	-0.4	23	0.0000	0.0000	0.00	
19:39:58	5	-0.4	23	0.0000	0.0000	0.00	
19:39:59	5	-0.4	23	0.0000	0.0000	0.00	
19:40:00	5	-0.4	23	0.0000	0.0000	0.00	
19:40:01	5	-0.4	23	0.0000	0.0000	0.00	
19:40:02	5	-0.4	23	0.0000	0.0000	0.00	
19:40:03	5	-0.4	23	0.0000	0.0000	0.00	
19:40:04	5	-0.3	23	0.0000	0.0000	0.00	
19:40:05	5	-0.3	23	0.0000	0.0000	0.00	
19:40:06	5	-0.3	23	0.0000	0.0000	0.00	
19:40:07	5	-0.3	23	0.0000	0.0000	0.00	
19:40:08	5	-0.3	23	0.0000	0.0000	0.00	
19:40:09	5	-0.3	23	0.0000	0.0000	0.00	
19:40:10	5	-0.3	23	0.0000	0.0000	0.00	
19:40:11	5	-0.3	23	0.0000	0.0000	0.00	
19:40:12	5	-0.3	23	0.0000	0.0000	0.00	
19:40:13	5	-0.3	23	0.0000	0.0000	0.00	
19:40:14	5	-0.3	23	0.0000	0.0000	0.00	
19:40:15	5	-0.3	23	0.0000	0.0000	0.00	
19:40:16	5	-0.3	23	0.0000	0.0000	0.00	
19:40:17	5	-0.3	23	0.0000	0.0000	0.00	
19:40:18	5	-0.3	23	0.0000	0.0000	0.00	
19:40:19	5	-0.3	23	0.0000	0.0000	0.00	
19:40:20	5	-0.3	23	0.0000	0.0000	0.00	
19:40:21	5	-0.3	23	0.0000	0.0000	0.00	
19:40:22	5	-0.3	23	0.0000	0.0000	0.00	
19:40:23	5	-0.3	23	0.0000	0.0000	0.00	
19:40:24	5	-0.3	23	0.0000	0.0000	0.00	
19:40:25	5	-0.3	23	0.0000	0.0000	0.00	
19:40:26	5	-0.3	23	0.0000	0.0000	0.00	
19:40:27	5	-0.3	23	0.0000	0.0000	0.00	
19:40:28	5	-0.3	23	0.0000	0.0000	0.00	
19:40:29	5	-0.3	23	0.0000	0.0000	0.00	
19:40:30	5	-0.3	23	0.0000	0.0000	0.00	
19:40:31	5	-0.3	23	0.0000	0.0000	0.00	
19:40:32	5	-0.3	23	0.0000	0.0000	0.00	
19:40:33	5	-0.3	23	0.0000	0.0000	0.00	
19:40:34	5	-0.3	23	0.0000	0.0000	0.00	
19:40:35	5	-0.3	23	0.0000	0.0000	0.00	
19:40:36	5	-0.3	23	0.0000	0.0000	0.00	
19:40:37	5	-0.3	23	0.0000	0.0000	0.00	
19:40:38	5	-0.3	23	0.0000	0.0000	0.00	
19:40:39	5	-0.3	23	0.0000	0.0000	0.00	
19:40:40	5	-0.3	23	0.0000	0.0000	0.00	
19:40:41	5	-0.3	23	0.0000	0.0000	0.00	
19:40:42	5	-0.3	23	0.0000	0.0000	0.00	
19:40:43	5	-0.3	23	0.0000	0.0000	0.00	
19:40:44	5	-0.3	23	0.0000	0.0000	0.00	
19:40:45	5	-0.3	23	0.0000	0.0000	0.00	
19:40:46	5	-0.3	23	0.0000	0.0000	0.00	
19:40:47	5	-0.3	23	0.0000	0.0000	0.00	
19:40:48	5	-0.3	23	0.0000	0.0000	0.00	
19:40:49	5	-0.3	23	0.0000	0.0000	0.00	
19:40:50	5	-0.3	23	0.0000	0.0000	0.00	
19:40:51	5	-0.3	23	0.0000	0.0000	0.00	
19:40:52	5	-0.3	23	0.0000	0.0000	0.00	
19:40:53	5	-0.3	23	0.0000	0.0000	0.00	
19:40:54	5	-0.3	23	0.0000	0.0000	0.00	
19:40:55	5	-0.3	23	0.0000	0.0000	0.00	
19:40:56	5	-0.3	23	0.0000	0.0000	0.00	
19:40:57	5	-0.3	23	0.0000	0.0000	0.00	
19:40:58	5	-0.3	23	0.0000	0.0000	0.00	
19:40:59	5	-0.3	23	0.0000	0.0000	0.00	
19:41:00	5	-0.3	23	0.0000	0.0000	0.00	
19:41:01	5	-0.3	23	0.0000	0.0000	0.00	
19:41:02	5	-0.3	23	0.0000	0.0000	0.00	
19:41:03	5	-0.3	23	0.0000	0.0000	0.00	
19:41:04	5	-0.3	23	0.0000	0.0000	0.00	
19:41:05	5	-0.3	23	0.0000	0.0000	0.00	
19:41:06	5	-0.3	23	0.0000	0.0000	0.00	
19:41:07	5	-0.3	23	0.0000	0.0000	0.00	
19:41:08	5	-0.3	23	0.0000	0.0000	0.00	
19:41:09	5	-0.3	23	0.0000	0.0000	0.00	
19:41:10	5	-0.3	23	0.0000	0.0000	0.00	
19:41:11	5	-0.3	23	0.0000	0.0000	0.00	
19:41:12	5	-0.3	23	0.0000	0.0000	0.00	
19:41:13	5	-0.3	23	0.0000	0.0000	0.00	
19:41:14	5	-0.3	23	0.0000	0.0000	0.00	
19:41:15	5	-0.3	23	0.0000	0.0000	0.00	
19:41:16	5	-0.3	23	0.0000	0.0000	0.00	
19:41:17	5	-0.3	23	0.0000	0.0000	0.00	
19:41:18	5	-0.3	23	0.0000	0.0000	0.00	
19:41:19	5	-0.3	23	0.0000	0.0000	0.00	
19:41:20	5	-0.2	23	0.0000	0.0000	0.00	
19:41:21	5	-0.3	23	0.0000	0.0000	0.00	
19:41:22	5	-0.2	23	0.0000	0.0000	0.00	
19:41:23	5	-0.2	23	0.0000	0.0000	0.00	
19:41:24	5	-0.2	23	0.0000	0.0000	0.00	
19:41:25	5	-0.3	23	0.0000	0.0000	0.00	
19:41:26	5	-0.2	23	0.0000	0.0000	0.00	
19:41:27	5	-0.2	23	0.0000	0.0000	0.00	
19:41:28	5	-0.2	23	0.0000	0.0000	0.00	
19:41:29	5	-0.3	23	0.0000	0.0000	0.00	
19:41:30	5	-0.2	23	0.0000	0.0000	0.00	
19:41:31	5	-0.2	23	0.0000	0.0000	0.00	
19:41:32	5	-0.2	23	0.0000	0.0000	0.00	
19:41:33	5	-0.2	23	0.0000	0.0000	0.00	
19:41:34	5	-0.2	23	0.0000	0.0000	0.00	
19:41:35	5	-0.2	23	0.0000	0.0000	0.00	
19:41:36	5	-0.2	23	0.0000	0.0000	0.00	
19:41:37	5	-0.2	23	0.0000	0.0000	0.00	
19:41:38	5	-0.3	23	0.0000	0.0000	0.00	
19:41:39	5	-0.2	23	0.0000	0.0000	0.00	
19:41:40	5	-0.2	23	0.0000	0.0000	0.00	
19:41:41	5	-0.2	23	0.0000	0.0000	0.00	
19:41:42	5	-0.2	23	0.0000	0.0000	0.00	
19:41:43	5	-0.2	23	0.0000	0.0000	0.00	
19:41:44	5	-0.3	23	0.0000	0.0000	0.00	
19:41:45	5	-0.2	23	0.0000	0.0000	0.00	
19:41:46	5	-0.2	23	0.0000	0.0000	0.00	
19:41:47	5	-0.2	23	0.0000	0.0000	0.00	
19:41:48	5	-0.2	23	0.0000	0.0000	0.00	
19:41:49	5	-0.2	23	0.0000	0.0000	0.00	
19:41:50	5	-0.2	23	0.0000	0.0000	0.00	
19:41:51	5	-0.2	23	0.0000	0.0000	0.00	
19:41:52	5	-0.2	23	0.0000	0.0000	0.00	
19:41:53	5	-0.2	23	0.0000	0.0000	0.00	
19:41:54	5	-0.2	23	0.0000	0.0000	0.00	
19:41:55	5	-0.3	23	0.0000	0.0000	0.00	
19:41:56	5	-0.2	23	0.0000	0.0000	0.00	
19:41:57	5	-0.2	23	0.0000	0.0000	0.00	
19:41:58	5	-0.2	23	0.0000	0.0000	0.00	
19:41:59	5	-0.2	23	0.0000	0.0000	0.00	
19:42:00	5	-0.2	23	0.0000	0.0000	0.00	
19:42:01	5	-0.2	23	0.0000	0.0000	0.00	
19:42:02	5	-0.2	23	0.0000	0.0000	0.00	
19:42:03	5	-0.2	23	0.0000	0.0000	0.00	
19:42:04	5	-0.2	23	0.0000	0.0000	0.00	
19:42:05	5	-0.2	23	0.0000	0.0000	0.00	
19:42:06	5	-0.2	23	0.0000	0.0000	0.00	
19:42:07	5	-0.2	23	0.0000	0.0000	0.00	
19:42:08	5	-0.2	23	0.0000	0.0000	0.00	
19:42:09	5	-0.1	23	0.0000	0.0000	0.00	
19:42:10	5	-0.2	23	0.0000	0.0000	0.00	
19:42:11	5	-0.2	23	0.0000	0.0000	0.00	
19:42:12	5	-0.2	23	0.0000	0.0000	0.00	
19:42:13	5	-0.1	23	0.0000	0.0000	0.00	
19:42:14	5	-0.2	23	0.0000	0.0000	0.00	
19:42:15	5	-0.1	23	0.0000	0.0000	0.00	
19:42:16	5	-0.1	23	0.0000	0.0000	0.00	
19:42:17	5	-0.1	23	0.0000	0.0000	0.00	
19:42:18	5	-0.1	23	0.0000	0.0000	0.00	
19:42:19	5	-0.1	23	0.0000	0.0000	0.00	
19:42:20	5	-0.1	23	0.0000	0.0000	0.00	
19:42:21	5	-0.1	23	0.0000	0.0000	0.00	
19:42:22	5	-0.1	23	0.0000	0.0000	0.00	
19:42:23	5	-0.1	23	0.0000	0.0000	0.00	
19:42:24	5	-0.1	23	0.0000	0.0000	0.00	
19:42:25	5	-0.1	23	0.0000	0.0000	0.00	
19:42:26	5	-0.1	23	0.0000	0.0000	0.00	
19:42:27	5	-0.1	23	0.0000	0.0000	0.00	
19:42:28	5	-0.1	23	0.0000	0.0000	0.00	
19:42:29	5	-0.1	23	0.0000	0.0000	0.00	
19:42:30	5	-0.1	23	0.0000	0.0000	0.00	
19:42:31	5	-0.1	23	0.0000	0.0000	0.00	
19:42:32	5	-0.1	23	0.0000	0.0000	0.00	
19:42:33	5	-0.1	23	0.0000	0.0000	0.00	
19:42:34	5	-0.1	23	0.0000	0.0000	0.00	
19:42:35	5	-0.1	23	0.0000	0.0000	0.00	
19:42:36	5	-0.1	23	0.0000	0.0000	0.00	
19:42:37	5	-0.1	23	0.0000	0.0000	0.00	
19:42:38	5	-0.1	23	0.0000	0.0000	0.00	
19:42:39	5	-0.1	23	0.0000	0.0000	0.00	
19:42:40	5	-0.1	23	0.0000	0.0000	0.00	
19:42:41	5	-0.1	23	0.0000	0.0000	0.00	
19:42:42	5	-0.1	23	0.0000	0.0000	0.00	
19:42:43	5	-0.1	23	0.0000	0.0000	0.00	
19:42:44	5	-0.1	23	0.0000	0.0000	0.00	
19:42:45	5	-0.1	23	0.0000	0.0000	0.00	
19:42:46	5	-0.1	23	0.0000	0.0000	0.00	
19:42:47	5	-0.1	23	0.0000	0.0000	0.00	
19:42:48	5	-0.1	23	0.0000	0.0000	0.00	
19:42:49	5	-0.1	23	0.0000	0.0000	0.00	
19:42:50	5	-0.1	23	0.0000	0.0000	0.00	
19:42:51	5	-0.1	23	0.0000	0.0000	0.00	
19:42:52	5	-0.1	23	0.0000	0.0000	0.00	
19:42:53	5	-0.1	23	0.0000	0.0000	0.00	
19:42:54	5	-0.1	23	0.0000	0.0000	0.00	
19:42:55	5	-0.1	23	0.0000	0.0000	0.00	
19:42:56	5	-0.1	23	0.0000	0.0000	0.00	
19:42:57	5	-0.1	23	0.0000	0.0000	0.00	
19:42:58	5	-0.1	23	0.0000	0.0000	0.00	
19:42:59	5	-0.1	23	0.0000	0.0000	0.00	
19:43:00	5	-0.1	23	0.0000	0.0000	0.00	
19:43:01	5	-0.1	23	0.0000	0.0000	0.00	
19:43:02	5	-0.1	23	0.0000	0.0000	0.00	
19:43:03	5	-0.1	23	0.0000	0.0000	0.00	
19:43:04	5	-0.1	23	0.0000	0.0000	0.00	
19:43:05	5	-0.1	23	0.0000	0.0000	0.00	
19:43:06	5	-0.1	23	0.0000	0.0000	0.00	
19:43:07	5	-0.1	23	0.0000	0.0000	0.00	
19:43:08	5	-0.1	23	0.0000	0.0000	0.00	
19:43:09	5	-0.1	23	0.0000	0.0000	0.00	
19:43:10	5	-0.1	23	0.0000	0.0000	0.00	
19:43:11	5	-0.1	23	0.0000	0.0000	0.00	
19:43:12	5	-0.1	23	0.0000	0.0000	0.00	
19:43:13	5	-0.1	23	0.0000	0.0000	0.00	
19:43:14	5	-0.1	23	0.0000	0.0000	0.00	
19:43:15	5	-0.1	23	0.0000	0.0000	0.00	
19:43:16	5	-0.1	23	0.0000	0.0000	0.00	
19:43:17	5	-0.1	23	0.0000	0.0000	0.00	
19:43:18	5	-0.1	23	0.0000	0.0000	0.00	
19:43:19	5	-0.1	23	0.0000	0.0000	0.00	
19:43:20	5	-0.1	23	0.0000	0.0000	0.00	
19:43:21	5	-0.1	23	0.0000	0.0000	0.00	
19:43:22	5	-0.1	23	0.0000	0.0000	0.00	
19:43:23	5	-0.1	23	0.0000	0.0000	0.00	
19:43:24	5	-0.1	23	0.0000	0.0000	0.00	
19:43:25	5	-0.1	23	0.0000	0.0000	0.00	
19:43:26	5	-0.1	23	0.0000	0.0000	0.00	
19:43:27	5	-0.1	23	0.0000	0.0000	0.00	
19:43:28	5	-0.1	23	0.0000	0.0000	0.00	
19:43:29	5	-0.1	23	0.0000	0.0000	0.00	
19:43:30	5	-0.1	23	0.0000	0.0000	0.00	
19:43:31	5	-0.1	23	0.0000	0.0000	0.00	
19:43:32	5	-0.1	23	0.0000	0.0000	0.00	
19:43:33	5	-0.1	23	0.0000	0.0000	0.00	
19:43:34	5	-0.1	23	0.0000	0.0000	0.00	
19:43:35	5	-0.1	23	0.0000	0.0000	0.00	
19:43:36	5	-0.2	23	0.0000	0.5000	0.00	
19:43:37	5	-0.1	23	0.0000	1.1000	0.00	
19:43:38	5	-0.1	23	0.0000	0.7000	0.00	
19:43:39	5	-0.1	23	0.0000	0.1000	0.00	
19:43:40	5	-0.2	23	0.0000	0.1000	0.00	
19:43:41	5	-0.1	23	0.0000	0.1000	0.00	
19:43:42	5	-0.1	23	0.0000	0.0000	0.00	
19:43:43	5	-0.2	23	0.0000	0.0000	0.00	
19:43:44	5	-0.1	23	0.0000	0.2000	0.00	
19:43:45	5	-0.1	23	0.0000	0.2000	0.00	
19:43:46	5	-0.1	23	0.0000	0.0000	0.00	
19:43:47	5	-0.2	23	0.0000	0.0000	0.00	
19:43:48	5	-0.2	23	0.0000	0.4000	0.00	
19:43:49	5	-0.2	23	0.0000	0.9000	0.00	
19:43:50	5	-0.2	23	0.0000	0.5000	0.00	
19:43:51	5	-0.1	23	0.0000	0.0000	0.00	
19:43:52	5	-0.1	23	0.0000	0.0000	0.00	
19:43:53	5	-0.1	23	0.0000	0.0000	0.00	
19:43:54	5	-0.1	23	0.0000	0.0000	0.00	
19:43:55	5	-0.1	23	0.0000	0.0000	0.00	
19:43:56	5	-0.1	23	0.0000	0.0000	0.00	
19:43:57	5	-0.1	23	0.0000	0.0000	0.00	
19:43:58	5	-0.1	23	0.0000	0.0000	0.00	
19:43:59	5	-0.1	23	0.0000	0.0000	0.00	
19:44:00	5	-0.1	23	0.0000	0.0000	0.00	
19:44:01	5	-0.1	23	0.0000	0.0000	0.00	
19:44:02	5	-0.1	23	0.0000	0.0000	0.00	
19:44:03	5	-0.1	23	0.0000	0.0000	0.00	
19:44:04	5	-0.1	23	0.0000	0.0000	0.00	
19:44:05	5	-0.1	23	0.0000	0.0000	0.00	
19:44:06	5	-0.1	23	0.0000	0.0000	0.00	
19:44:07	5	-0.1	23	0.0000	0.0000	0.00	
19:44:08	5	-0.1	23	0.0000	0.0000	0.00	
19:44:09	5	-0.1	23	0.0000	0.0000	0.00	
19:44:10	5	-0.1	23	0.0000	0.0000	0.00	
19:44:11	5	-0.1	23	0.0000	0.0000	0.00	
19:44:12	5	-0.1	23	0.0000	0.0000	0.00	
19:44:13	5	-0.1	23	0.0000	0.0000	0.00	
19:44:14	5	-0.1	23	0.0000	0.0000	0.00	
19:44:15	5	-0.1	23	0.0000	0.0000	0.00	
19:44:16	5	-0.1	23	0.0000	0.0000	0.00	
19:44:17	5	-0.1	23	0.0000	0.0000	0.00	
19:44:18	5	-0.1	23	0.0000	0.0000	0.00	
19:44:19	5	-0.1	23	0.0000	0.0000	0.00	
19:44:20	5	-0.1	23	0.0000	0.0000	0.00	
19:44:21	5	-0.1	23	0.0000	0.0000	0.00	
19:44:22	5	-0.1	23	0.0000	0.0000	0.00	
19:44:23	5	-0.1	23	0.0000	0.0000	0.00	
19:44:24	5	-0.1	23	0.0000	0.0000	0.00	
19:44:25	5	-0.1	23	0.0000	0.0000	0.00	
19:44:26	5	-0.1	23	0.0000	0.0000	0.00	
19:44:27	5	-0.1	23	0.0000	0.0000	0.00	
19:44:28	5	-0.1	23	0.0000	0.0000	0.00	
19:44:29	5	-0.1	23	0.0000	0.0000	0.00	
19:44:30	5	-0.1	23	0.0000	0.0000	0.00	
19:44:31	5	-0.1	23	0.0000	0.0000	0.00	
19:44:32	5	-0.1	23	0.0000	0.0000	0.00	
19:44:33	5	-0.1	23	0.0000	0.0000	0.00	
19:44:34	5	-0.1	23	0.0000	0.0000	0.00	
19:44:35	5	-0.1	23	0.0000	0.0000	0.00	
19:44:36	5	-0.1	23	0.0000	0.0000	0.00	
19:44:37	5	-0.1	23	0.0000	0.0000	0.00	
19:44:38	5	-0.1	23	0.0000	0.0000	0.00	
19:44:39	5	-0.1	23	0.0000	0.0000	0.00	
19:44:40	5	-0.1	23	0.0000	0.0000	0.00	
19:44:41	5	-0.1	23	0.0000	0.0000	0.00	
19:44:42	5	-0.1	23	0.0000	0.0000	0.00	
19:44:43	5	-0.1	23	0.0000	0.0000	0.00	
19:44:44	5	-0.1	23	0.0000	0.0000	0.00	
19:44:45	5	-0.1	23	0.0000	0.0000	0.00	
19:44:46	5	-0.1	23	0.0000	0.0000	0.00	
19:44:47	5	-0.1	23	0.0000	0.0000	0.00	
19:44:48	5	-0.1	23	0.0000	0.1000	0.00	
19:44:49	5	-0.1	23	0.0000	0.1000	0.00	
19:44:50	5	-0.1	23	0.0000	0.0000	0.00	
19:44:51	5	-0.1	23	0.0000	0.0000	0.00	
19:44:52	5	-0.1	23	0.0000	0.0000	0.00	
19:44:53	5	-0.1	23	0.0000	0.0000	0.00	
19:44:54	5	-0.1	23	0.0000	0.0000	0.00	
19:44:55	5	-0.1	23	0.0000	0.0000	0.00	
19:44:56	5	-0.1	23	0.0000	0.0000	0.00	
19:44:57	5	-0.1	23	0.0000	0.0000	0.00	
19:44:58	5	-0.1	23	0.0000	0.0000	0.00	
19:44:59	5	-0.1	23	0.0000	0.0000	0.00	
19:45:00	5	0.0	23	0.0000	0.0000	0.00	
19:45:01	5	-0.1	23	0.0000	0.0000	0.00	
19:45:02	5	-0.1	23	0.0000	0.0000	0.00	
19:45:03	5	0.0	23	0.0000	0.0000	0.00	
19:45:04	5	-0.1	23	0.0000	0.0000	0.00	
19:45:05	5	0.0	23	0.0000	0.0000	0.00	
19:45:06	5	0.0	23	0.0000	0.0000	0.00	
19:45:07	5	-0.1	23	0.0000	0.0000	0.00	
19:45:08	5	-0.1	23	0.0000	0.0000	0.00	
19:45:09	5	-0.1	23	0.0000	0.0000	0.00	
19:45:10	5	-0.1	23	0.0000	0.0000	0.00	
19:45:11	5	-0.1	23	0.0000	0.0000	0.00	
19:45:12	5	0.0	23	0.0000	0.0000	0.00	
19:45:13	5	-0.1	23	0.0000	0.0000	0.00	
19:45:14	5	-0.1	23	0.0000	0.0000	0.00	
19:45:15	5	-0.1	23	0.0000	0.0000	0.00	
19:45:16	5	-0.1	23	0.0000	0.0000	0.00	
19:45:17	5	-0.1	23	0.0000	0.0000	0.00	
19:45:18	5	-0.1	23	0.0000	0.0000	0.00	
19:45:19	5	-0.1	23	0.0000	0.0000	0.00	
19:45:20	5	-0.1	23	0.0000	0.0000	0.00	
19:45:21	5	-0.1	23	0.0000	0.0000	0.00	
19:45:22	5	-0.1	23	0.0000	0.0000	0.00	
19:45:23	5	-0.1	23	0.0000	0.0000	0.00	
19:45:24	5	-0.1	23	0.0000	0.0000	0.00	
19:45:25	5	-0.1	23	0.0000	0.0000	0.00	
19:45:26	5	-0.1	23	0.0000	0.0000	0.00	
19:45:27	5	-0.1	23	0.0000	0.0000	0.00	
19:45:28	5	-0.1	23	0.0000	0.0000	0.00	
19:45:29	5	-0.1	23	0.0000	0.0000	0.00	
19:45:30	5	-0.1	23	0.0000	0.0000	0.00	
19:45:31	5	-0.1	23	0.0000	0.0000	0.00	
19:45:32	5	-0.1	23	0.0000	0.0000	0.00	
19:45:33	5	-0.1	23	0.0000	0.0000	0.00	
19:45:34	5	-0.1	23	0.0000	0.0000	0.00	
19:45:35	5	-0.1	23	0.0000	0.0000	0.00	
19:45:36	5	-0.1	23	0.0000	0.0000	0.00	
19:45:37	5	-0.1	23	0.0000	0.0000	0.00	
19:45:38	5	-0.1	23	0.0000	0.0000	0.00	
19:45:39	5	-0.1	23	0.0000	0.0000	0.00	
19:45:40	5	-0.1	23	0.0000	0.0000	0.00	
19:45:41	5	-0.1	23	0.0000	0.0000	0.00	
19:45:42	5	-0.1	23	0.0000	0.0000	0.00	
19:45:43	5	-0.1	23	0.0000	0.0000	0.00	
19:45:44	5	-0.1	23	0.0000	0.0000	0.00	
19:45:45	5	-0.1	23	0.0000	0.0000	0.00	
19:45:46	5	-0.1	23	0.0000	0.0000	0.00	
19:45:47	5	-0.1	23	0.0000	0.0000	0.00	
19:45:48	5	-0.1	23	0.0000	0.0000	0.00	
19:45:49	5	0.0	23	0.0000	0.0000	0.00	
19:45:50	5	-0.1	23	0.0000	0.0000	0.00	
19:45:51	5	0.0	23	0.0000	0.0000	0.00	
19:45:52	5	0.0	23	0.0000	0.0000	0.00	
19:45:53	5	0.0	23	0.0000	0.0000	0.00	
19:45:54	5	0.0	23	0.0000	0.0000	0.00	
19:45:55	5	0.0	23	0.0000	0.0000	0.00	
19:45:56	5	0.0	23	0.0000	0.0000	0.00	
19:45:57	5	0.0	23	0.0000	0.0000	0.00	
19:45:58	5	0.0	23	0.0000	0.0000	0.00	
19:45:59	5	0.0	23	0.0000	0.0000	0.00	
19:46:00	5	0.0	23	0.0000	0.0000	0.00	
19:46:01	5	0.0	23	0.0000	0.0000	0.00	
19:46:02	5	0.0	23	0.0000	0.0000	0.00	
19:46:03	5	0.0	23	0.0000	0.0000	0.00	
19:46:04	5	0.0	23	0.0000	0.0000	0.00	
19:46:05	5	0.0	23	0.0000	0.0000	0.00	
19:46:06	5	0.0	23	0.0000	0.0000	0.00	
19:46:07	5	0.0	23	0.0000	0.0000	0.00	
19:46:08	5	0.0	23	0.0000	0.0000	0.00	
19:46:09	5	0.0	23	0.0000	0.0000	0.00	
19:46:10	5	0.0	23	0.0000	0.0000	0.00	
19:46:11	5	0.0	23	0.0000	0.0000	0.00	
19:46:12	5	0.0	23	0.0000	0.0000	0.00	
19:46:13	5	0.0	23	0.0000	0.0000	0.00	
19:46:14	5	0.0	23	0.0000	0.0000	0.00	
19:46:15	5	0.0	23	0.0000	0.0000	0.00	
19:46:16	5	0.0	23	0.0000	0.0000	0.00	
19:46:17	5	0.0	23	0.0000	0.0000	0.00	
19:46:18	5	0.0	23	0.0000	0.0000	0.00	
19:46:19	5	0.0	23	0.0000	0.0000	0.00	
19:46:20	5	0.0	23	0.0000	0.3000	0.00	
19:46:21	5	0.0	23	0.0000	0.4000	0.00	
19:46:22	5	0.0	23	0.0000	0.2000	0.00	
19:46:23	5	0.0	23	0.0000	0.2000	0.00	
19:46:24	5	0.0	23	0.0000	0.2000	0.00	
19:46:25	5	0.0	23	0.0000	0.1000	0.00	
19:46:26	5	0.0	23	0.0000	0.0000	0.00	
19:46:27	5	-0.1	23	0.0000	0.1000	0.00	
19:46:28	5	0.0	23	0.0000	0.1000	0.00	
19:46:29	5	0.0	23	0.0000	0.4000	0.00	
19:46:30	5	0.0	23	0.0000	1.1000	0.00	
19:46:31	5	0.0	23	0.0000	1.3000	0.00	
19:46:32	5	0.0	23	0.0000	0.8000	0.00	
19:46:33	5	-0.1	23	0.0000	0.2000	0.00	
19:46:34	5	-0.1	23	0.0000	0.0000	0.00	
19:46:35	5	0.0	23	0.0000	0.0000	0.00	
19:46:36	5	0.0	23	0.0000	0.1000	0.00	
19:46:37	5	0.0	23	0.0000	0.1000	0.00	
19:46:38	5	0.0	23	0.0000	0.0000	0.00	
19:46:39	5	-0.1	23	0.0000	0.0000	0.00	
19:46:40	5	-0.1	23	0.0000	0.1000	0.00	
19:46:41	5	0.0	23	0.0000	0.1000	0.00	
19:46:42	5	0.0	23	0.0000	0.0000	0.00	
19:46:43	5	0.0	23	0.0000	0.0000	0.00	
19:46:44	5	0.0	23	0.0000	0.0000	0.00	
19:46:45	5	0.0	23	0.0000	0.0000	0.00	
19:46:46	5	0.0	23	0.0000	0.0000	0.00	
19:46:47	5	0.0	23	0.0000	0.0000	0.00	
19:46:48	5	0.0	23	0.0000	0.0000	0.00	
19:46:49	5	0.0	23	0.0000	0.0000	0.00	
19:46:50	5	0.0	23	0.0000	0.1000	0.00	
19:46:51	5	0.0	23	0.0000	0.1000	0.00	
