Data Start: 2020-09-21 16:20:43
Data End: 2020-09-21 16:36:22
Devicename: Multi Plankton Sampler MPS
IdentNo.: 1020

Net []
Range1: 0 to 5

Pressure [dbar]
Range1: 0.0 to 3000.0  Cal0: -8.585877E+2  Cal1: 1.175972E-1  Cal2: -1.044298E-6  Cal3: -1.441992E+0  Cal4: 9.253807E-5  Cal5: -8.766143E-10  Cal6: 7.97392E-2  Cal7: 7.856609E-2  Cal8: -1.359118E-8

Volume [m³]
Range1: 0 to 65000  Cal0: 2.5E-1

Flow in [m/s]
Range1: 0.0000 to 9.9000

Flow out [m/s]
Range1: 0.0000 to 9.9000

Flow ratio [%]
Range1: 0.00 to 200.00

Header Comment

Ship:		
Cruise:		
Station:		
Cast:		
Position:		
Operator:		


Time [hh:mm:ss]	Net []	Pressure [dbar]	Volume [m³]	Flow in [m/s]	Flow out [m/s]	Flow ratio [%]	Comments  [Index]
16:20:43	0	0.0	0	0.1000	0.1000	100.00	
16:20:44	0	0.1	0	0.4000	0.1000	400.00	
16:20:45	0	0.1	0	0.3000	0.1000	300.00	
16:20:46	0	0.1	0	0.0000	0.0000	0.00	
16:20:47	0	0.1	0	0.1000	0.1000	100.00	
16:20:48	0	0.1	0	0.1000	0.1000	100.00	
16:20:49	0	0.1	0	0.0000	0.0000	0.00	
16:20:50	0	0.1	0	0.0000	0.1000	0.00	
16:20:51	0	0.1	0	0.0000	0.2000	0.00	
16:20:52	0	0.1	0	0.0000	0.1000	0.00	
16:20:53	0	0.1	0	0.1000	0.0000	0.00	
16:20:54	0	0.1	0	0.1000	0.0000	0.00	
16:20:55	0	0.1	0	0.0000	0.0000	0.00	
16:20:56	0	0.0	0	0.2000	0.0000	0.00	
16:20:57	0	0.0	0	0.5000	0.0000	0.00	
16:20:58	0	0.1	0	0.3000	0.0000	0.00	
16:20:59	0	0.1	0	0.0000	0.0000	0.00	
16:21:00	0	0.0	0	0.0000	0.0000	0.00	
16:21:01	0	0.0	0	0.0000	0.0000	0.00	
16:21:02	0	0.0	0	0.0000	0.0000	0.00	
16:21:03	0	0.1	0	0.1000	0.0000	0.00	
16:21:04	0	0.1	0	0.3000	0.0000	0.00	
16:21:05	0	0.0	0	0.3000	0.0000	0.00	
16:21:06	0	0.0	0	0.1000	0.0000	0.00	
16:21:07	0	0.0	0	0.0000	0.0000	0.00	
16:21:08	0	0.0	0	0.1000	0.0000	0.00	
16:21:09	0	0.0	0	0.1000	0.0000	0.00	
16:21:10	0	0.0	0	0.0000	0.0000	0.00	
16:21:11	0	0.1	0	0.0000	0.0000	0.00	
16:21:12	0	0.1	0	0.0000	0.0000	0.00	
16:21:13	0	0.1	1	0.8000	0.5000	160.00	
16:21:14	0	0.1	2	2.5000	2.8000	89.29	
16:21:15	0	0.1	3	3.7000	4.2000	88.10	
16:21:16	0	0.1	4	4.2000	4.3000	97.67	
16:21:17	0	0.1	5	4.8000	4.7000	102.13	
16:21:18	0	0.1	6	4.2000	3.5000	120.00	
16:21:19	0	0.1	7	3.9000	3.2000	121.87	
16:21:20	0	0.1	8	4.0000	3.6000	111.11	
16:21:21	0	0.1	9	3.9000	2.8000	139.29	
16:21:22	0	0.1	10	5.1000	4.0000	127.50	
16:21:23	0	0.1	11	4.5000	3.9000	115.38	
16:21:24	0	0.1	12	2.9000	1.9000	152.63	
16:21:25	0	0.1	13	3.6000	2.7000	133.33	
16:21:26	0	0.1	14	4.8000	3.9000	123.08	
16:21:27	0	0.1	15	5.1000	4.6000	110.87	
16:21:28	0	0.1	17	5.3000	5.1000	103.92	
16:21:29	0	0.1	18	5.3000	4.6000	115.22	
16:21:30	0	0.1	20	5.5000	4.9000	112.24	
16:21:31	0	0.1	21	5.6000	5.5000	101.82	
16:21:32	0	0.1	22	5.3000	4.6000	115.22	
16:21:33	0	0.1	23	4.8000	2.3000	208.70	
16:21:34	0	0.1	24	3.9000	0.4000	975.00	
16:21:35	0	0.1	25	2.6000	0.1000	2600.00	
16:21:36	0	0.1	25	1.9000	0.7000	271.43	
16:21:37	0	0.1	26	2.2000	1.9000	115.79	
16:21:38	0	0.1	26	2.1000	2.7000	77.78	
16:21:39	0	0.1	27	1.7000	2.9000	58.62	
16:21:40	0	0.1	27	2.1000	2.7000	77.78	
16:21:41	0	0.1	28	2.6000	1.3000	200.00	
16:21:42	0	0.1	29	3.1000	0.9000	344.44	
16:21:43	0	0.1	30	4.2000	1.2000	350.00	
16:21:44	0	0.1	30	3.4000	0.4000	850.00	
16:21:45	0	0.1	31	2.9000	0.8000	362.50	
16:21:46	0	0.1	32	3.6000	2.5000	144.00	
16:21:47	0	0.1	33	2.8000	2.2000	127.27	
16:21:48	0	0.1	33	1.6000	0.9000	177.78	
16:21:49	0	0.1	34	1.7000	1.0000	170.00	
16:21:50	0	0.1	34	2.3000	1.2000	191.67	
16:21:51	0	0.1	35	2.3000	1.0000	230.00	
16:21:52	0	0.1	35	1.7000	1.3000	130.77	
16:21:53	0	0.1	36	2.0000	1.8000	111.11	
16:21:54	0	0.1	37	3.1000	2.7000	114.81	
16:21:55	0	0.1	38	4.0000	2.8000	142.86	
16:21:56	0	0.1	39	4.2000	1.5000	280.00	
16:21:57	0	0.1	40	3.7000	1.8000	205.56	
16:21:58	0	0.1	40	3.0000	1.4000	214.29	
16:21:59	0	0.0	41	3.8000	1.2000	316.67	
16:22:00	0	0.1	42	3.9000	2.1000	185.71	
16:22:01	0	0.1	42	1.9000	1.1000	172.73	
16:22:02	0	0.1	43	1.6000	1.4000	114.29	
16:22:03	0	0.1	44	2.9000	2.2000	131.82	
16:22:04	0	0.1	44	2.9000	1.0000	290.00	
16:22:05	0	0.1	45	2.4000	0.1000	2400.00	
16:22:06	0	0.1	46	2.7000	0.6000	450.00	
16:22:07	0	0.1	46	2.6000	1.4000	185.71	
16:22:08	0	0.1	47	1.4000	1.2000	116.67	
16:22:09	0	0.1	47	0.3000	0.3000	100.00	
16:22:10	0	0.1	47	0.0000	0.0000	0.00	
16:22:11	0	0.1	47	0.0000	0.0000	0.00	
16:22:12	0	0.1	47	0.8000	0.1000	800.00	
16:22:13	0	0.1	48	2.1000	0.1000	2100.00	
16:22:14	0	0.1	48	1.5000	0.0000	0.00	
16:22:15	0	0.1	48	0.2000	0.1000	200.00	
16:22:16	0	0.1	48	0.0000	0.1000	0.00	
16:22:17	0	0.1	48	0.0000	0.0000	0.00	
16:22:18	0	0.1	48	0.2000	0.2000	100.00	
16:22:19	0	0.2	48	0.8000	0.6000	133.33	
16:22:20	0	0.2	48	1.1000	1.0000	110.00	
16:22:21	0	0.6	49	1.2000	1.3000	92.31	
16:22:22	0	0.6	49	1.8000	1.6000	112.50	
16:22:23	0	0.6	50	1.8000	1.6000	112.50	
16:22:24	0	1.4	50	1.2000	1.3000	92.31	
16:22:25	0	1.7	50	1.4000	1.4000	100.00	
16:22:26	0	1.8	51	1.6000	1.5000	106.67	
16:22:27	0	2.7	51	1.3000	1.2000	108.33	
16:22:28	0	3.2	51	1.4000	1.2000	116.67	
16:22:29	0	3.3	52	1.4000	1.1000	127.27	
16:22:30	0	3.9	52	1.0000	0.8000	125.00	
16:22:31	0	4.5	52	1.1000	0.8000	137.50	
16:22:32	0	4.9	52	1.2000	0.8000	150.00	
16:22:33	0	5.4	53	0.8000	0.8000	100.00	
16:22:34	0	6.1	53	1.0000	0.8000	125.00	
16:22:35	0	6.6	53	1.2000	1.0000	120.00	
16:22:36	0	7.3	53	1.1000	1.1000	100.00	
16:22:37	0	8.0	54	1.1000	0.9000	122.22	
16:22:38	0	8.6	54	1.2000	0.8000	150.00	
16:22:39	0	9.1	54	1.1000	1.0000	110.00	
16:22:40	0	9.8	55	1.1000	1.0000	110.00	
16:22:41	0	10.5	55	1.2000	1.0000	120.00	
16:22:42	0	11.0	55	1.2000	1.0000	120.00	
16:22:43	0	11.7	55	1.0000	1.0000	100.00	
16:22:44	0	12.3	56	1.2000	0.9000	133.33	
16:22:45	0	12.9	56	1.1000	1.0000	110.00	
16:22:46	0	13.5	56	0.8000	0.8000	100.00	
16:22:47	0	14.1	56	1.1000	0.8000	137.50	
16:22:48	0	14.5	57	1.0000	1.0000	100.00	
16:22:49	0	15.2	57	0.9000	0.9000	100.00	
16:22:50	0	16.0	57	1.1000	0.8000	137.50	
16:22:51	0	16.5	57	1.1000	1.0000	110.00	
16:22:52	0	17.2	58	1.0000	1.0000	100.00	
16:22:53	0	17.8	58	1.1000	0.8000	137.50	
16:22:54	0	18.2	58	1.1000	0.9000	122.22	
16:22:55	0	19.0	58	0.8000	0.8000	100.00	
16:22:56	0	19.6	59	1.1000	0.8000	137.50	
16:22:57	0	20.0	59	1.2000	0.9000	133.33	
16:22:58	0	20.9	59	0.5000	0.7000	71.43	
16:22:59	0	21.4	59	0.9000	0.6000	150.00	
16:23:00	0	22.0	60	1.1000	0.9000	122.22	
16:23:01	0	22.9	60	0.8000	0.8000	100.00	
16:23:02	0	23.3	60	1.1000	0.8000	137.50	
16:23:03	0	24.0	60	1.0000	1.0000	100.00	
16:23:04	0	24.8	60	0.7000	0.6000	116.67	
16:23:05	0	25.3	61	1.0000	0.6000	166.67	
16:23:06	0	25.9	61	0.9000	0.9000	100.00	
16:23:07	0	26.8	61	0.6000	0.5000	120.00	
16:23:08	0	27.4	61	0.9000	0.5000	180.00	
16:23:09	0	27.9	62	1.0000	1.0000	100.00	
16:23:10	0	28.6	62	0.8000	0.9000	88.89	
16:23:11	0	29.3	62	1.0000	0.7000	142.86	
16:23:12	0	29.7	62	1.1000	0.9000	122.22	
16:23:13	0	30.4	62	0.8000	1.0000	80.00	
16:23:14	0	31.0	63	0.8000	0.8000	100.00	
16:23:15	0	31.6	63	1.1000	1.0000	110.00	
16:23:16	0	32.2	63	1.0000	1.0000	100.00	
16:23:17	0	32.9	63	0.9000	0.8000	112.50	
16:23:18	0	33.5	64	0.9000	0.8000	112.50	
16:23:19	0	34.1	64	0.9000	0.8000	112.50	
16:23:20	0	34.8	64	0.9000	0.8000	112.50	
16:23:21	0	35.4	64	0.9000	0.8000	112.50	
16:23:22	0	36.0	64	0.8000	0.8000	100.00	
16:23:23	0	36.5	65	0.9000	0.8000	112.50	
16:23:24	0	37.1	65	0.9000	0.9000	100.00	
16:23:25	0	37.9	65	0.8000	0.8000	100.00	
16:23:26	0	38.3	65	1.1000	0.8000	137.50	
16:23:27	0	38.9	66	0.9000	0.9000	100.00	
16:23:28	0	39.8	66	0.7000	0.5000	140.00	
16:23:29	0	40.1	66	1.0000	0.5000	200.00	
16:23:30	0	40.9	66	0.8000	0.9000	88.89	
16:23:31	0	41.6	66	0.6000	0.5000	120.00	
16:23:32	0	42.1	67	1.0000	0.5000	200.00	
16:23:33	0	42.8	67	0.8000	0.8000	100.00	
16:23:34	0	43.5	67	0.8000	0.5000	160.00	
16:23:35	0	43.9	67	1.0000	0.6000	166.67	
16:23:36	0	44.7	67	0.5000	0.6000	83.33	
16:23:37	0	45.4	68	0.8000	0.5000	160.00	
16:23:38	0	45.8	68	1.0000	0.8000	125.00	
16:23:39	0	46.7	68	0.5000	0.7000	71.43	
16:23:40	0	47.4	68	0.7000	0.4000	175.00	
16:23:41	0	47.9	68	0.9000	0.6000	150.00	
16:23:42	0	48.6	68	0.4000	0.7000	57.14	
16:23:43	0	49.2	69	0.7000	0.5000	140.00	
16:23:44	0	49.9	69	0.8000	0.6000	133.33	
16:23:45	0	50.3	69	0.6000	0.8000	75.00	
16:23:46	0	51.1	69	0.6000	0.7000	85.71	
16:23:47	0	51.9	69	0.5000	0.4000	125.00	
16:23:48	0	52.3	69	0.8000	0.6000	133.33	
16:23:49	0	52.9	70	0.5000	0.8000	62.50	
16:23:50	0	53.9	70	0.4000	0.4000	100.00	
16:23:51	0	54.3	70	0.8000	0.5000	160.00	
16:23:52	0	54.9	70	0.6000	0.8000	75.00	
16:23:53	0	56.0	70	0.5000	0.5000	100.00	
16:23:54	0	56.4	70	0.9000	0.5000	180.00	
16:23:55	0	57.1	71	0.8000	0.8000	100.00	
16:23:56	0	57.9	71	0.5000	0.4000	125.00	
16:23:57	0	58.6	71	0.7000	0.3000	233.33	
16:23:58	0	59.0	71	0.9000	0.7000	128.57	
16:23:59	0	59.8	71	0.7000	0.8000	87.50	
16:24:00	0	60.6	72	0.8000	0.5000	160.00	
16:24:01	0	61.2	72	1.0000	0.6000	166.67	
16:24:02	0	61.9	72	0.8000	0.8000	100.00	
16:24:03	0	62.6	72	0.8000	0.6000	133.33	
16:24:04	0	63.3	72	0.8000	0.5000	160.00	
16:24:05	0	64.0	72	0.7000	0.5000	140.00	
16:24:06	0	64.6	73	0.7000	0.4000	175.00	
16:24:07	0	65.2	73	0.6000	0.6000	100.00	
16:24:08	0	65.9	73	0.7000	0.5000	140.00	
16:24:09	0	66.6	73	0.8000	0.5000	160.00	
16:24:10	0	67.1	73	0.7000	0.6000	116.67	
16:24:11	0	67.9	73	0.5000	0.5000	100.00	
16:24:12	0	68.7	74	0.5000	0.3000	166.67	
16:24:13	0	69.0	74	0.8000	0.5000	160.00	
16:24:14	0	69.8	74	0.4000	0.6000	66.67	
16:24:15	0	70.6	74	0.4000	0.3000	133.33	
16:24:16	0	71.0	74	0.8000	0.5000	160.00	
16:24:17	0	71.6	74	0.6000	0.7000	85.71	
16:24:18	0	72.3	75	0.7000	0.3000	233.33	
16:24:19	0	72.9	75	0.7000	0.4000	175.00	
16:24:20	0	73.9	75	0.4000	0.3000	133.33	
16:24:21	0	74.4	75	0.5000	0.3000	166.67	
16:24:22	0	75.5	75	0.5000	0.5000	100.00	
16:24:23	0	76.1	75	0.5000	0.5000	100.00	
16:24:24	0	76.9	75	0.6000	0.5000	120.00	
16:24:25	0	77.8	75	0.5000	0.5000	100.00	
16:24:26	0	78.4	76	0.6000	0.6000	100.00	
16:24:27	0	79.2	76	0.6000	0.5000	120.00	
16:24:28	0	79.8	76	0.8000	0.5000	160.00	
16:24:29	0	80.6	76	0.6000	0.6000	100.00	
16:24:30	0	81.3	76	0.5000	0.4000	125.00	
16:24:31	0	81.9	76	0.5000	0.3000	166.67	
16:24:32	0	82.9	76	0.3000	0.2000	150.00	
16:24:33	0	83.5	77	0.4000	0.3000	133.33	
16:24:34	0	84.4	77	0.3000	0.3000	100.00	
16:24:35	0	85.2	77	0.4000	0.1000	400.00	
16:24:36	0	85.8	77	0.8000	0.5000	160.00	
16:24:37	0	86.7	77	0.5000	0.5000	100.00	
16:24:38	0	87.5	77	0.2000	0.3000	66.67	
16:24:39	0	87.9	77	0.5000	0.6000	83.33	
16:24:40	0	88.9	77	0.5000	0.6000	83.33	
16:24:41	0	89.5	78	0.5000	0.5000	100.00	
16:24:42	0	89.8	78	0.8000	0.8000	100.00	
16:24:43	0	90.6	78	0.4000	0.6000	66.67	
16:24:44	0	91.6	78	0.6000	0.3000	200.00	
16:24:45	0	91.8	78	1.0000	0.5000	200.00	
16:24:46	0	92.6	78	0.6000	0.7000	85.71	
16:24:47	0	93.6	78	0.5000	0.5000	100.00	
16:24:48	0	94.0	79	0.9000	0.6000	150.00	
16:24:49	0	94.9	79	0.6000	0.6000	100.00	
16:24:50	0	95.8	79	0.5000	0.3000	166.67	
16:24:51	0	96.2	79	1.0000	0.5000	200.00	
16:24:52	0	96.9	79	0.8000	0.8000	100.00	
16:24:53	0	98.0	79	0.5000	0.5000	100.00	
16:24:54	0	98.3	80	0.9000	0.4000	225.00	
16:24:55	0	99.1	80	0.9000	0.8000	112.50	
16:24:56	0	99.9	80	0.6000	0.6000	100.00	
16:24:57	0	100.3	80	0.9000	0.5000	180.00	
16:24:58	0	100.9	81	0.9000	0.8000	112.50	
16:24:59	0	101.4	81	0.7000	0.8000	87.50	
16:25:00	0	102.4	81	0.7000	0.5000	140.00	
16:25:01	0	102.9	81	0.9000	0.5000	180.00	
16:25:02	0	103.7	81	0.7000	0.6000	116.67	
16:25:03	0	104.5	81	0.6000	0.4000	150.00	
16:25:04	0	105.1	82	0.9000	0.6000	150.00	
16:25:05	0	105.8	82	0.6000	0.6000	100.00	
16:25:06	0	106.6	82	0.8000	0.3000	266.67	
16:25:07	0	107.2	82	0.9000	0.7000	128.57	
16:25:08	0	107.9	82	0.8000	0.8000	100.00	
16:25:09	0	108.5	83	0.8000	0.7000	114.29	
16:25:10	0	109.3	83	0.7000	0.6000	116.67	
16:25:11	0	109.7	83	0.8000	0.5000	160.00	
16:25:12	0	110.4	83	0.7000	0.8000	87.50	
16:25:13	0	111.1	83	0.6000	0.5000	120.00	
16:25:14	0	111.5	84	0.9000	0.5000	180.00	
16:25:15	0	112.3	84	0.6000	0.7000	85.71	
16:25:16	0	113.1	84	0.8000	0.4000	200.00	
16:25:17	0	113.7	84	1.0000	0.5000	200.00	
16:25:18	0	114.5	84	0.5000	0.5000	100.00	
16:25:19	0	115.1	84	0.8000	0.5000	160.00	
16:25:20	0	115.9	85	0.7000	0.8000	87.50	
16:25:21	0	116.5	85	0.6000	0.6000	100.00	
16:25:22	0	117.1	85	0.8000	0.7000	114.29	
16:25:23	0	117.8	85	0.6000	0.8000	75.00	
16:25:24	0	118.3	85	0.8000	0.8000	100.00	
16:25:25	0	119.1	86	0.8000	0.6000	133.33	
16:25:26	0	119.7	86	0.9000	0.5000	180.00	
16:25:27	0	120.0	86	0.8000	0.8000	100.00	
16:25:28	0	120.7	86	0.7000	0.8000	87.50	
16:25:29	0	121.4	86	0.8000	0.7000	114.29	
16:25:30	0	121.9	87	0.9000	0.8000	112.50	
16:25:31	0	122.5	87	0.8000	0.8000	100.00	
16:25:32	0	123.3	87	0.5000	0.5000	100.00	
16:25:33	0	123.8	87	0.8000	0.5000	160.00	
16:25:34	0	124.2	87	0.9000	0.8000	112.50	
16:25:35	0	125.1	87	0.5000	0.7000	71.43	
16:25:36	0	125.5	88	0.8000	0.5000	160.00	
16:25:37	0	125.8	88	1.0000	0.8000	125.00	
16:25:38	0	126.7	88	0.5000	0.8000	62.50	
16:25:39	0	127.0	88	0.9000	0.6000	150.00	
16:25:40	0	127.5	88	1.0000	0.8000	125.00	
16:25:41	0	128.5	89	0.5000	0.5000	100.00	
16:25:42	0	128.8	89	1.0000	0.5000	200.00	
16:25:43	0	129.5	89	0.9000	0.7000	128.57	
16:25:44	0	130.4	89	0.5000	0.5000	100.00	
16:25:45	0	130.8	89	0.9000	0.6000	150.00	
16:25:46	0	131.6	90	0.7000	0.6000	116.67	
16:25:47	0	132.2	90	0.8000	0.4000	200.00	
16:25:48	0	132.8	90	0.8000	0.7000	114.29	
16:25:49	0	133.4	90	0.5000	0.8000	62.50	
16:25:50	0	133.8	90	0.8000	0.8000	100.00	
16:25:51	0	134.4	90	0.8000	0.8000	100.00	
16:25:52	0	134.9	91	0.8000	0.8000	100.00	
16:25:53	0	135.4	91	1.0000	0.8000	125.00	
16:25:54	0	135.9	91	1.0000	0.9000	111.11	
16:25:55	0	136.5	91	0.9000	0.9000	100.00	
16:25:56	0	136.9	92	1.0000	0.8000	125.00	
16:25:57	0	137.6	92	0.7000	0.7000	100.00	
16:25:58	0	138.1	92	0.7000	0.6000	116.67	
16:25:59	0	138.7	92	0.8000	0.7000	114.29	
16:26:00	0	139.3	92	0.7000	0.5000	140.00	
16:26:01	0	139.8	93	0.9000	0.7000	128.57	
16:26:02	0	140.4	93	0.5000	0.7000	71.43	
16:26:03	0	140.9	93	0.7000	0.6000	116.67	
16:26:04	0	141.1	93	1.0000	0.9000	111.11	
16:26:05	0	141.7	93	0.8000	0.9000	88.89	
16:26:06	0	142.2	93	0.8000	0.7000	114.29	
16:26:07	0	142.4	94	1.0000	0.8000	125.00	
16:26:08	0	142.8	94	0.9000	0.8000	112.50	
16:26:09	0	143.5	94	0.5000	0.6000	83.33	
16:26:10	0	143.8	94	0.8000	0.7000	114.29	
16:26:11	0	144.2	94	1.0000	0.8000	125.00	
16:26:12	0	145.2	95	0.5000	0.6000	83.33	
16:26:13	0	145.3	95	0.9000	0.7000	128.57	
16:26:14	0	145.8	95	1.0000	0.9000	111.11	
16:26:15	0	146.8	95	0.5000	0.5000	100.00	
16:26:16	0	147.0	95	0.9000	0.5000	180.00	
16:26:17	0	147.5	96	0.9000	0.9000	100.00	
16:26:18	0	148.1	96	0.5000	0.7000	71.43	
16:26:19	0	148.4	96	0.8000	0.8000	100.00	
16:26:20	0	148.9	96	0.8000	0.9000	88.89	
16:26:21	0	149.3	96	0.8000	0.9000	88.89	
16:26:22	0	149.6	97	1.0000	0.9000	111.11	
16:26:23	0	150.3	97	0.7000	0.6000	116.67	
16:26:24	0	150.7	97	0.9000	0.5000	180.00	
16:26:25	0	150.9	97	1.0000	0.8000	125.00	
16:26:26	0	151.7	97	0.6000	0.8000	75.00	
16:26:27	0	152.2	98	0.8000	0.6000	133.33	
16:26:28	0	152.7	98	1.0000	0.8000	125.00	
16:26:29	0	153.3	98	0.7000	0.8000	87.50	
16:26:30	0	154.1	98	0.6000	0.4000	150.00	
16:26:31	0	154.3	98	1.0000	0.5000	200.00	
16:26:32	0	154.8	99	0.8000	0.9000	88.89	
16:26:33	0	155.4	99	0.5000	0.5000	100.00	
16:26:34	0	155.6	99	0.9000	0.6000	150.00	
16:26:35	0	156.0	99	1.0000	0.8000	125.00	
16:26:36	0	156.6	99	0.7000	0.8000	87.50	
16:26:37	0	156.7	100	0.9000	0.9000	100.00	
16:26:38	0	156.9	100	1.0000	0.9000	111.11	
16:26:39	0	157.7	100	0.7000	0.8000	87.50	
16:26:40	0	158.1	100	0.9000	0.6000	150.00	
16:26:41	0	158.0	101	1.2000	0.8000	150.00	
16:26:42	0	158.3	101	1.0000	1.0000	100.00	
16:26:43	0	157.8	101	1.2000	1.1000	109.09	
16:26:44	0	157.4	102	1.6000	1.4000	114.29	
16:26:45	0	157.0	102	1.4000	1.4000	100.00	
16:26:46	0	156.7	102	1.4000	1.4000	100.00	
16:26:47	0	156.0	103	1.4000	1.4000	100.00	
16:26:48	0	155.6	103	1.4000	1.4000	100.00	
16:26:49	0	154.9	103	1.3000	1.4000	92.86	
16:26:50	0	154.3	104	1.3000	1.5000	86.67	
16:26:51	0	153.9	104	1.2000	1.5000	80.00	
16:26:52	0	153.4	104	1.4000	1.4000	100.00	
16:26:53	0	152.7	105	1.6000	1.5000	106.67	
16:26:54	0	152.3	105	1.4000	1.5000	93.33	
16:26:55	0	152.2	105	1.2000	1.4000	85.71	
16:26:56	0	151.6	106	1.5000	1.4000	107.14	
16:26:57	0	151.2	106	1.7000	1.4000	121.43	
16:26:58	0	151.3	106	1.2000	1.2000	100.00	
16:26:59	0	150.7	107	1.3000	1.3000	100.00	
16:27:00	0	150.2	107	1.6000	1.4000	114.29	
16:27:01	0	150.2	107	1.2000	1.2000	100.00	
16:27:02	0	149.5	108	1.4000	1.4000	100.00	
16:27:03	0	149.1	108	1.6000	1.4000	114.29	
16:27:04	0	148.9	109	1.4000	1.3000	107.69	
16:27:05	0	148.3	109	1.6000	1.5000	106.67	
16:27:06	0	147.9	109	1.8000	1.5000	120.00	
16:27:07	0	148.0	110	1.3000	1.3000	100.00	
16:27:08	0	147.4	110	1.5000	1.4000	107.14	
16:27:09	0	146.9	111	1.7000	1.5000	113.33	
16:27:10	0	147.0	111	1.3000	1.3000	100.00	
16:27:11	1	146.7	0	1.4000	1.3000	107.69	
16:27:12	1	146.1	0	1.7000	1.4000	121.43	
16:27:13	1	146.0	1	1.4000	1.4000	100.00	
16:27:14	1	145.8	1	1.2000	1.2000	100.00	
16:27:15	1	145.3	1	1.5000	1.3000	115.38	
16:27:16	1	144.6	2	1.4000	1.3000	107.69	
16:27:17	1	144.5	2	0.8000	1.2000	66.67	
16:27:18	1	143.9	2	1.2000	1.4000	85.71	
16:27:19	1	143.4	3	1.6000	1.5000	106.67	
16:27:20	1	143.0	3	1.4000	1.4000	100.00	
16:27:21	1	142.5	3	1.4000	1.4000	100.00	
16:27:22	1	142.1	4	1.5000	1.4000	107.14	
16:27:23	1	141.6	4	1.4000	1.4000	100.00	
16:27:24	1	141.4	4	1.3000	1.4000	92.86	
16:27:25	1	141.0	5	1.4000	1.3000	107.69	
16:27:26	1	140.6	5	1.5000	1.4000	107.14	
16:27:27	1	140.2	5	1.4000	1.4000	100.00	
16:27:28	1	140.0	6	1.3000	1.3000	100.00	
16:27:29	1	139.6	6	1.5000	1.3000	115.38	
16:27:30	1	139.1	7	1.6000	1.4000	114.29	
16:27:31	1	138.9	7	1.3000	1.3000	100.00	
16:27:32	1	138.5	7	1.4000	1.3000	107.69	
16:27:33	1	138.0	8	1.8000	1.5000	120.00	
16:27:34	1	137.5	8	1.4000	1.5000	93.33	
16:27:35	1	137.4	8	1.0000	1.4000	71.43	
16:27:36	1	136.5	9	1.5000	1.4000	107.14	
16:27:37	1	136.3	9	1.4000	1.4000	100.00	
16:27:38	1	135.9	9	1.2000	1.2000	100.00	
16:27:39	1	135.5	10	1.6000	1.4000	114.29	
16:27:40	1	134.9	10	1.5000	1.4000	107.14	
16:27:41	1	134.8	10	1.1000	1.3000	84.62	
16:27:42	1	134.5	11	1.3000	1.2000	108.33	
16:27:43	1	134.0	11	1.7000	1.4000	121.43	
16:27:44	1	134.0	11	1.4000	1.3000	107.69	
16:27:45	1	133.6	12	1.4000	1.4000	100.00	
16:27:46	1	133.1	12	1.6000	1.4000	114.29	
16:27:47	1	133.0	12	1.4000	1.3000	107.69	
16:27:48	1	132.5	13	1.6000	1.4000	114.29	
16:27:49	1	131.9	13	1.5000	1.5000	100.00	
16:27:50	1	131.7	13	1.1000	1.4000	78.57	
16:27:51	1	131.2	14	1.5000	1.4000	107.14	
16:27:52	1	130.6	14	1.6000	1.5000	106.67	
16:27:53	1	130.4	14	1.0000	1.2000	83.33	
16:27:54	1	129.9	15	1.2000	1.3000	92.31	
16:27:55	1	129.5	15	1.6000	1.4000	114.29	
16:27:56	1	129.4	15	1.3000	1.1000	118.18	
16:27:57	1	128.9	16	1.4000	1.2000	116.67	
16:27:58	1	128.6	16	1.6000	1.4000	114.29	
16:27:59	1	128.5	17	1.2000	1.2000	100.00	
16:28:00	1	128.0	17	1.6000	1.3000	123.08	
16:28:01	1	127.6	17	1.7000	1.4000	121.43	
16:28:02	1	127.5	18	1.3000	1.3000	100.00	
16:28:03	1	127.0	18	1.5000	1.4000	107.14	
16:28:04	1	126.4	19	1.8000	1.5000	120.00	
16:28:05	1	126.1	19	1.4000	1.4000	100.00	
16:28:06	1	125.8	19	1.2000	1.3000	92.31	
16:28:07	1	125.2	20	1.6000	1.4000	114.29	
16:28:08	1	124.8	20	1.4000	1.5000	93.33	
16:28:09	1	124.9	20	0.9000	1.2000	75.00	
16:28:10	1	124.3	21	1.2000	1.4000	85.71	
16:28:11	1	123.9	21	1.6000	1.5000	106.67	
16:28:12	1	123.9	21	1.2000	1.3000	92.31	
16:28:13	1	123.5	22	1.3000	1.3000	100.00	
16:28:14	1	122.9	22	1.6000	1.4000	114.29	
16:28:15	1	122.9	22	1.2000	1.2000	100.00	
16:28:16	1	122.4	23	1.4000	1.3000	107.69	
16:28:17	1	121.8	23	1.6000	1.4000	114.29	
16:28:18	1	121.6	23	1.4000	1.3000	107.69	
16:28:19	2	121.2	0	1.4000	1.4000	100.00	
16:28:20	2	120.7	0	1.6000	1.4000	114.29	
16:28:21	2	120.6	1	1.4000	1.4000	100.00	
16:28:22	2	120.3	1	1.4000	1.3000	107.69	
16:28:23	2	119.8	1	1.6000	1.4000	114.29	
16:28:24	2	119.5	2	1.4000	1.4000	100.00	
16:28:25	2	119.2	2	1.2000	1.3000	92.31	
16:28:26	2	118.6	2	1.4000	1.4000	100.00	
16:28:27	2	118.5	3	1.2000	1.4000	85.71	
16:28:28	2	118.1	3	1.2000	1.3000	92.31	
16:28:29	2	117.6	3	1.5000	1.4000	107.14	
16:28:30	2	117.3	4	1.4000	1.3000	107.69	
16:28:31	2	116.9	4	1.4000	1.2000	116.67	
16:28:32	2	116.5	4	1.3000	1.2000	108.33	
16:28:33	2	116.2	5	1.3000	1.2000	108.33	
16:28:34	2	115.6	5	1.5000	1.4000	107.14	
16:28:35	2	115.2	5	1.4000	1.4000	100.00	
16:28:36	2	114.8	6	1.4000	1.3000	107.69	
16:28:37	2	114.3	6	1.5000	1.4000	107.14	
16:28:38	2	114.1	7	1.3000	1.3000	100.00	
16:28:39	2	113.5	7	1.6000	1.4000	114.29	
16:28:40	2	113.3	7	1.5000	1.4000	107.14	
16:28:41	2	112.7	8	1.3000	1.4000	92.86	
16:28:42	2	112.5	8	1.4000	1.4000	100.00	
16:28:43	2	112.2	8	1.4000	1.3000	107.69	
16:28:44	2	111.8	9	1.6000	1.4000	114.29	
16:28:45	2	111.3	9	1.5000	1.4000	107.14	
16:28:46	2	111.3	9	1.0000	1.2000	83.33	
16:28:47	2	110.6	10	1.3000	1.3000	100.00	
16:28:48	2	110.1	10	1.4000	1.4000	100.00	
16:28:49	2	110.1	10	0.8000	1.2000	66.67	
16:28:50	2	109.3	11	1.0000	1.1000	90.91	
16:28:51	2	108.9	11	1.1000	1.2000	91.67	
16:28:52	2	108.9	11	0.8000	1.2000	66.67	
16:28:53	2	108.6	11	1.3000	1.3000	100.00	
16:28:54	2	108.0	12	1.6000	1.4000	114.29	
16:28:55	2	108.0	12	1.1000	1.2000	91.67	
16:28:56	2	107.8	12	1.1000	1.2000	91.67	
16:28:57	2	107.1	13	1.5000	1.4000	107.14	
16:28:58	2	107.0	13	1.0000	1.2000	83.33	
16:28:59	2	106.7	13	0.8000	1.1000	72.73	
16:29:00	2	105.8	13	1.4000	1.3000	107.69	
16:29:01	2	105.5	14	1.2000	1.3000	92.31	
16:29:02	2	105.3	14	0.9000	1.1000	81.82	
16:29:03	2	104.8	14	1.3000	1.2000	108.33	
16:29:04	2	104.2	15	1.4000	1.4000	100.00	
16:29:05	2	104.2	15	0.9000	1.1000	81.82	
16:29:06	2	103.6	15	1.1000	1.2000	91.67	
16:29:07	2	103.1	15	1.4000	1.4000	100.00	
16:29:08	2	103.0	16	1.0000	1.1000	90.91	
16:29:09	2	102.5	16	1.2000	1.2000	100.00	
16:29:10	2	101.9	16	1.6000	1.3000	123.08	
16:29:11	2	101.6	17	1.0000	1.2000	83.33	
16:29:12	2	101.5	17	0.8000	1.1000	72.73	
16:29:13	2	100.8	17	1.3000	1.2000	108.33	
16:29:14	2	100.6	17	1.2000	1.2000	100.00	
16:29:15	2	100.5	18	0.9000	1.0000	90.00	
16:29:16	2	100.1	18	1.3000	1.2000	108.33	
16:29:17	2	99.5	18	1.6000	1.2000	133.33	
16:29:18	2	99.3	19	1.2000	1.2000	100.00	
16:29:19	2	99.0	19	1.2000	1.2000	100.00	
16:29:20	2	98.3	19	1.5000	1.3000	115.38	
16:29:21	2	97.9	19	1.0000	1.2000	83.33	
16:29:22	2	97.6	20	0.8000	1.2000	66.67	
16:29:23	2	96.9	20	1.4000	1.3000	107.69	
16:29:24	2	96.5	20	1.4000	1.2000	116.67	
16:29:25	3	96.3	0	1.2000	1.1000	109.09	
16:29:26	3	95.8	0	1.4000	1.2000	116.67	
16:29:27	3	95.6	0	1.3000	1.2000	108.33	
16:29:28	3	95.2	1	1.2000	1.2000	100.00	
16:29:29	3	94.9	1	1.5000	1.2000	125.00	
16:29:30	3	94.4	2	1.4000	1.2000	116.67	
16:29:31	3	94.0	2	1.2000	1.2000	100.00	
16:29:32	3	93.5	2	1.2000	1.3000	92.31	
16:29:33	3	92.9	2	1.4000	1.4000	100.00	
16:29:34	3	92.6	3	1.1000	1.2000	91.67	
16:29:35	3	91.9	3	1.2000	1.2000	100.00	
16:29:36	3	91.6	3	1.2000	1.2000	100.00	
16:29:37	3	91.3	4	1.0000	1.1000	90.91	
16:29:38	3	90.7	4	1.2000	1.2000	100.00	
16:29:39	3	90.5	4	1.2000	1.1000	109.09	
16:29:40	3	90.1	4	1.1000	1.1000	100.00	
16:29:41	3	89.6	5	1.4000	1.2000	116.67	
16:29:42	3	89.2	5	1.4000	1.2000	116.67	
16:29:43	3	88.8	6	1.3000	1.2000	108.33	
16:29:44	3	88.4	6	1.2000	1.2000	100.00	
16:29:45	3	88.1	6	1.0000	1.2000	83.33	
16:29:46	3	87.4	6	1.2000	1.3000	92.31	
16:29:47	3	87.0	7	1.2000	1.4000	85.71	
16:29:48	3	86.7	7	0.9000	1.2000	75.00	
16:29:49	3	86.1	7	1.2000	1.2000	100.00	
16:29:50	3	85.5	7	1.3000	1.4000	92.86	
16:29:51	3	85.4	8	0.8000	1.2000	66.67	
16:29:52	3	84.8	8	1.1000	1.2000	91.67	
16:29:53	3	84.4	8	1.2000	1.3000	92.31	
16:29:54	3	84.1	9	1.2000	1.2000	100.00	
16:29:55	3	83.6	9	1.4000	1.2000	116.67	
16:29:56	3	83.4	9	1.2000	1.2000	100.00	
16:29:57	3	82.7	10	1.2000	1.2000	100.00	
16:29:58	3	82.4	10	1.2000	1.2000	100.00	
16:29:59	3	81.9	10	1.2000	1.2000	100.00	
16:30:00	3	81.4	10	1.3000	1.3000	100.00	
16:30:01	3	81.2	11	1.0000	1.2000	83.33	
16:30:02	3	80.6	11	1.0000	1.1000	90.91	
16:30:03	3	80.1	11	1.4000	1.2000	116.67	
16:30:04	3	79.6	12	1.2000	1.2000	100.00	
16:30:05	3	79.0	12	1.0000	1.2000	83.33	
16:30:06	3	78.5	12	1.1000	1.3000	84.62	
16:30:07	3	78.1	12	1.0000	1.2000	83.33	
16:30:08	3	77.5	13	1.1000	1.2000	91.67	
16:30:09	3	77.1	13	1.2000	1.2000	100.00	
16:30:10	3	76.5	13	1.1000	1.2000	91.67	
16:30:11	3	76.2	13	1.0000	1.2000	83.33	
16:30:12	3	75.7	14	1.2000	1.2000	100.00	
16:30:13	3	75.0	14	1.4000	1.2000	116.67	
16:30:14	3	74.9	14	1.0000	1.1000	90.91	
16:30:15	3	74.3	15	1.1000	1.2000	91.67	
16:30:16	3	73.7	15	1.4000	1.4000	100.00	
16:30:17	3	73.5	15	1.2000	1.2000	100.00	
16:30:18	3	72.9	16	1.2000	1.2000	100.00	
16:30:19	3	72.3	16	1.3000	1.4000	92.86	
16:30:20	3	71.9	16	1.1000	1.4000	78.57	
16:30:21	3	71.5	16	1.2000	1.3000	92.31	
16:30:22	4	70.8	0	1.4000	1.4000	100.00	
16:30:23	4	70.5	0	1.2000	1.4000	85.71	
16:30:24	4	70.0	0	1.0000	1.3000	76.92	
16:30:25	4	69.5	1	1.4000	1.4000	100.00	
16:30:26	4	69.0	1	1.4000	1.4000	100.00	
16:30:27	4	68.7	1	1.2000	1.3000	92.31	
16:30:28	4	68.2	2	1.3000	1.3000	100.00	
16:30:29	4	67.6	2	1.4000	1.4000	100.00	
16:30:30	4	67.4	2	1.2000	1.2000	100.00	
16:30:31	4	66.8	3	1.2000	1.2000	100.00	
16:30:32	4	66.2	3	1.6000	1.4000	114.29	
16:30:33	4	65.8	3	1.3000	1.3000	100.00	
16:30:34	4	65.2	4	1.3000	1.4000	92.86	
16:30:35	4	64.6	4	1.5000	1.5000	100.00	
16:30:36	4	64.1	4	1.4000	1.5000	93.33	
16:30:37	4	63.9	5	1.2000	1.4000	85.71	
16:30:38	4	63.4	5	1.4000	1.4000	100.00	
16:30:39	4	62.9	6	1.6000	1.5000	106.67	
16:30:40	4	62.7	6	1.0000	1.3000	76.92	
16:30:41	4	62.1	6	1.2000	1.3000	92.31	
16:30:42	4	61.6	6	1.5000	1.4000	107.14	
16:30:43	4	61.2	7	1.3000	1.3000	100.00	
16:30:44	4	60.5	7	1.5000	1.4000	107.14	
16:30:45	4	60.3	7	1.3000	1.4000	92.86	
16:30:46	4	59.7	8	1.3000	1.3000	100.00	
16:30:47	4	59.2	8	1.6000	1.4000	114.29	
16:30:48	4	58.6	8	1.3000	1.4000	92.86	
16:30:49	4	58.4	9	1.0000	1.2000	83.33	
16:30:50	4	57.7	9	1.4000	1.3000	107.69	
16:30:51	4	57.3	10	1.6000	1.3000	123.08	
16:30:52	4	57.0	10	1.3000	1.2000	108.33	
16:30:53	4	56.5	10	1.4000	1.2000	116.67	
16:30:54	4	56.0	11	1.4000	1.3000	107.69	
16:30:55	4	55.6	11	1.4000	1.4000	100.00	
16:30:56	4	55.2	11	1.2000	1.3000	92.31	
16:30:57	4	54.8	11	1.2000	1.3000	92.31	
16:30:58	4	54.1	12	1.4000	1.4000	100.00	
16:30:59	4	53.8	12	1.4000	1.3000	107.69	
16:31:00	4	53.3	12	1.2000	1.2000	100.00	
16:31:01	4	52.6	13	1.4000	1.3000	107.69	
16:31:02	4	52.2	13	1.2000	1.3000	92.31	
16:31:03	4	51.5	13	1.2000	1.4000	85.71	
16:31:04	4	51.1	14	1.3000	1.4000	92.86	
16:31:05	4	50.7	14	1.2000	1.4000	85.71	
16:31:06	4	50.1	14	1.4000	1.4000	100.00	
16:31:07	4	49.5	15	1.4000	1.4000	100.00	
16:31:08	4	49.1	15	1.3000	1.4000	92.86	
16:31:09	4	48.5	15	1.3000	1.4000	92.86	
16:31:10	4	48.2	16	1.3000	1.4000	92.86	
16:31:11	4	47.6	16	1.3000	1.4000	92.86	
16:31:12	4	47.1	16	1.4000	1.4000	100.00	
16:31:13	4	46.7	17	1.4000	1.4000	100.00	
16:31:14	4	46.0	17	1.3000	1.5000	86.67	
16:31:15	4	45.7	17	1.2000	1.4000	85.71	
16:31:16	4	45.2	18	1.5000	1.4000	107.14	
16:31:17	4	44.8	18	1.6000	1.5000	106.67	
16:31:18	4	44.5	19	1.4000	1.4000	100.00	
16:31:19	4	43.8	19	1.6000	1.6000	100.00	
16:31:20	4	43.3	19	1.7000	1.6000	106.25	
16:31:21	4	42.9	20	1.4000	1.5000	93.33	
16:31:22	4	42.4	20	1.5000	1.5000	100.00	
16:31:23	4	41.9	21	1.8000	1.6000	112.50	
16:31:24	4	41.6	21	1.6000	1.6000	100.00	
16:31:25	4	41.4	21	1.4000	1.5000	93.33	
16:31:26	4	40.8	22	1.7000	1.6000	106.25	
16:31:27	4	40.2	22	1.7000	1.7000	100.00	
16:31:28	4	40.0	22	1.3000	1.6000	81.25	
16:31:29	4	39.5	23	1.5000	1.5000	100.00	
16:31:30	5	39.0	0	1.8000	1.6000	112.50	
16:31:31	5	38.6	0	1.6000	1.6000	100.00	
16:31:32	5	38.3	1	1.4000	1.6000	87.50	
16:31:33	5	37.6	1	1.6000	1.6000	100.00	
16:31:34	5	37.0	1	1.6000	1.6000	100.00	
16:31:35	5	36.6	2	1.4000	1.6000	87.50	
16:31:36	5	36.2	2	1.4000	1.6000	87.50	
16:31:37	5	35.6	3	1.7000	1.6000	106.25	
16:31:38	5	35.2	3	1.6000	1.6000	100.00	
16:31:39	5	34.9	3	1.4000	1.5000	93.33	
16:31:40	5	34.3	4	1.6000	1.5000	106.67	
16:31:41	5	33.9	4	1.6000	1.6000	100.00	
16:31:42	5	33.7	4	1.4000	1.4000	100.00	
16:31:43	5	33.1	5	1.7000	1.5000	113.33	
16:31:44	5	32.8	5	1.8000	1.6000	112.50	
16:31:45	5	32.7	6	1.4000	1.4000	100.00	
16:31:46	5	32.2	6	1.6000	1.4000	114.29	
16:31:47	5	31.8	7	1.8000	1.5000	120.00	
16:31:48	5	31.4	7	1.9000	1.6000	118.75	
16:31:49	5	31.0	7	1.8000	1.6000	112.50	
16:31:50	5	30.5	8	1.8000	1.6000	112.50	
16:31:51	5	30.1	8	1.8000	1.7000	105.88	
16:31:52	5	29.8	9	1.5000	1.6000	93.75	
16:31:53	5	29.2	9	1.7000	1.6000	106.25	
16:31:54	5	29.0	10	1.8000	1.7000	105.88	
16:31:55	5	28.5	10	1.7000	1.6000	106.25	
16:31:56	5	28.1	11	1.8000	1.7000	105.88	
16:31:57	5	27.6	11	1.8000	1.7000	105.88	
16:31:58	5	27.2	11	1.8000	1.8000	100.00	
16:31:59	5	27.0	12	1.6000	1.6000	100.00	
16:32:00	5	26.4	12	1.8000	1.6000	112.50	
16:32:01	5	26.0	13	1.7000	1.7000	100.00	
16:32:02	5	25.6	13	1.4000	1.6000	87.50	
16:32:03	5	24.9	14	1.6000	1.6000	100.00	
16:32:04	5	24.4	14	1.6000	1.7000	94.12	
16:32:05	5	23.9	14	1.6000	1.6000	100.00	
16:32:06	5	23.3	15	1.7000	1.7000	100.00	
16:32:07	5	22.9	15	1.5000	1.7000	88.24	
16:32:08	5	22.2	16	1.6000	1.7000	94.12	
16:32:09	5	21.6	16	1.8000	1.8000	100.00	
16:32:10	5	21.3	16	1.5000	1.7000	88.24	
16:32:11	5	20.6	17	1.8000	1.7000	105.88	
16:32:12	5	20.3	17	1.8000	1.8000	100.00	
16:32:13	5	19.9	18	1.8000	1.8000	100.00	
16:32:14	5	19.5	18	2.0000	1.8000	111.11	
16:32:15	5	19.0	19	1.8000	1.8000	100.00	
16:32:16	5	18.7	19	1.8000	1.8000	100.00	
16:32:17	5	18.3	19	1.7000	1.7000	100.00	
16:32:18	5	17.7	20	1.7000	1.8000	94.44	
16:32:19	5	17.1	20	1.7000	1.9000	89.47	
16:32:20	5	16.5	21	1.6000	1.8000	88.89	
16:32:21	5	16.0	21	1.6000	1.8000	88.89	
16:32:22	5	15.5	22	1.6000	1.8000	88.89	
16:32:23	5	15.0	22	1.6000	1.9000	84.21	
16:32:24	5	14.4	22	1.6000	1.9000	84.21	
16:32:25	5	13.9	23	1.6000	1.8000	88.89	
16:32:26	5	13.5	23	1.6000	1.9000	84.21	
16:32:27	5	13.1	24	1.8000	1.9000	94.74	
16:32:28	5	12.8	24	1.8000	1.8000	100.00	
16:32:29	5	12.3	25	1.9000	1.8000	105.56	
16:32:30	5	11.8	25	2.1000	1.9000	110.53	
16:32:31	5	11.5	25	1.7000	1.8000	94.44	
16:32:32	5	11.0	26	1.9000	1.9000	100.00	
16:32:33	5	10.6	26	2.0000	1.8000	111.11	
16:32:34	5	10.3	27	1.7000	1.7000	100.00	
16:32:35	5	9.7	27	2.0000	1.8000	111.11	
16:32:36	5	9.3	28	1.8000	1.8000	100.00	
16:32:37	5	8.9	28	1.6000	1.8000	88.89	
16:32:38	5	8.3	29	1.9000	1.8000	105.56	
16:32:39	5	7.9	29	1.8000	1.9000	94.74	
16:32:40	5	7.3	30	1.7000	1.8000	94.44	
16:32:41	5	6.8	30	1.8000	1.8000	100.00	
16:32:42	5	6.3	31	1.8000	1.8000	100.00	
16:32:43	5	5.9	31	1.8000	1.9000	94.74	
16:32:44	5	5.4	31	1.6000	1.8000	88.89	
16:32:45	5	4.9	32	1.7000	1.8000	94.44	
16:32:46	5	4.3	32	1.8000	1.9000	94.74	
16:32:47	5	3.9	33	1.7000	1.9000	89.47	
16:32:48	5	3.5	33	1.6000	1.9000	84.21	
16:32:49	5	3.1	33	1.4000	1.9000	73.68	
16:32:50	5	2.6	34	1.6000	1.8000	88.89	
16:32:51	5	2.0	34	2.1000	1.9000	110.53	
16:32:52	5	1.6	35	2.0000	2.1000	95.24	
16:32:53	5	1.2	35	1.6000	1.8000	88.89	
16:32:54	5	1.0	36	1.6000	1.6000	100.00	
16:32:55	5	0.6	36	1.6000	1.7000	94.12	
16:32:56	5	0.6	36	1.4000	1.6000	87.50	
16:32:57	5	0.2	37	1.7000	1.6000	106.25	
16:32:58	5	0.2	37	1.8000	1.6000	112.50	
16:32:59	5	0.1	38	1.6000	1.4000	114.29	
16:33:00	5	0.1	38	1.6000	1.4000	114.29	
16:33:01	5	0.1	39	1.8000	1.5000	120.00	
16:33:02	5	0.1	39	1.6000	1.6000	100.00	
16:33:03	5	0.1	39	1.6000	1.5000	106.67	
16:33:04	5	0.1	40	1.4000	1.3000	107.69	
16:33:05	5	0.1	40	1.3000	1.3000	100.00	
16:33:06	5	0.1	40	1.1000	0.8000	137.50	
16:33:07	5	0.1	40	0.3000	0.0000	0.00	
16:33:08	5	0.1	40	0.1000	0.0000	0.00	
16:33:09	5	0.1	40	0.1000	0.0000	0.00	
16:33:10	5	0.1	40	0.0000	0.0000	0.00	
16:33:11	5	0.1	40	0.0000	0.0000	0.00	
16:33:12	5	0.1	40	0.0000	0.0000	0.00	
16:33:13	5	0.1	40	0.0000	0.0000	0.00	
16:33:14	5	0.1	40	0.0000	0.0000	0.00	
16:33:15	5	0.1	40	0.0000	0.0000	0.00	
16:33:16	5	0.1	40	0.0000	0.0000	0.00	
16:33:17	5	0.1	40	0.0000	0.0000	0.00	
16:33:18	5	0.1	40	0.0000	0.0000	0.00	
16:33:19	5	0.0	40	0.0000	0.0000	0.00	
16:33:20	5	0.0	40	0.0000	0.0000	0.00	
16:33:21	5	0.0	40	0.1000	0.0000	0.00	
16:33:22	5	0.0	40	0.1000	0.0000	0.00	
16:33:23	5	0.0	40	0.0000	0.0000	0.00	
16:33:24	5	0.0	40	0.0000	0.0000	0.00	
16:33:25	5	0.0	40	0.0000	0.0000	0.00	
16:33:26	5	0.0	40	0.0000	0.0000	0.00	
16:33:27	5	0.1	40	0.0000	0.0000	0.00	
16:33:28	5	0.1	40	0.0000	0.0000	0.00	
16:33:29	5	0.1	40	0.0000	0.0000	0.00	
16:33:30	5	0.1	40	0.0000	0.0000	0.00	
16:33:31	5	0.0	40	0.0000	0.0000	0.00	
16:33:32	5	0.1	40	0.0000	0.0000	0.00	
16:33:33	5	0.1	40	0.0000	0.0000	0.00	
16:33:34	5	0.1	40	0.0000	0.0000	0.00	
16:33:35	5	0.1	40	0.0000	0.0000	0.00	
16:33:36	5	0.1	40	0.0000	0.0000	0.00	
16:33:37	5	0.1	40	0.0000	0.0000	0.00	
16:33:38	5	0.1	40	0.0000	0.0000	0.00	
16:33:39	5	0.1	40	0.0000	0.0000	0.00	
16:33:40	5	0.1	40	0.0000	0.0000	0.00	
16:33:41	5	0.1	40	0.0000	0.0000	0.00	
16:33:42	5	0.1	40	0.0000	0.0000	0.00	
16:33:43	5	0.1	40	0.0000	0.0000	0.00	
16:33:44	5	0.1	40	0.0000	0.0000	0.00	
16:33:45	5	0.1	40	0.0000	0.0000	0.00	
16:33:46	5	0.1	40	0.0000	0.0000	0.00	
16:33:47	5	0.1	40	0.0000	0.0000	0.00	
16:33:48	5	0.1	40	0.0000	0.0000	0.00	
16:33:49	5	0.1	40	0.0000	0.0000	0.00	
16:33:50	5	0.1	40	0.0000	0.0000	0.00	
16:33:51	5	0.2	40	0.0000	0.0000	0.00	
16:33:52	5	0.1	40	0.0000	0.0000	0.00	
16:33:53	5	0.1	40	0.0000	0.0000	0.00	
16:33:54	5	0.1	40	0.0000	0.0000	0.00	
16:33:55	5	0.1	40	0.0000	0.0000	0.00	
16:33:56	5	0.2	40	0.0000	0.0000	0.00	
16:33:57	5	0.2	40	0.0000	0.0000	0.00	
16:33:58	5	0.1	40	0.0000	0.0000	0.00	
16:33:59	5	0.1	40	0.0000	0.0000	0.00	
16:34:00	5	0.1	40	0.0000	0.0000	0.00	
16:34:01	5	0.1	40	0.0000	0.0000	0.00	
16:34:02	5	0.1	40	0.0000	0.0000	0.00	
16:34:03	5	0.1	40	0.0000	0.0000	0.00	
16:34:04	5	0.1	40	0.0000	0.0000	0.00	
16:34:05	5	0.1	40	0.0000	0.0000	0.00	
16:34:06	5	0.1	40	0.0000	0.0000	0.00	
16:34:07	5	0.1	40	0.0000	0.0000	0.00	
16:34:08	5	0.1	40	0.0000	0.0000	0.00	
16:34:09	5	0.1	40	0.0000	0.0000	0.00	
16:34:10	5	0.1	40	0.0000	0.0000	0.00	
16:34:11	5	0.1	40	0.0000	0.0000	0.00	
16:34:12	5	0.1	40	0.0000	0.0000	0.00	
16:34:13	5	0.1	40	0.0000	0.0000	0.00	
16:34:14	5	0.1	40	0.0000	0.0000	0.00	
16:34:15	5	0.1	40	0.0000	0.0000	0.00	
16:34:16	5	0.1	40	0.0000	0.0000	0.00	
16:34:17	5	0.1	40	0.0000	0.0000	0.00	
16:34:18	5	0.1	40	0.0000	0.0000	0.00	
16:34:19	5	0.1	40	0.0000	0.0000	0.00	
16:34:20	5	0.1	40	0.0000	0.0000	0.00	
16:34:21	5	0.1	40	0.0000	0.0000	0.00	
16:34:22	5	0.1	40	0.0000	0.0000	0.00	
16:34:23	5	0.1	40	0.0000	0.0000	0.00	
16:34:24	5	0.1	40	0.0000	0.0000	0.00	
16:34:25	5	0.1	40	0.0000	0.0000	0.00	
16:34:26	5	0.1	40	0.0000	0.0000	0.00	
16:34:27	5	0.2	40	0.0000	0.0000	0.00	
16:34:28	5	0.1	40	0.0000	0.0000	0.00	
16:34:29	5	0.2	40	0.0000	0.0000	0.00	
16:34:30	5	0.2	40	0.0000	0.0000	0.00	
16:34:31	5	0.2	40	0.0000	0.0000	0.00	
16:34:32	5	0.2	40	0.0000	0.0000	0.00	
16:34:33	5	0.2	40	0.0000	0.0000	0.00	
16:34:34	5	0.2	40	0.0000	0.0000	0.00	
16:34:35	5	0.2	40	0.0000	0.0000	0.00	
16:34:36	5	0.2	40	0.0000	0.0000	0.00	
16:34:37	5	0.2	40	0.0000	0.0000	0.00	
16:34:38	5	0.2	40	0.0000	0.0000	0.00	
16:34:39	5	0.2	40	0.0000	0.0000	0.00	
16:34:40	5	0.2	40	0.0000	0.0000	0.00	
16:34:41	5	0.2	40	0.0000	0.0000	0.00	
16:34:42	5	0.2	40	0.0000	0.0000	0.00	
16:34:43	5	0.2	40	0.0000	0.0000	0.00	
16:34:44	5	0.2	40	0.0000	0.0000	0.00	
16:34:45	5	0.2	40	0.0000	0.0000	0.00	
16:34:46	5	0.2	40	0.0000	0.0000	0.00	
16:34:47	5	0.2	40	0.0000	0.0000	0.00	
16:34:48	5	0.2	40	0.0000	0.0000	0.00	
16:34:49	5	0.2	40	0.0000	0.0000	0.00	
16:34:50	5	0.2	40	0.0000	0.0000	0.00	
16:34:51	5	0.2	40	0.0000	0.0000	0.00	
16:34:52	5	0.2	40	0.0000	0.0000	0.00	
16:34:53	5	0.2	40	0.0000	0.0000	0.00	
16:34:54	5	0.2	40	0.0000	0.0000	0.00	
16:34:55	5	0.2	40	0.0000	0.0000	0.00	
16:34:56	5	0.2	40	0.0000	0.0000	0.00	
16:34:57	5	0.2	40	0.0000	0.0000	0.00	
16:34:58	5	0.2	40	0.0000	0.0000	0.00	
16:34:59	5	0.2	40	0.0000	0.0000	0.00	
16:35:00	5	0.2	40	0.0000	0.0000	0.00	
16:35:01	5	0.2	40	0.0000	0.0000	0.00	
16:35:02	5	0.2	40	0.0000	0.0000	0.00	
16:35:03	5	0.2	40	0.0000	0.0000	0.00	
16:35:04	5	0.2	40	0.0000	0.0000	0.00	
16:35:05	5	0.2	40	0.0000	0.0000	0.00	
16:35:06	5	0.2	40	0.0000	0.0000	0.00	
16:35:07	5	0.2	40	0.0000	0.0000	0.00	
16:35:08	5	0.2	40	0.0000	0.0000	0.00	
16:35:09	5	0.2	40	0.0000	0.0000	0.00	
16:35:10	5	0.2	40	0.0000	0.0000	0.00	
16:35:11	5	0.2	40	0.0000	0.0000	0.00	
16:35:12	5	0.2	40	0.0000	0.0000	0.00	
16:35:13	5	0.2	40	0.0000	0.0000	0.00	
16:35:14	5	0.2	40	0.0000	0.0000	0.00	
16:35:15	5	0.2	40	0.0000	0.0000	0.00	
16:35:16	5	0.2	40	0.0000	0.0000	0.00	
16:35:17	5	0.2	40	0.0000	0.0000	0.00	
16:35:18	5	0.2	40	0.0000	0.0000	0.00	
16:35:19	5	0.2	40	0.0000	0.0000	0.00	
16:35:20	5	0.2	40	0.0000	0.0000	0.00	
16:35:21	5	0.2	40	0.0000	0.0000	0.00	
16:35:22	5	0.2	40	0.0000	0.0000	0.00	
16:35:23	5	0.2	40	0.0000	0.0000	0.00	
16:35:24	5	0.2	40	0.0000	0.0000	0.00	
16:35:25	5	0.2	40	0.0000	0.0000	0.00	
16:35:26	5	0.2	40	0.0000	0.0000	0.00	
16:35:27	5	0.2	40	0.0000	0.0000	0.00	
16:35:28	5	0.2	40	0.0000	0.0000	0.00	
16:35:29	5	0.2	40	0.0000	0.0000	0.00	
16:35:30	5	0.2	40	0.0000	0.0000	0.00	
16:35:31	5	0.2	40	0.0000	0.0000	0.00	
16:35:32	5	0.2	40	0.0000	0.0000	0.00	
16:35:33	5	0.2	40	0.0000	0.0000	0.00	
16:35:34	5	0.2	40	0.0000	0.0000	0.00	
16:35:35	5	0.3	40	0.0000	0.0000	0.00	
16:35:36	5	0.2	40	0.0000	0.0000	0.00	
16:35:37	5	0.2	40	0.0000	0.0000	0.00	
16:35:38	5	0.2	40	0.0000	0.0000	0.00	
16:35:39	5	0.2	40	0.0000	0.0000	0.00	
16:35:40	5	0.2	40	0.0000	0.0000	0.00	
16:35:41	5	0.2	40	0.0000	0.0000	0.00	
16:35:42	5	0.3	40	0.0000	0.0000	0.00	
16:35:43	5	0.2	40	0.0000	0.0000	0.00	
16:35:44	5	0.3	40	0.0000	0.0000	0.00	
16:35:45	5	0.2	40	0.0000	0.0000	0.00	
16:35:46	5	0.2	40	0.0000	0.0000	0.00	
16:35:47	5	0.3	40	0.0000	0.0000	0.00	
16:35:48	5	0.2	40	0.0000	0.0000	0.00	
16:35:49	5	0.2	40	0.0000	0.0000	0.00	
16:35:50	5	0.2	40	0.0000	0.0000	0.00	
16:35:51	5	0.2	40	0.0000	0.0000	0.00	
16:35:52	5	0.2	40	0.0000	0.0000	0.00	
16:35:53	5	0.2	40	0.0000	0.0000	0.00	
16:35:54	5	0.2	40	0.0000	0.0000	0.00	
16:35:55	5	0.2	40	0.0000	0.0000	0.00	
16:35:56	5	0.2	40	0.0000	0.0000	0.00	
16:35:57	5	0.2	40	0.0000	0.0000	0.00	
16:35:58	5	0.2	40	0.0000	0.0000	0.00	
16:35:59	5	0.2	40	0.0000	0.0000	0.00	
16:36:00	5	0.2	40	0.0000	0.0000	0.00	
16:36:01	5	0.2	40	0.0000	0.0000	0.00	
16:36:02	5	0.2	40	0.0000	0.0000	0.00	
16:36:03	5	0.2	40	0.0000	0.0000	0.00	
16:36:04	5	0.2	40	0.0000	0.0000	0.00	
16:36:05	5	0.2	40	0.0000	0.0000	0.00	
16:36:06	5	0.2	40	0.0000	0.0000	0.00	
16:36:07	5	0.2	40	0.0000	0.0000	0.00	
16:36:08	5	0.2	40	0.0000	0.0000	0.00	
16:36:09	5	0.2	40	0.0000	0.0000	0.00	
16:36:10	5	0.2	40	0.0000	0.0000	0.00	
16:36:11	5	0.2	40	0.0000	0.0000	0.00	
16:36:12	5	0.2	40	0.0000	0.0000	0.00	
16:36:13	5	0.2	40	0.0000	0.0000	0.00	
16:36:14	5	0.2	40	0.0000	0.0000	0.00	
16:36:15	5	0.2	40	0.0000	0.0000	0.00	
16:36:16	5	0.2	40	0.0000	0.0000	0.00	
16:36:17	5	0.2	40	0.0000	0.0000	0.00	
16:36:18	5	0.2	40	0.0000	0.0000	0.00	
16:36:19	5	0.2	40	0.0000	0.0000	0.00	
16:36:20	5	0.2	40	0.0000	0.0000	0.00	
16:36:21	5	0.2	40	0.0000	0.0000	0.00	
16:36:22	5	0.2	40	0.0000	0.0000	0.00	
