0
99
140
173
200
225
247
267
287
305
322
338
354
369
383
398
411
424
437
450
462
474
486
497
509
520
530
541
552
562
572
582
592
602
611
621
630
639
648
657
666
675
683
692
700
709
717
725
733
742
749
757
765
773
781
788
796
803
811
818
826
833
840
847
854
862
869
876
883
889
896
903
910
916
923
930
936
943
949
956
962
969
975
981
988
994
1000
1006
1012
1018
1025
1031
1037
1043
1049
1055
1060
1066
1072
1078
1084
1090
1095
1101
1107
1112
1118
1124
1129
1135
1140
1146
1151
1157
1162
1168
1173
1178
1184
1189
1194
1200
1205
1210
1215
1221
1226
1231
1236
1241
1247
1252
1257
1262
1267
1272
1277
1282
1287
1292
1297
1302
1307
1312
1316
1321
1326
1331
1336
1341
1345
1350
1355
1360
1364
1369
1374
1378
1383
1388
1392
1397
1402
1406
1411
1415
1420
1425
1429
1434
1438
1443
1447
1452
1456
1461
1465
1469
1474
1478
1483
1487
1491
1496
1500
1504
1509
1513
1517
1522
1526
1530
1534
1539
1543
1547
1551
1556
1560
1564
1568
1572
1576
1581
1585
1589
1593
1597
1601
1605
1609
1613
1618
1622
1626
1630
1634
1638
1642
1646
1650
1654
1658
1662
1666
1670
1673
1677
1681
1685
1689
1693
1697
1701
1705
1709
1712
1716
1720
1724
1728
1732
1735
1739
1743
1747
1751
1754
1758
1762
1766
1769
1773
1777
1781
1784
1788
1792
1795
1799
1803
1806
1810
1814
1817
1821
1825
1828
1832
1836
1839
1843
1846
1850
1854
1857
1861
1864
1868
1871
1875
1878
1882
1886
1889
1893
1896
1900
1903
1907
1910
1914
1917
1921
1924
1927
1931
1934
1938
1941
1945
1948
1952
1955
1958
1962
1965
1969
1972
1975
1979
1982
1985
1989
1992
1996
1999
2002
2006
2009
2012
2016
2019
2022
2025
2029
2032
2035
2039
2042
2045
2048
2052
2055
2058
2061
2065
2068
2071
2074
2078
2081
2084
2087
2091
2094
2097
2100
2103
2106
2110
2113
2116
2119
2122
2126
2129
2132
2135
2138
2141
2144
2148
2151
2154
2157
2160
2163
2166
2169
2172
2175
2179
2182
2185
2188
2191
2194
2197
2200
2203
2206
2209
2212
2215
2218
2221
2224
2227
2230
2233
2236
2239
2242
2245
2248
2251
2254
2257
2260
2263
2266
2269
2272
2275
2278
2281
2284
2287
2290
2293
2296
2299
2302
2305
2308
2311
2313
2316
2319
2322
2325
2328
2331
2334
2337
2340
2342
2345
2348
2351
2354
2357
2360
2362
2365
2368
2371
2374
2377
2380
2382
2385
2388
2391
2394
2397
2399
2402
2405
2408
2411
2413
2416
2419
2422
2425
2427
2430
2433
2436
2438
2441
2444
2447
2450
2452
2455
2458
2461
2463
2466
2469
2472
2474
2477
2480
2482
2485
2488
2491
2493
2496
2499
2501
2504
2507
2510
2512
2515
2518
2520
2523
2526
2528
2531
2534
2536
2539
2542
2544
2547
2550
2552
2555
2558
2560
2563
2566
2568
2571
2574
2576
2579
2581
2584
2587
2589
2592
2594
2597
2600
2602
2605
2608
2610
2613
2615
2618
2620
2623
2626
2628
2631
2633
2636
2639
2641
2644
2646
2649
2651
2654
2656
2659
2662
2664
2667
2669
2672
2674
2677
2679
2682
2684
2687
2689
2692
2695
2697
2700
2702
2705
2707
2710
2712
2715
2717
2720
2722
2725
2727
2730
2732
2735
2737
2740
2742
2744
2747
2749
2752
2754
2757
2759
2762
2764
2767
2769
2772
2774
2776
2779
2781
2784
2786
2789
2791
2794
2796
2798
2801
2803
2806
2808
2811
2813
2815
2818
2820
2823
2825
2827
2830
2832
2835
2837
2839
2842
2844
2847
2849
2851
2854
2856
2859
2861
2863
2866
2868
2870
2873
2875
2878
2880
2882
2885
2887
2889
2892
2894
2896
2899
2901
2903
2906
2908
2910
2913
2915
2917
2920
2922
2924
2927
2929
2931
2934
2936
2938
2941
2943
2945
2948
2950
2952
2955
2957
2959
2961
2964
2966
2968
2971
2973
2975
2978
2980
2982
2984
2987
2989
2991
2994
2996
2998
3000
3003
3005
3007
3009
3012
3014
3016
3018
3021
3023
3025
3028
3030
3032
3034
3037
3039
3041
3043
3045
3048
3050
3052
3054
3057
3059
3061
3063
3066
3068
3070
3072
3074
3077
3079
3081
3083
3086
3088
3090
3092
3094
3097
3099
3101
3103
3105
3108
3110
3112
3114
3116
3119
3121
3123
3125
3127
3130
3132
3134
3136
3138
3140
3143
3145
3147
3149
3151
3153
3156
3158
3160
3162
3164
3166
3169
3171
3173
3175
3177
3179
3182
3184
3186
3188
3190
3192
3194
3197
3199
3201
3203
3205
3207
3209
3212
3214
3216
3218
3220
3222
3224
3226
3229
3231
3233
3235
3237
3239
3241
3243
3245
3248
3250
3252
3254
3256
3258
3260
3262
3264
3267
3269
3271
3273
3275
3277
3279
3281
3283
3285
3287
3290
3292
3294
3296
3298
3300
3302
3304
3306
3308
3310
3312
3314
3317
3319
3321
3323
3325
3327
3329
3331
3333
3335
3337
3339
3341
3343
3345
3347
3349
3352
3354
3356
3358
3360
3362
3364
3366
3368
3370
3372
3374
3376
3378
3380
3382
3384
3386
3388
3390
3392
3394
3396
3398
3400
3402
3404
3406
3409
3411
3413
3415
3417
3419
3421
3423
3425
3427
3429
3431
3433
3435
3437
3439
3441
3443
3445
3447
3449
3451
3453
3455
3457
3459
3461
3463
3465
3467
3469
3471
3473
3475
3477
3479
3481
3483
3485
3486
3488
3490
3492
3494
3496
3498
3500
3502
3504
3506
3508
3510
3512
3514
3516
3518
3520
3522
3524
3526
3528
3530
3532
3534
3536
3538
3540
3542
3543
3545
3547
3549
3551
3553
3555
3557
3559
3561
3563
3565
3567
3569
3571
3573
3575
3577
3578
3580
3582
3584
3586
3588
3590
3592
3594
3596
3598
3600
3602
3604
3606
3607
3609
3611
3613
3615
3617
3619
3621
3623
3625
3627
3629
3630
3632
3634
3636
3638
3640
3642
3644
3646
3648
3650
3651
3653
3655
3657
3659
3661
3663
3665
3667
3669
3670
3672
3674
3676
3678
3680
3682
3684
3686
3687
3689
3691
3693
3695
3697
3699
3701
3703
3704
3706
3708
3710
3712
3714
3716
3718
3719
3721
3723
3725
3727
3729
3731
3733
3734
3736
3738
3740
3742
3744
3746
3748
3749
3751
3753
3755
3757
3759
3761
3762
3764
3766
3768
3770
3772
3774
3775
3777
3779
3781
3783
3785
3787
3788
3790
3792
3794
3796
3798
3800
3801
3803
3805
3807
3809
3811
3812
3814
3816
3818
3820
3822
3823
3825
3827
3829
3831
3833
3835
3836
3838
3840
3842
3844
3846
3847
3849
3851
3853
3855
3856
3858
3860
3862
3864
3866
3867
3869
3871
3873
3875
3877
3878
3880
3882
3884
3886
3887
3889
3891
3893
3895
3897
3898
3900
3902
3904
3906
3907
3909
3911
3913
3915
3916
3918
3920
3922
3924
3925
3927
3929
3931
3933
3935
3936
3938
3940
3942
3944
3945
3947
3949
3951
3953
3954
3956
3958
3960
3961
3963
3965
3967
3969
3970
3972
3974
3976
3978
3979
3981
3983
3985
3987
3988
3990
3992
3994
3995
3997
3999
4001
4003
4004
4006
4008
4010
4012
4013
4015
4017
4019
4020
4022
4024
4026
4028
4029
4031
4033
4035
4036
4038
4040
4042
4044
4045
4047
4049
4051
4052
4054
4056
4058
4059
4061
4063
4065
4067
4068
4070
4072
4074
4075
4077
4079
4081
4082
4084
4086
4088
4089
4091
4093
4095
4097
4098
4100
4102
4104
4105
4107
4109
4111
4112
4114
4116
4118
4119
4121
4123
4125
4126
4128
4130
4132
4133
4135
4137
4139
4140
4142
4144
4146
4147
4149
4151
4153
4154
4156
4158
4160
4161
4163
4165
4167
4168
4170
4172
4174
4175
4177
4179
4181
4182
4184
4186
4188
4189
4191
4193
4195
4196
4198
4200
4202
4203
4205
4207
4208
4210
4212
4214
4215
4217
4219
4221
4222
4224
4226
4228
4229
4231
4233
4235
4236
4238
4240
4241
4243
4245
4247
4248
4250
4252
4254
4255
4257
4259
4261
4262
4264
4266
4267
4269
4271
4273
4274
4276
4278
4280
4281
4283
4285
4286
4288
4290
4292
4293
4295
4297
4299
4300
4302
4304
4305
4307
4309
4311
4312
4314
4316
4318
4319
4321
4323
4324
4326
4328
4330
4331
4333
4335
4336
4338
4340
4342
4343
4345
4347
4348
4350
4352
4354
4355
4357
4359
4361
4362
4364
4366
4367
4369
4371
4373
4374
4376
4378
4379
4381
4383
4385
4386
4388
4390
4391
4393
4395
4397
4398
4400
4402
4403
4405
4407
4409
4410
4412
4414
4415
4417
4419
4421
4422
4424
4426
4427
4429
4431
4433
4434
4436
4438
4439
4441
4443
4445
4446
4448
4450
4451
4453
4455
4457
4458
4460
4462
4463
4465
4467
4469
4470
4472
4474
4475
4477
4479
4481
4482
4484
4486
4487
4489
4491
4493
4494
4496
4498
4499
4501
4503
4505
4506
4508
4510
4511
4513
4515
4517
4518
4520
4522
4523
4525
4527
4529
4530
4532
4534
4535
4537
4539
4541
4542
4544
4546
4547
4549
4551
4552
4554
4556
4558
4559
4561
4563
4564
4566
4568
4570
4571
4573
4575
4576
4578
4580
4582
4583
4585
4587
4588
4590
4592
4594
4595
4597
4599
4600
4602
4604
4606
4607
4609
4611
4612
4614
4616
4618
4619
4621
4623
4624
4626
4628
4630
4631
4633
4635
4636
4638
4640
4642
4643
4645
4647
4648
4650
4652
4654
4655
4657
4659
4660
4662
4664
4666
4667
4669
4671
4673
4674
4676
4678
4679
4681
4683
4685
4686
4688
4690
4691
4693
4695
4697
4698
4700
4702
4703
4705
4707
4709
4710
4712
4714
4716
4717
4719
4721
4722
4724
4726
4728
4729
4731
4733
4734
4736
4738
4740
4741
4743
4745
4747
4748
4750
4752
4753
4755
4757
4759
4760
4762
4764
4766
4767
4769
4771
4772
4774
4776
4778
4779
4781
4783
4785
4786
4788
4790
4792
4793
4795
4797
4798
4800
4802
4804
4805
4807
4809
4811
4812
4814
4816
4818
4819
4821
4823
4825
4826
4828
4830
4831
4833
4835
4837
4838
4840
4842
4844
4845
4847
4849
4851
4852
4854
4856
4858
4859
4861
4863
4865
4866
4868
4870
4872
4873
4875
4877
4879
4880
4882
4884
4886
4887
4889
4891
4893
4894
4896
4898
4900
4901
4903
4905
4907
4908
4910
4912
4914
4915
4917
4919
4921
4922
4924
4926
4928
4930
4931
4933
4935
4937
4938
4940
4942
4944
4945
4947
4949
4951
4952
4954
4956
4958
4960
4961
4963
4965
4967
4968
4970
4972
4974
4975
4977
4979
4981
4983
4984
4986
4988
4990
4991
4993
4995
4997
4999
5000
5002
5004
5006
5007
5009
5011
5013
5015
5016
5018
5020
5022
5024
5025
5027
5029
5031
5033
5034
5036
5038
5040
5041
5043
5045
5047
5049
5050
5052
5054
5056
5058
5059
5061
5063
5065
5067
5068
5070
5072
5074
5076
5077
5079
5081
5083
5085
5087
5088
5090
5092
5094
5096
5097
5099
5101
5103
5105
5106
5108
5110
5112
5114
5116
5117
5119
5121
5123
5125
5126
5128
5130
5132
5134
5136
5137
5139
5141
5143
5145
5147
5148
5150
5152
5154
5156
5158
5159
5161
5163
5165
5167
5169
5170
5172
5174
5176
5178
5180
5182
5183
5185
5187
5189
5191
5193
5194
5196
5198
5200
5202
5204
5206
5207
5209
5211
5213
5215
5217
5219
5220
5222
5224
5226
5228
5230
5232
5234
5235
5237
5239
5241
5243
5245
5247
5249
5250
5252
5254
5256
5258
5260
5262
5264
5265
5267
5269
5271
5273
5275
5277
5279
5281
5282
5284
5286
5288
5290
5292
5294
5296
5298
5300
5301
5303
5305
5307
5309
5311
5313
5315
5317
5319
5320
5322
5324
5326
5328
5330
5332
5334
5336
5338
5340
5342
5343
5345
5347
5349
5351
5353
5355
5357
5359
5361
5363
5365
5367
5369
5371
5372
5374
5376
5378
5380
5382
5384
5386
5388
5390
5392
5394
5396
5398
5400
5402
5404
5406
5408
5409
5411
5413
5415
5417
5419
5421
5423
5425
5427
5429
5431
5433
5435
5437
5439
5441
5443
5445
5447
5449
5451
5453
5455
5457
5459
5461
5463
5465
5467
5469
5471
5473
5475
5477
5479
5481
5483
5485
5487
5489
5491
5493
5495
5497
5499
5501
5503
5505
5507
5509
5511
5513
5515
5517
5519
5521
5523
5525
5527
5529
5531
5533
5535
5537
5539
5541
5543
5546
5548
5550
5552
5554
5556
5558
5560
5562
5564
5566
5568
5570
5572
5574
5576
5578
5580
5583
5585
5587
5589
5591
5593
5595
5597
5599
5601
5603
5605
5607
5610
5612
5614
5616
5618
5620
5622
5624
5626
5628
5630
5633
5635
5637
5639
5641
5643
5645
5647
5649
5652
5654
5656
5658
5660
5662
5664
5666
5669
5671
5673
5675
5677
5679
5681
5684
5686
5688
5690
5692
5694
5696
5699
5701
5703
5705
5707
5709
5711
5714
5716
5718
5720
5722
5724
5727
5729
5731
5733
5735
5738
5740
5742
5744
5746
5748
5751
5753
5755
5757
5759
5762
5764
5766
5768
5770
5773
5775
5777
5779
5782
5784
5786
5788
5790
5793
5795
5797
5799
5802
5804
5806
5808
5811
5813
5815
5817
5819
5822
5824
5826
5829
5831
5833
5835
5838
5840
5842
5844
5847
5849
5851
5853
5856
5858
5860
5863
5865
5867
5869
5872
5874
5876
5879
5881
5883
5886
5888
5890
5892
5895
5897
5899
5902
5904
5906
5909
5911
5913
5916
5918
5920
5923
5925
5927
5930
5932
5934
5937
5939
5941
5944
5946
5948
5951
5953
5956
5958
5960
5963
5965
5967
5970
5972
5975
5977
5979
5982
5984
5987
5989
5991
5994
5996
5999
6001
6003
6006
6008
6011
6013
6015
6018
6020
6023
6025
6028
6030
6032
6035
6037
6040
6042
6045
6047
6050
6052
6054
6057
6059
6062
6064
6067
6069
6072
6074
6077
6079
6082
6084
6087
6089
6092
6094
6097
6099
6102
6104
6107
6109
6112
6114
6117
6119
6122
6124
6127
6129
6132
6134
6137
6139
6142
6145
6147
6150
6152
6155
6157
6160
6162
6165
6168
6170
6173
6175
6178
6180
6183
6186
6188
6191
6193
6196
6199
6201
6204
6206
6209
6212
6214
6217
6220
6222
6225
6227
6230
6233
6235
6238
6241
6243
6246
6249
6251
6254
6257
6259
6262
6265
6267
6270
6273
6275
6278
6281
6283
6286
6289
6291
6294
6297
6300
6302
6305
6308
6310
6313
6316
6319
6321
6324
6327
6329
6332
6335
6338
6340
6343
6346
6349
6352
6354
6357
6360
6363
6365
6368
6371
6374
6377
6379
6382
6385
6388
6391
6393
6396
6399
6402
6405
6407
6410
6413
6416
6419
6422
6424
6427
6430
6433
6436
6439
6442
6444
6447
6450
6453
6456
6459
6462
6465
6468
6470
6473
6476
6479
6482
6485
6488
6491
6494
6497
6500
6503
6505
6508
6511
6514
6517
6520
6523
6526
6529
6532
6535
6538
6541
6544
6547
6550
6553
6556
6559
6562
6565
6568
6571
6574
6577
6580
6583
6586
6589
6592
6595
6598
6601
6604
6607
6610
6614
6617
6620
6623
6626
6629
6632
6635
6638
6641
6644
6648
6651
6654
6657
6660
6663
6666
6669
6673
6676
6679
6682
6685
6688
6691
6695
6698
6701
6704
6707
6710
6714
6717
6720
6723
6726
6730
6733
6736
6739
6743
6746
6749
6752
6755
6759
6762
6765
6768
6772
6775
6778
6782
6785
6788
6791
6795
6798
6801
6805
6808
6811
6814
6818
6821
6824
6828
6831
6834
6838
6841
6844
6848
6851
6855
6858
6861
6865
6868
6871
6875
6878
6882
6885
6888
6892
6895
6899
6902
6906
6909
6912
6916
6919
6923
6926
6930
6933
6937
6940
6944
6947
6951
6954
6958
6961
6965
6968
6972
6975
6979
6982
6986
6989
6993
6996
7000
7003
7007
7011
7014
7018
7021
7025
7029
7032
7036
7039
7043
7047
7050
7054
7057
7061
7065
7068
7072
7076
7079
7083
7087
7090
7094
7098
7101
7105
7109
7113
7116
7120
7124
7127
7131
7135
7139
7142
7146
7150
7154
7157
7161
7165
7169
7172
7176
7180
7184
7188
7192
7195
7199
7203
7207
7211
7214
7218
7222
7226
7230
7234
7238
7242
7245
7249
7253
7257
7261
7265
7269
7273
7277
7281
7285
7289
7293
7296
7300
7304
7308
7312
7316
7320
7324
7328
7332
7336
7340
7344
7348
7353
7357
7361
7365
7369
7373
7377
7381
7385
7389
7393
7397
7401
7406
7410
7414
7418
7422
7426
7430
7434
7439
7443
7447
7451
7455
7460
7464
7468
7472
7476
7481
7485
7489
7493
7498
7502
7506
7510
7515
7519
7523
7527
7532
7536
7540
7545
7549
7553
7558
7562
7566
7571
7575
7579
7584
7588
7593
7597
7601
7606
7610
7615
7619
7623
7628
7632
7637
7641
7646
7650
7655
7659
7664
7668
7673
7677
7682
7686
7691
7695
7700
7704
7709
7713
7718
7722
7727
7732
7736
7741
7745
7750
7755
7759
7764
7769
7773
7778
7783
7787
7792
7797
7801
7806
7811
7815
7820
7825
7830
7834
7839
7844
7849
7853
7858
7863
7868
7873
7877
7882
7887
7892
7897
7901
7906
7911
7916
7921
7926
7931
7936
7940
7945
7950
7955
7960
7965
7970
7975
7980
7985
7990
7995
8000
8005
8010
8015
8020
8025
8030
8035
8040
8045
8050
8055
8060
8066
8071
8076
8081
8086
8091
8096
8101
8107
8112
8117
8122
8127
8132
8138
8143
8148
8153
8159
8164
8169
8174
8180
8185
8190
8195
8201
8206
8211
8217
8222
8227
8233
8238
8244
8249
8254
8260
8265
8270
8276
8281
8287
8292
8298
8303
8309
8314
8320
8325
8331
8336
8342
8347
8353
8358
8364
8369
8375
8381
8386
8392
8397
8403
8409
8414
8420
8426
8431
8437
8443
8448
8454
8460
8465
8471
8477
8483
8488
8494
8500
8506
8511
8517
8523
8529
8535
8541
8546
8552
8558
8564
8570
8576
8582
8588
8594
8600
8605
8611
8617
8623
8629
8635
8641
8647
8653
8659
8665
8671
8678
8684
8690
8696
8702
8708
8714
8720
8726
8733
8739
8745
8751
8757
8763
8770
8776
8782
8788
8795
8801
8807
8813
8820
8826
8832
8839
8845
8851
8858
8864
8870
8877
8883
8890
8896
8902
8909
8915
8922
8928
8935
8941
8948
8954
8961
8967
8974
8980
8987
8993
9000
9007
9013
9020
9026
9033
9040
9046
9053
9060
9066
9073
9080
9087
9093
9100
9107
9114
9120
9127
9134
9141
9148
9155
9161
9168
9175
9182
9189
9196
9203
9210
9217
9224
9231
9238
9244
9251
9259
9266
9273
9280
9287
9294
9301
9308
9315
9322
9329
9336
9344
9351
9358
9365
9372
9380
9387
9394
9401
9409
9416
9423
9430
9438
9445
9452
9460
9467
9474
9482
9489
9497
9504
9511
9519
9526
9534
9541
9549
9556
9564
9571
9579
9587
9594
9602
9609
9617
9625
9632
9640
9647
9655
9663
9671
9678
9686
9694
9702
9709
9717
9725
9733
9740
9748
9756
9764
9772
9780
9788
9796
9804
9811
9819
9827
9835
9843
9851
9859
9867
9876
9884
9892
9900
9908
9916
9924
9932
9940
9949
9957
9965
9973
9981
9990
9998
10006
10015
10023
10031
10039
10048
10056
10065
10073
10081
10090
10098
10107
10115
10124
10132
10141
10149
10158
10166
10175
10183
10192
10201
10209
10218
10226
10235
10244
10253
10261
10270
10279
10287
10296
10305
10314
10323
10331
10340
10349
10358
10367
10376
10385
10394
10403
10412
10421
10430
10439
10448
10457
10466
10475
10484
10493
10502
10511
10521
10530
10539
10548
10557
10567
10576
10585
10594
10604
10613
10622
10632
10641
10651
10660
10669
10679
10688
10698
10707
10717
10726
10736
10745
10755
10764
10774
10784
10793
10803
10813
10822
10832
10842
10852
10861
10871
10881
10891
10900
10910
10920
10930
10940
10950
10960
10970
10980
10990
11000
11010
11020
11030
11040
11050
11060
11070
11080
11090
11101
11111
11121
11131
11141
11152
11162
11172
11183
11193
11203
11214
11224
11235
11245
11255
11266
11276
11287
11297
11308
11318
11329
11340
11350
11361
11372
11382
11393
11404
11414
11425
11436
11447
11457
11468
11479
11490
11501
11512
11523
11534
11545
11556
11567
11578
11589
11600
11611
11622
11633
11644
11655
11666
11678
11689
11700
11711
11723
11734
11745
11757
11768
11779
11791
11802
11814
11825
11836
11848
11860
11871
11883
11894
11906
11917
11929
11941
11952
11964
11976
11988
11999
12011
12023
12035
12047
12059
12070
12082
12094
12106
12118
12130
12142
12154
12166
12178
12191
12203
12215
12227
12239
12251
12264
12276
12288
12301
12313
12325
12338
12350
12362
12375
12387
12400
12412
12425
12437
12450
12463
12475
12488
12501
12513
12526
12539
12551
12564
12577
12590
12603
12616
12628
12641
12654
12667
12680
12693
12706
12719
12732
12746
12759
12772
12785
12798
12811
12825
12838
12851
12865
12878
12891
12905
12918
12932
12945
12959
12972
12986
12999
13013
13026
13040
13054
13067
13081
13095
13109
13122
13136
13150
13164
13178
13192
13206
13220
13234
13248
13262
13276
13290
13304
13318
13332
13346
13361
13375
13389
13403
13418
13432
13447
13461
13475
13490
13504
13519
13533
13548
13562
13577
13592
13606
13621
13636
13651
13665
13680
13695
13710
13725
13740
13755
13770
13785
13800
13815
13830
13845
13860
13875
13890
13905
13921
13936
13951
13967
13982
13997
14013
14028
14044
14059
14075
14090
14106
14121
14137
14153
14168
14184
14200
14216
14231
14247
14263
14279
14295
14311
14327
14343
14359
14375
14391
14407
14423
14440
14456
14472
14488
14505
14521
14537
14554
14570
14587
14603
14620
14636
14653
14669
14686
14703
14719
14736
14753
14770
14786
14803
14820
14837
14854
14871
14888
14905
14922
14939
14956
14974
14991
15008
15025
15043
15060
15077
15095
15112
15130
15147
15165
15182
15200
15217
15235
15253
15270
15288
15306
15324
15342
15359
15377
15395
15413
15431
15449
15467
15485
15504
15522
15540
15558
15577
15595
15613
15632
15650
15668
15687
15705
15724
15743
15761
15780
15799
15817
15836
15855
15874
15892
15911
15930
15949
15968
15987
16006
16025
16045
16064
16083
16102
16122
16141
16160
16180
16199
16219
16238
16258
16277
16297
16316
16336
16356
16376
16395
16415
16435
16455
16475
16495
16515
16535
16555
16575
16595
16615
16636
16656
16638
16620
16602
16584
16566
16548
16530
16512
16495
16477
16459
16441
16424
16406
16389
16371
16353
16336
16319
16301
16284
16266
16249
16232
16215
16197
16180
16163
16146
16129
16112
16095
16078
16061
16044
16027
16010
15993
15977
15960
15943
15927
15910
15893
15877
15860
15844
15827
15811
15794
15778
15762
15745
15729
15713
15697
15680
15664
15648
15632
15616
15600
15584
15568
15552
15536
15520
15504
15489
15473
15457
15441
15426
15410
15394
15379
15363
15348
15332
15317
15301
15286
15271
15255
15240
15225
15209
15194
15179
15164
15149
15134
15119
15103
15088
15073
15059
15044
15029
15014
14999
14984
14969
14955
14940
14925
14911
14896
14881
14867
14852
14838
14823
14809
14794
14780
14766
14751
14737
14723
14708
14694
14680
14666
14652
14638
14623
14609
14595
14581
14567
14553
14540
14526
14512
14498
14484
14470
14457
14443
14429
14415
14402
14388
14375
14361
14348
14334
14321
14307
14294
14280
14267
14254
14240
14227
14214
14200
14187
14174
14161
14148
14135
14121
14108
14095
14082
14069
14056
14044
14031
14018
14005
13992
13979
13966
13954
13941
13928
13916
13903
13890
13878
13865
13853
13840
13828
13815
13803
13790
13778
13766
13753
13741
13729
13716
13704
13692
13680
13667
13655
13643
13631
13619
13607
13595
13583
13571
13559
13547
13535
13523
13511
13500
13488
13476
13464
13452
13441
13429
13417
13406
13394
13382
13371
13359
13348
13336
13325
13313
13302
13290
13279
13268
13256
13245
13234
13222
13211
13200
13189
13178
13166
13155
13144
13133
13122
13111
13100
13089
13078
13067
13056
13045
13034
13023
13012
13002
12991
12980
12969
12958
12948
12937
12926
12916
12905
12894
12884
12873
12863
12852
12842
12831
12821
12810
12800
12789
12779
12769
12758
12748
12738
12728
12717
12707
12697
12687
12676
12666
12656
12646
12636
12626
12616
12606
12596
12586
12576
12566
12556
12546
12536
12526
12516
12507
12497
12487
12477
12468
12458
12448
12438
12429
12419
12409
12400
12390
12381
12371
12362
12352
12343
12333
12324
12314
12305
12295
12286
12277
12267
12258
12249
12239
12230
12221
12212
12202
12193
12184
12175
12166
12157
12148
12139
12129
12120
12111
12102
12093
12084
12076
12067
12058
12049
12040
12031
12022
12013
12005
11996
11987
11978
11970
11961
11952
11943
11935
11926
11918
11909
11900
11892
11883
11875
11866
11858
11849
11841
11832
11824
11815
11807
11799
11790
11782
11774
11765
11757
11749
11741
11732
11724
11716
11708
11699
11691
11683
11675
11667
11659
11651
11643
11635
11627
11619
11611
11603
11595
11587
11579
11571
11563
11555
11547
11539
11532
11524
11516
11508
11501
11493
11485
11477
11470
11462
11454
11447
11439
11431
11424
11416
11409
11401
11394
11386
11378
11371
11364
11356
11349
11341
11334
11326
11319
